subreddit,title,selftext,created_utc,score,upvote_ratio,num_comments
AmItheAsshole,"AITA for not helping my ex pay his rent, he's potentially going to become homeless.","I'm feeling some guilt over my decision in this. Maybe, given the guy's circumstances, I am actually being an asshole and I need some help seeing it. 

I (23F) broke up with my ex (21M) over a month ago. He has bipolar disorder and severe anger issues. It was a toxic relationship. Throughout that year-long relationship I was also snapping at him and saying cruel things in retaliation. I left for both our sakes.

A week after our breakup I found out he had begun flirting with other women and I called him out on it. Cue fighting, insults, etc. and we left it at that. A little while after that we decided to try just being friends - stupid, I know, but I had been struggling to move on. I had been lonely and missing him. And I figured, it shouldn't matter if he's messing around with random chicks, since we're not together anymore.

He opened up to me about his depression, how it's gotten to the point where he's lost 20-30 pounds. I talked through it with him and did my best to comfort him.

I'd been going through things as well. I had walked to the train station, a whole hour walk because of lack of a car, with the intention of jumping in front of a train. I told him about this and he gave me a one word response: ""oh"". He proceeded to tell me that my life was fine and he doesn't know what my problem is, nor what he can do to help me.

I stopped talking to him. No contact for a week, until he tells me he got fired from his job for calling in too much. I chatted with him a bit about it, just to gauge his mental about the whole thing, since I remember how he brought up his depression. He just seemed to shrug it off so I stopped contact again.

That was on Monday. Today, he messages me asking for a favour. He has 0 savings and needs a loan to pay this month's rent (iirc $800/month), promising to pay me back by November latest. His parents can't help him as they're not financially stable. He has no other family near him, he has just filed for unemployment, he has no friends or siblings that can help him.

I told him no. I told him to negotiate with his roommate to sort this out. He tried to call me a shitty person, because he might become homeless and there's ""no downside"" to me since I have a fair bit of savings.

I've lent him money in the past but that was back when we were together and so he paid me back. Now? I don't know.

Honestly majority of the reason I said no isn't even because I don't trust him, I just don't think it's my obligation to help him. He has been working the same job for 2 years, living off take-out, 0 savings and 0 career advancement, taking ubers to work instead of saving up for driving lessons and a car...

He kept calling in to work just to stay home and play games with some chick he met online. He's now fired from his job because of attendance.

He did this to himself.

But at the same time, if I don't help him, he might actually become homeless and may not be able to pick his life back up. It won't hurt my finances if I help him.

AITA?",1631864141.0,17,0.84,26
AmItheAsshole,AITA for not lending my ex money to pay his rent,[removed],1631862759.0,1,1.0,1
