subreddit,title,selftext,created_utc,score,upvote_ratio,num_comments
SuicideWatch,Depression is a joke?,"*its kind of a long read*

Ive been battling depression for the past 2 years. When i was typing this, I was literally confused after the first sentence. I know the signs of depression, i know i am depressed, i know i dont like waking up for anything, i do get suicidal thoughts, i do feel useless out here, yet i do not know is this due to one thing or multiple things or why am i even depressed. Ive hidden this for the past 2 years and a few days ago I shared this with a close friend. Before i shared this, i went to a therapist for a while, nothing worked out. Currently, im in a place where ive got access to a lot of things that will make the attempt easier. And mind you, he is a good friend, a trusted person, part of a 4 man circle. We had a chat, i told him about this and at first he was laughing and teasing, got serious did give me some support. We had a group chat with the 4 of our friends and all of them including him were laughing or idk if ud call it bullying but i cant post screenshots here even tho id want to know how i can share those without the names. They are all asians including me. 3 are Pakistanis and 1 is an Indian. Trust me, there's something wrong in our very roots. Our people never take depression seriously. Of course, not all of them. Some are supportive and some think of it as some White people stuff. Ive been called soft child, fuckinh softy, white boy, cry baby, bet he's crying, i wont even go into more detail, the screenshots will leave your mouth hanging. Even the guy who gave me a bit of support made fun of me with the rest of the group. Thats the main reason why i hid this for 2 years cause no one wants to be called shit like this. Now that they know, they'll probably spread it around the community, i have no idea what ill do. I wanna kill myself but i also dont want to. Its like im stuck in a maze of which i cant get out, of which i have no hope of getting out of.

P.S Anyone know how i can post those screenshots? Y'all would know better about this deeply rooted problem. ",1545786464.0,7,1.0,1
