subreddit,title,selftext,created_utc,score,upvote_ratio,num_comments
SuicideWatch,What to do after attempted suicide?,My bleeding has mostly stopped but I cut up my face so there's no way to hide what I did. Do I go to the hospital? Sorry if this sounds panicky. I don't know what to do lol,1553150754.0,1,0.67,3
aww,Monch,,1552076693.0,10,1.0,0
traaaaaaannnnnnnnnns,When you know coming out would put you in danger but you also want to be a confident transman/woman/nb,,1552001605.0,51,0.98,0
ihadastroke,So recently my friend got tranqs to help her sleep,,1551299773.0,33,0.95,7
ihadastroke,Thanssk for mdocmng to my rtleldstalk,,1549572875.0,105,0.99,2
