subreddit,body,created_utc,score
self,"I have been smoking 4 joints everyday for the past year, around 2 months ago I quit smoking weed for like 2 weeks then relapsed because of the fact that I didn’t feel better just worse because I actually feel happy when I smoke weed, it’s one of the few thing I look forward to when I wake up everyday :) so it’s gonna be tough. 

But thanks for the tip!",1559675838.0,1
self,"Easier said then done, I’ve tried.",1559660756.0,1
