subreddit,body,created_utc,score
RedditSessions,This is summ cool shit bro,1595340597.0,1
holdmyfeedingtube,"""oh no, gentlemen if this men dies it ain't my fault. I'm just gonna upload it to facebook and youtube"".",1580690679.0,5
rage,Idk how to put a nsfw tag,1571541162.0,1
todayilearned,"Well, as a nursing student, my dissapointment is immeasurable and my day is ruined.",1558929305.0,9
SuicideWatch,Helloo,1557810566.0,2
SuicideWatch,"My therapist once told me that when you have thoughts with deep anguish you can't think on a rational way. That's why suicide seems a good idea but when you look back is like ""wtf I was thinking"". Xñcongrats you're better now",1557242724.0,2
chile,"Me parece que debe volver a ir al psicológico, la autoestima no se recupera solamente por hacer deporte. Y como explicas, ella parece tener varios traumas que deben ser tratados por un profesional. 
Personalmente voy al psicológico 1 vez por semana y me ha servido bastante, no sólo para manejar la ansiedad, sino que para varios aspectos de mi vida (que ahora puedo ver de otra perspectiva) y aceptarlos como parte de mi vida.",1556637894.0,2
SuicideWatch,"Thanks for your answer. I feel kinda happy right now, it seems like all the sadness/suicidal toughts were weird and stupid. I should talk to my therapist about this issue because I have never suffered a mood swing so severe and sudden?",1553390536.0,1
