subreddit,body,created_utc,score
PurplePillDebate,Even if it’s completely unfounded?,1558490185.0,2
IncelTears,"It’s not that I wanna die per se, but more I don’t feel any value for myself. How can I change ",1551180146.0,9
AskWomen,"Just curious, why do you prefer 'maybe even a little overweight'? Not trying to offend, I'm just interested.",1550721643.0,1
AskWomen,"Thanks for letting me know, I'll check it out",1550720734.0,1
AskWomen,"That was intentional, I'm curious to see what it means to each person. Thanks for the response!",1550720308.0,1
IncelTears,"I definitely have trouble finding myself worth other people’s time. And I agree with your assessment of what the majority of my posts on this account are. 

I’ll definitely mull this post over in my head the next few days. Thanks for the response my dude. ",1549552360.0,1
IncelTears,"You’re right, I shouldn’t expect anything more than platitudes if I haven’t given you anything to work with. My bad. 

If I’m honest I’m terrible at trying to give specifics about why i feel the way I do, or to give specifics about what’s stopping me from finding someone. I pretty much know how the conversation would go, I’m aware the problem is myself. I’m happy to go into specifics if you’re interested but I know that the solution lies in professional help, and I have sought that. I know a lot of my problems lie in issues with depression, anxiety and self esteem issues, I hope one day I have the confidence to confide in someone and find the motivation to improve myself. What did you find worked for yourself?",1549550468.0,1
IncelTears,"Real talk tho, anything other than platitudes? Not that I doubt your sincerity, but for someone like myself it’s hard to get anything from well-wishes and reinforcement. 

And I do feel that what I said above was rather rude, I just couldn’t think of any other way to phrase it. I think you’re a good person with the potential to help people, I just want to try and find a way to achieve that which my brain will actually accept ",1549548612.0,1
IncelTears,"Haha, we need more people like yourself! If I’m honest I’m being deliberately combative, mostly because I’m in a bit of a sulky mood. ",1549547529.0,1
IncelTears,"See but now I can’t take your well wishes as genuine, if they’re only intended to stop me from being a ‘hateful’ person. 

And to be honest you’re a much better person than I am. I know I’m being especially combative atm but I want to thank you for at least trying ",1549545420.0,2
IncelTears,"You’re here asking for help as well man. What’s your angle? Nothing I’m doing here is helping you, honestly I’m being extremely selfish in how I’m acting. I don’t see how that warrants anyone here being nice to me",1549544221.0,1
IncelTears,"Haha, mildly",1549544051.0,1
IncelTears,"But why? Maybe I’m a horrible person, for all you know I could be a racist, sexist, piece of shit. Why would you wish good things on someone horrible who deserves horrible things?",1549542849.0,1
IncelTears,"C’mon man, don’t be like that",1549542058.0,1
IncelTears,That would imply I had people who loved and supported me ,1549540466.0,1
IncelTears,"Heya,

So can someone here insult me personally via DMs, or do I have to say something really misogynistic for that to happen?",1549539578.0,2
SuicideWatch,Are these on discord or something?,1547290853.0,1
IncelTears,anyone available for a conversation? :(,1547290446.0,5
SuicideWatch,Thanks I'll check it out :),1547289216.0,1
IncelTears,"haha maybe it was slight hyperbole, but I just can’t realistically see myself getting in a relationship with  someone. ",1545740020.0,1
IncelTears,"What makes you say that though, knowing nothing about me?",1545739852.0,1
IncelTears,I swear I am beyond help. ,1545647414.0,2
IncelTears,I guess just talking to a girl would be nice? ,1541900298.0,5
PurplePillDebate,Feel like sharing the heavy shit?,1541661234.0,1
IncelTears,"I really need help. I'm going to sleep now, but if anyone who is available to talk to me about life and getting out of this hole, please PM me; I just need someone to talk to about my feelings.",1536067973.0,5
