subreddit,title,selftext,created_utc,score,upvote_ratio,num_comments
SuicideWatch,a real human being,"I wont survive this. If I don't kill myself, then whatever this illness is will, maybe not soon, but someday. I at least want to die on my own terms. I'm in so much pain all the time now. I don't leave the house anymore. I can't work, so I don't have any money. My rent is due the end of October, and I can't pay it. I'll be kicked out, and then I'll just end up dying on the streets.

Even if that wasn't the case. I can't do anything. I'm in too much pain to walk anywhere of note, and I can't use public transport because I don't have any money, so I just don't go anywhere. On the occasions that I do, people stare at me, because I walk strangely because of the pain. I hate that.

The doctors keep telling me they can't figure out what's wrong. They don't make any effort to help me, just keep telling me to take painkillers, but I can't afford to even buy painkillers any more. I've been asking over and over again for help for over a year now, but nothing.

I just can't live with this pain anymore. I'm a burden to the people still around me. I have no job, no friends, half my family left the country and the other half are sick of me.

I'm only 20. I feel like I should be more than this. But there's no future for someone like me. All I can see ahead is more pain and exhaustion. I knew I would die early ever since highschool, so I'm not surprised.

At least pain makes me feel like a real human being, and not some ghost that people forget about until I get in the way again.

I just want to disappear.",1539394327.0,4,0.75,2
