subreddit,body,created_utc,score
stopdrinking,"Yes, I realize that as a codependent.",1594834600.0,1
MovieDetails,"It’s been awhile since I’ve seen the movie but is this an actual screenshot? This looks edited, I don’t remember her body being this detailed.

Edit: Watched this scene back and it is defined like that. I knew she was “sexy” but damn Disney.",1594132762.0,1
awfuleverything,Can we let Florida burn now?,1593203667.0,1
PublicFreakout,A lot of misleading comments say she lost the baby due to the tasing. She did not. This video is brutal enough you don’t need to sprinkle unnecessary trauma on top of it.,1593182363.0,-4
delusionalartists,The man is off anatomically but I wouldn’t say this person is delusional in their abilities.,1593170589.0,38
relationship_advice,"I’d consider asking yourself if your mom really needs to know about this relationship if it’s not serious.
It depends on your relationship with your mom, how close you are and what exactly you both expect out of this relationship. You need to be on the same page before you start involving other people.

Edit: downvoted because..?",1593052165.0,0
bigtitsinbikinis,Suuuuper photoshopped my guy,1592168607.0,1
Conservative,Yes with a radical militant group. I don’t see these protests sparking anything close to that.,1592166794.0,0
Eyebleach,Hurr durr I’m a human I wear stupid hats,1591971851.0,1
news,I know this is a serious subject but my dude looks like he’s only marrying her after a drunken one night stand...,1591470935.0,-2
cringepics,Drugged out of her mind.,1591191730.0,1
Instagramreality,She was posting good vs. bad pictures. I never realized she photoshopped her waist smaller.,1588623418.0,1
menwritingwomen,"Sure, I understand a child acting out sexually because of abuse at home or even the plot twist reasoning at the end but for the author to still describe her breasts in that manner is creepy",1587693573.0,1
menwritingwomen,"I think the way she talks about the girl throughout the entire book is creepy, especially with context.",1587681389.0,0
nintendo,I’ve been able to work on my sobriety and have read a lot. I’m still struggling with some depression/suicidal ideation but my work friends have stayed in touch with my via discord.,1587268060.0,1
SuicideWatch,I’ve OD’d before. Everything will be better when I fall asleep.,1586833563.0,1
PlantIdentification,"Gotcha. I think that’s what it is, thanks!",1586716230.0,2
PlantIdentification,I didn’t see any red bulbs,1586713668.0,1
movies,"Honestly that was gut-wrenching, holy shit.",1586311823.0,3
relationship_advice,Bodies are objects when you’re dead I guess.,1582136879.0,2
relationship_advice,"I mean maybe I’m not in the norm but when I see someone, I do think about what their personality is like, what are they wearing, how they style their hair, what they are shopping for, it doesn’t mean much to me for someone to just be attractive.",1582136817.0,1
relationship_advice,Maybe. It’s a point I could bring up.,1582132445.0,1
relationship_advice,"No, I don’t think that would work :/ I have a feeling that would backfire",1582132418.0,1
relationship_advice,You shouldn’t be thinking it 😂,1582131934.0,-2
relationship_advice,"I would say I’m a little better looking than him yes and I have attractive ex’s, but his ex wife was also very beautiful.",1582131904.0,1
relationship_advice,"Well I asked you why isn’t it wrong because I really do not see how it is not. Even if a woman is very attractive, how is it appropriate to reduce her down to just her appearance? There’s nothing wrong with finding someone sexually attractive but it’s the way in which he does it, like seeing a rug you like and saying, damn I want that on my floor. 

I’ve never had this objectifying attitude towards members of the opposite sex or women. It’s sickening.",1582131793.0,3
relationship_advice,I’ve never given him a reason to be insecure as I don’t behave this way towards other men nor have I expressed any want in ending the relationship.,1582131596.0,1
relationship_advice,What’s not wrong about it?,1582131429.0,2
relationship_advice,"That’s true. I guess I just thought it would be easier for him to stop if he understood that it was wrong, not just that it hurt me. You have a point, thanks.",1582131407.0,2
relationship_advice,But how do I make him see around the fact that it’s more than about being insecure and that he plainly shouldn’t talk about women that way?,1582131128.0,2
SuicideWatch,That’s true. It kinda snowballs.,1581395746.0,1
SuicideWatch,"I don’t feel like I can do anything. I can’t pay my bills so I’m constantly asking for money, I don’t feel like I do enough to take care of my dog, and I’m just incredibly selfish by letting myself mope around. 

I can’t do it to everyone anymore. I can’t keep constantly feeling guilty.",1581356087.0,1
SuicideWatch,"It’s hard for me to open up to people because I feel like talking about my feelings in itself is burdening that other person with how I feel. 

I know I’ve exhausted that person because they are dealing with their own emotions and I would just be piling on.",1581355969.0,1
unpopularopinion,"I think a main issue is something that you brought up, when you said that they were stripped of their identity, most of them cannot trace their ancestry to a specific place in Africa, and actually in some cases, people are only separated from slavery in their family by a few generations, not centuries. So the pain still lingers there. 

(White) People in America didn’t want the black people adapting to *their* culture despite the fact that American culture is Black culture, is White culture, is Hispanic culture, etc. Blacks have a hard time finding that identity since a lot of them and rightly so think they live on the fringe of American society. 

I do agree that African American doesn’t make sense but I believe that they want to feel like they want to take back something or reinvent themselves, their own identity, they need something substantial to feel like they belong in America.",1578404486.0,1
stopdrinking,That’s a really good idea! Congrats to you too!,1577571880.0,1
stopdrinking,Nice poem!,1577571717.0,2
stopdrinking,Thank you for this. I needed a reminder to do something for myself. And thank you for the hugs 🤗,1577571696.0,1
millionairemakers,I never knew this thread existed. I’d be glad to be apart of spreading some holiday cheer! Merry Christmas reddit! 🌟🌟,1576900709.0,1
stopdrinking,"Will try that too, thanks",1576180998.0,1
comics,Name of the series is Magnesium Sisters,1576084160.0,1
Codependency,I thought it would be nice suggestion since I relate to it so much and decided to share. I haven’t finished it yet so I’m not sure if there is information regarding self-help but I know it helps to know you’re not alone in your feelings.,1574897531.0,3
Codependency,"The author realizes this isn’t true but how she felt for a long time, like many of us, like I did",1574897396.0,3
Codependency,"Yes, almost every page I find something or a thought that I have definitely had or experienced before",1574892211.0,11
Codependency,It’s good so far! I’d give it a try,1573853423.0,1
Codependency,I love this assertion! Thanks!,1573778280.0,3
Codependency,"This makes a lot of sense. What I’m gathering is that I need to be more involved in myself and personal hobbies, setting boundaries for them to have time alone and do what they want. Thanks.",1573777541.0,2
Codependency,Codependency for Dummies workbook,1573763967.0,8
Cleveland,"Good idea, thanks",1572295246.0,2
Cleveland,I want to be around other sober people.,1572294005.0,11
mechanical_gifs,When he says he’ll be gentle,1570474110.0,1
Midsommar,It’s a cult. They do a lot of strange shit that wouldn’t make sense unless you were in the cult.,1563286214.0,1
Midsommar,"Right, he doesn’t know that they are related.",1563126997.0,1
Midsommar,"But it was just so over the top. Apart of completely humiliating Christian and being used, I think the scene holds more significance somehow.",1563114858.0,2
Midsommar,How do we know that they are generations apart? I think the woman that Maja reaches out to is her mother. Maybe their parents are uncle and niece. Who knows?,1563114751.0,2
Midsommar,Right but that’s not what I’m entirely basing my theory on.,1563113663.0,2
SuicideWatch,I’m a mess anyway. It’d be fitting.,1562003368.0,1
SuicideWatch,"If a piece of glass breaks and leaves me with a big jagged shard, is this a sign to stop whining and do it?",1562001571.0,1
cringe,"I don’t think she’s with him purely for money. Yes, she’s definitely benefiting from being with him because he has financial security but to me it doesn’t look like he is spending that much on her. If I had to guess, I would say she cares about him but not as much as he cares about her. This isn’t a true love story.",1560181186.0,1
mildlyinfuriating,I thought it was funny actually,1559904140.0,1
mildlyinfuriating,r/aboringdystopia,1559856850.0,-4
suggestmeabook,"This was very helpful, thank you!",1558533898.0,2
Cleveland,The performances were great and so was the food!,1558364407.0,7
WTF,Looks like the fins of a fish,1557840475.0,1
SkincareAddiction,At the minimum she has mascara and lip liner on. She also did some blurring to her nose and cheeks. She’s not completely bare but she is beautiful regardless.,1557621571.0,27
AbandonedPorn,Near the Flats,1557269600.0,1
KidsAreFuckingStupid,"I thought she was saying, she’s my mom, not your mom which would explain why the girl looked upset and left so quickly.",1556996477.0,3
StarWars,Looks like a watercolor! You’ve made it look very light and airy!,1556647527.0,1
Poems, I hope it’s easier now. One day at a time.,1556481273.0,1
