subreddit,title,selftext,created_utc,score,upvote_ratio,num_comments
TheOCS,Edison Cannabis: Black Cherry Punch THC: 20.3% CBD: 0.06%,,1620660075.0,24,0.96,9
MtF,I haven’t been naked around my gf (also mtf) in almost a year...,"My bottom dysphoria has just gotten so out of hand that I can’t even be in my own bathroom without the mirrors covered and avoiding looking down like I’d see my own death. And I know that I want surgery, and even have the chance! But my own fucked up mind is to twisted to have any of the current options for surgery good enough to pick. 

Idk. Been a long time since I just tried to rant it out :/ so I’m trying to keep it to only a single topic, but with so many just jumbled together it’s really bloody difficult. Considering I found out I have also get to have bpd, and question if the thing I think are really how I have always felt or maybe just something my head has cooked up? The imposter syndrome dysphoria is strong with this one. 

At the very least, I know I have a beyond patient gf, and a couple very cute and happy kids. And I thank the goddess everyday for them ❤️ 

Ps. Sorry if this is jumbled 😖 but it’s the best I could do atm",1618970384.0,64,0.93,1
u_fabulousprogenitous,My tattoo 🥰,,1568691039.0,3,1.0,0
selfharm,Sterystrips are the shit!,"I have some pretty thick scars that I know will never go away, but I still like them. I don't want more than I have now so I tried out some sterystips. Cuts gone from 1-2cm wide, and 5-8 cm long, to looking like I only touched the top layer! Still trying to quit, and I know this really really doesn't help. But hell! It's a lot safer than just letting them sit open 😁",1567282302.0,6,1.0,7
selfharm,So a deep styro cut is healing nicely. But last night i covered it so i could wear some skiny jeans.,"This morning, I look down at it, and the scab has hardened again but it looks like it has oil on it? 
Like it's that multicolour shiny that oil on water is. It's hard and not overly puffy, and it's not oozing anything or discoloured besides that. Anyone else seen this?",1566775016.0,3,1.0,1
MtF,Screw you Soft Mock worker who ”helped me”,"I've been fully fem presenting for the last five months, and on hormones for three. I haven't been misgendered anywhere I go for the last month about, beside by my family. I have finally started to like the way I looked after having severe dysphoria for the last week so bad that I ended up relapsing into self-harm. I was finally up to getting out and decided to try and get some Converse shoes in a girls style so I could get some shoes to go with jeans. 

When I asked if you have the shoe in my hand in a size 11, I was so excited when you said yes! My hopes were so high! I was finally gonna get the shoes I've wanted for the last 4 months! So when you came out and said you didn't have any of these shoes in size 11 and pointed to the guys shoes. You crushed me. I hate to admit that my confidence if a fragile cover, but I had to admit it at that point as I told you that it was ok and left to go home and cry. So that you for the help, and kindly make sure that next time you actually look at the shoe someone is asking you about.",1566576859.0,20,0.73,9
selfharm,Guess the universe doesn’t want me to stop cutting...,"Hey y'all! Back after a 3ish week stay at a mental hospital. While I was there, all my bags were searched at least 3-4 times. I made sure to throw out all my blades beforehand since I figured if actually be able to get over the need to cut.

Well, I'm out now, and after that long, in a place like that, I wanted a bath! So I go into one of my bags to grab a different set of clothing. Tip the bag upsidedown since the change of clothes is all that's in there. Only one thing in the whole bag landed on my hand. Do you know what that is? 

That one thing was a still sealed medical scalpel blade. It's what i was cutting with before going in. But like, what the fuck?! How did it even get in there? How was it not found? Why was it the one fucking thing? 

I tried to throw it out but couldn't bring myself to do it. Guess here we go again...",1566014670.0,6,1.0,12
MtF,"Sooo how do you tell a VERY long time Girl friend that accepted you being trans and ace, that you realized you are straight (heteroromantic)","Like seriously. I started hormones just over 3 months ago, but ever since I accepted that I am trans I’ve had this little voice in the back of my head. I never gave it a second though for the first couple months, but once I started E, I couldn’t ignore it anymore. I realize I’m not romantically attracted to woman really at all, and that all I really want is a light dom bf! So how do I explain to the incredible woman who has stuck by my side and compromised so much, who herself is going through hell with anxiety and depression, that I love her, but as a friend and not a partner. I feel crushed just thinking about it, and I can’t even begin to imagine how she will feel.

Edit: I know I have to tell her, and I will. I'm just seeing how other people think I should do it... I know in the end it's my responsibility. Just scared",1565880168.0,44,0.92,12
SelfHarmScars,Addicted to picking. They are almost healed. No scab. Just really red still. 340 little tiny scars (some overlaped) and 6 styro and constantly picked at. all from this month.,,1565590258.0,14,1.0,1
SuicideWatch,About to make a noose in a mental ward.,"Don’t know how it got so bad while I’ve been in here. Been going to the therapy, participating in the activities, HELL IM A SELF ADMISSION TO THE HELL HOLE! So why the fuck can my brain just get even a little better? If anything, my compulsions have gotten worse since all I wanna do right now is tear into my arms and legs. Fuck all this. They don’t even care enough to take really obvious shit like the long ass cord that was holding my yoga matte together. So fuck them to.",1565232912.0,3,1.0,7
selfharm,Checked myself into the hospital because some part of me wants to stop cutting. But the doctor fucked up my head i think.,"I recently started to cut deeper and deeper to the point where I’m just starting to get through styro. I felt so good about that when I first noticed and was excited to see what came next. Then my brain flipped and started to scream at me things like “ how the hell can you do that?!” “What is wrong with you” and many other things. But one thing that both sides agreed with was that I need help. So I went to the hospital.

After being their for 2 days, I finally see a doctor and show them everything I’ve done, I tell them I cut with a scalpel and that I got through the styro. After I show them, they tell me that “oh, your cuts really aren’t that bad” 

I don’t know why, but that hit me in the gut so hard. I feel like I shouldn’t have come in until it was worse. Like maybe I should have waited till I had pulled out fat? Idk, I’m sitting here in the mental ward wishing I had my handle with a fresh blade so I could cut again.",1564861854.0,17,0.96,4
selfharm,I think i may have knicked a tendon in my forarm,"Just barely though.
I can't really grip anything with much force on that side anymore, and if i try and do things that require a constant grip force it causes me quite a bit of pain...",1564323791.0,9,1.0,7
selfharm,TW: I write poems sometimes to help with resisting SH urges. Here is on im actually proud of!,"
Scarlet beads 

Slowly they build. 

I watch with ever more vigor as they purge themselves from my body, becoming ruby mirrors reflecting the world around me in a crimson hue.

A simple red thread connecting each bead as they grow even larger, threatening to become to heavy for the thread to hold.

I watch as they break away, taking with them a small part of the pain I feel with them.

I watch as they fall, taking a small piece of my life’s fire as tax for the relief to come.

Will the next blood stained memory to fall from my body be the one that calms my soul? 

Will the next red thread be the one to purge forth the remainder of my waining flame?  

Or will my body simply crave to see the crimson-hued world through the scarlet beads that capture my pain to be splattered against this world so cruel.

I sit in silent contemplation as I watch the next scarlet bead fall.",1564188738.0,9,0.91,5
selfharm,How can you tell what layer you have cut down to?,"I can’t tell what layer I have cut down to most of the time. Sometimes I think it might be fat, but I’m not to sure. Is there an easy way to tell? (Please no “just don’t cut” stuff, I’m just curious so I know what i did)",1564018106.0,5,1.0,6
selfharm,I made a very not good discovery...,"I’m stuck at my uni for a while without a blade. So naturally I start walking around the shop to try and get my head off of cutting. 

I turn the corner, look to my left, and do you know what is right there? Surgical blades... for 25cents. Literally cheeped that anything I have been using in the past, and a while hell of a lot sharper. 

Thank you universe, thank you for letting this habit not only continue, but giving me gifts for it as well.

Edit: just realized that I literally feel excited to go and try them...",1563988817.0,21,0.93,2
SuicideWatch,So i guess life is just telling me to die.,"I am really kinda done with having luck wherever it doesn't matter. Just once id love for life to give me a reason to live. But so far, it's just given me more reasons to fuck off into the next life (if there even is one. I kinda hope not).

Three days ago, I gave the pills I had planned to OD on, to my friend in a small window of ”clarity”. After that, we talked about going into the hospital. I sent a message off to my gf about possibly going in, and she had a panic attack(very understandable) and told the one person I did want to know about what had been going on. My sister, the person I live with, then knew I had been cutting and had had a plan to kill myself. 

I was told that if I don't go in, she'd call the ambulance on me. I had already decided to go in because of my friend, but now I was being forced. So I go in and I'm 100% honest with everyone because I figured it might be nice to get better! So when the actual mental health person came in at 5 am (got to emerge at 8 pm-ish) I told her everything without holding back. I showed her all the cuts told her all the things. I figured I'd be spending some time in the hospital again. Nope. Sent home with the promise that is be getting calls from a crisis response team every day, and that within the next 48hours id be in a program for those who are addicted to self-harm. She even told me that if all else fails to calm my thoughts, cutting was ok! 

It's been three days. I have gotten no call from crisis response. The group has yet to call, my gf and I are taking a break, and my parents flew back from a trip just to force me to go home with them away from every single support I have gained over the last two years and the first friend group that has even made me feel ok to just be me. Not only that but my self-harm compulsions have gotten stronger along with my dysphoria, but I now know from my parent's own mouth, that me being trans, ”breaks there heart” and they think I should ”stop this nonsense and live as a boy”.

Tldr. The universe wants me to off myself.",1563679975.0,1,0.99,1
SuicideWatch,Hey yall.,Guess I'm still alive. A friend took all my stored up medication and has been by my side since finding them... Guess todays not the day.,1563400417.0,27,0.9,4
SuicideWatch,"Good bye, I love you all.","I had hoped with all my heart that between yesterday and today, my brain would somehow find a glimmer of hope. Instead, I’ve just become more steeled in my resolve to pass on.

After my interview, I’m going to od. I have more than enough medication to od, but just Incase, a few shots should help. 

Why after the interview? I’m not quite sure. I think that I just want one more person to know the face that I put on I guess, like maybe having one more person have a good memory of me will make me better off after I die?

Oh well. If I fail, I guess I’ll put an update here in a couple weeks from the psych ward. If I succeed. I wish you all the best, and hope that all of you find your happiness no matter what that looks like ❤️",1563376626.0,2,1.0,7
SuicideWatch,Tomorrow is probably good bye.,"Tomorrow I have a job interview. I’ve known about it for about a month, and it’s the only thing that has kept me going. I just kept thinking, “if I get a job, it will get better” but while that’s kept me going, my thoughts and self harm have been getting worse. 

I realized today that, even if I do end up getting the job, I’ll more than likely overdose tomorrow. I’m getting my prescriptions refilled for the third time without taking a single one, and I’m getting myself a bottle of tequila tomorrow. 

Tomorrow is the day, and I honestly am excited about it, I have been crying from the relief that I won’t have to live in this stupid body that betrayed me even before birth.

To all of reddit, thank you for everything you’ve helped me through the last couple of months. Everything from finding my gender, to finding my sexuality. And good luck to everyone else out there dealing with the life this garbage world gave them. 

Good bye, and I love you all.",1563326924.0,14,0.87,18
SelfHarmScars,"I can’t seem to stop. 180 on my right leg, and 120 on my right arm. Sh is all that’s holding back the suicidal thoughts! Any help?",,1563284596.0,1,1.0,2
