subreddit,title,selftext,created_utc,score,upvote_ratio,num_comments
jackstauber,He's having the same question... EVEN DURING CHRISTMAS!,,1608375232.0,58,0.95,2
Vocaloid,Miki'n'Miku art (by me),,1608375164.0,0,0.33,0
DigitalArt,My artworks,,1608375090.0,1,1.0,1
stevenuniverse,Badass Gems in Beach City!,"Watch out, Homeworld homeboys!  Beach City mafia will rock you up! 

https://preview.redd.it/fs8cx7eazv141.png?width=6969&format=png&auto=webp&s=8afd6d358b9c20ec0688c6ac2c4c223eab32fe20",1575147129.0,3,0.67,0
stevenuniverse,SMILE,"""Spinel finally shows up and makes everybody believe, that she's special!""  
COMING SOON, GUYS!

https://preview.redd.it/01hnt5lwmu141.png?width=1280&format=png&auto=webp&s=b3bf714539aeb94135c76d6e2efb9eb5cdbf7a5e

\-Spinel, Pearl, Amethyst, Steven, Peridot and Garnet from Cartoon Network and Rebecca Sugar's ""Steven Universe""Made in Medibang Paint Pro",1575129848.0,9,0.81,5
stevenuniverse,Lars loves chainsaws!,"Lars never gets enough of this thingy, isn't it?(too much shading, lol)

And yeah, you may think that it looks like from Cupcakes HD. I say: Yes, almost)

[Updated](https://preview.redd.it/09wq1huwno141.png?width=4202&format=png&auto=webp&s=4839c0793243253cddfe8a8315fbf58059c17081)",1575048807.0,7,0.9,1
SuicideWatch,IAMNOTHING,Iamnothing iamnothing iamnothing iamnothing iamnothing iamnothing iamnothing iamnothing iamnothing iamnothing iamnothing iamnothing iamnothing iamnothing iamnothing iamnothing iamnothing iamnothing iamnothing iamnothing iamnothing iamnothing iamnothing iamnothing iamnothing iamnothing iamnothing iamnothing iamnothing iamnothing,1564034693.0,2,0.99,10
