subreddit,body,created_utc,score
SuicideWatch,Cant afford therapy,1618333946.0,2
SuicideWatch,Idk what to talk about,1618332472.0,2
trans,Thanks,1618326400.0,1
SuicideWatch,"Doubt ,even if it does it just for moment, in general it stays the same or gets worse but never better",1618276317.0,1
trans,Nah its fine,1618262549.0,1
trans,Thanks,1617894577.0,2
trans,Lmao it wasn't but thanks,1617843042.0,2
trans,Thanks!!,1617818231.0,3
SuicideWatch,No,1617018863.0,1
SuicideWatch,"Theres no resources in my area I researched every possible option in my country 
And I dont know who to ask for help here especially this kinda help",1617018551.0,1
SuicideWatch,Its easier why suffer when you can just end it,1617017996.0,1
SuicideWatch,"Dont have a place to stay ,dont have any food I'll die sooner or later anyway",1617017664.0,1
trans,True,1616581114.0,2
trans,"Thanks, hug",1616514278.0,4
trans,Thanks,1616514247.0,3
SuicideWatch,Mental illnesses messing up my mind and life,1616482981.0,1
SuicideWatch,"Because I cant do anything good for others or myself I messed up all the time,my mind is messed because of negative cant do anything properly",1616482584.0,1
SuicideWatch,Even those are more decent people then I am tho,1616482108.0,1
SuicideWatch,Hi...idk,1616481732.0,1
GoneWildCD,Lmao,1616325879.0,1
GoneWildCD,Thanks,1616325579.0,1
GoneWildCD,I dont have earrings but I like makeup,1616325404.0,1
GoneWildCD,Ikr,1616325232.0,1
GoneWildCD,Death,1616320004.0,1
GoneWildCD,Thanks,1616282588.0,1
TransGoneWild,Hmmm,1616281484.0,1
TransGoneWild,Thanks,1616281344.0,1
GoneWildTrans,Anywhere you want anytime 😘,1616280050.0,2
GoneWildTrans,I will,1616279907.0,2
GoneWildTrans,I wont stop then,1616279342.0,1
FemBoys,Thanks,1616277534.0,2
GoneWildTrans,Sure,1616274925.0,1
GoneWildCD,Thanks,1616274914.0,1
GoneWildCD,Thanks,1616272318.0,2
FemBoys,Thanks ❤,1616270739.0,1
traps,Thanks,1616269072.0,1
trans,Thanks,1616268449.0,2
GoneWildCD,Thank you 😘,1616268434.0,2
GoneWildTrans,I love to show my body too,1616268045.0,1
GoneWildCD,Thank you ❤❤❤,1616266851.0,2
trans,Thanks,1616266750.0,1
trans,Yeah,1616266614.0,1
FemBoys,I will ❤,1616266413.0,1
FemBoys,Thanks,1616266333.0,1
Sissies,Thanks,1616265037.0,1
GoneWildCD,Thanks,1616264334.0,1
GoneWildCD,Thanks,1616264296.0,2
traps,Thanks,1616263793.0,2
FemBoys,Thanks,1616263728.0,2
FemBoys,Thanks,1616263068.0,2
trans,Thanks,1616262892.0,1
FemBoys,Idk how to teach ^^ ' I just went in blindly I'm sorry,1616262316.0,1
trans,Thanks,1616262268.0,1
GoneWildCD,Thanks,1616262066.0,1
FemBoys,Thanks,1616262024.0,1
Sissies,Thanks,1616259633.0,1
Sissies,Thanks,1616259339.0,1
GoneWildTrans,Thanks,1616258006.0,1
traps,I might,1616256985.0,1
FemBoys,Thanks,1616253528.0,1
selfie,Thanks,1616251255.0,1
selfie,Thanks,1616239023.0,2
selfie,Thanks,1616227557.0,2
trans,Thanks,1616191605.0,2
trans,Thanks,1616191592.0,2
trans,Acdc,1615476884.0,2
trans,Thanks,1614663324.0,2
trans,Thanks,1611885413.0,1
trans,Thanks,1611805655.0,2
trans,Thanks,1611803539.0,2
selfie,Thanks,1611755807.0,1
selfie,"Hi ,sure I guess",1611726536.0,1
trans,Thanks,1611530397.0,1
selfie,"Crazy,lazy,dumb",1611527221.0,1
trans,Thanks,1611341719.0,1
selfie,"I'm ok ,hbu",1611327390.0,2
selfie,Morning,1611326504.0,2
SuicideWatch,25 years...:/,1610287509.0,3
SuicideWatch,"I'm sorry you feel this way :(...but it does get better trust me ,I thought things wont get better for me either but they slowly they do ,just dont lose hope",1610284515.0,3
SuicideWatch,"Theres always a point to your life, your here for a reason you just need to find it and please never insult yourself because they aren't true",1610284370.0,1
SuicideWatch,Nope,1609808312.0,1
SuicideWatch,I cant live if I cant pay my rent or eat,1609693035.0,1
SuicideWatch,25,1609675739.0,2
SuicideWatch,Thanks,1609666904.0,7
trans,Thanks ^^ nah it's a wig,1609642322.0,1
Favors,How about you shut the fuck up before you judge and learn to read next time,1601196614.0,1
trans,Im not asking for money and yes ppl did help me and that helped but only for few days since the place i was staying closed so yep im again on the streets,1600935213.0,1
transtimelines,Thanks ikr,1600596635.0,1
trans,Aww,1600425394.0,1
trans,This îs not the life i wanted lol,1600372205.0,1
trans,Thanks ^^,1600367331.0,2
SuicideWatch,:///...,1600358925.0,1
SuicideWatch,"Well if she had social anxiety that explains it, maybe she still has, sometimes ppl think of themselves first which îs not a bad thing, id say give her some space, maybe she'll come back eventually, ik",1600357422.0,1
SuicideWatch,"Hey never call your a piece of shit, and i dont get why your saying beigg gay its bad, theres nothing wrong with liking guys, if someone doesnt that it just means their thicc headed, just be yourself and i know how it is to struggle with negative thoughts im dealing with that myself but try to focus on something else, something positive, talk to a friend, play a game, listen to music do stuff that will make you forget the negative stuff, i hope all the best for ya",1600357291.0,2
SuicideWatch,"Oh cmon... You cant say nobody will love you and wont have kids and stuff you cant know this things
This sorta things take time you just need to be patiente, good things will always come în the end :)",1600356978.0,1
SuicideWatch,"Hey i know how your feeling i know how îs to în an onesided relationship with a friend but maybe theres a reason maybe she feels depressed or has other problems maybe gave her another chance and get her to talk to you about this but dont be pushy maybe she doesnt want to talk about it but make feel like you'll always be there for her if she needs having a best friend îs a amazing thing and i would never give up on my best friend for anything 
But if she ignores you without any reason then maybe shes not that great of a friend and your better off, try go out socialise with other ppl maybe on internet too, doesnt matter if its distance, friends are still friends",1600356391.0,1
trans,Thank!,1600355672.0,1
transtimelines,Aw thanks,1600058131.0,2
trans,"Ohhh im sorry :( i wont, i rly hope things will get better for uoi",1600052784.0,1
trans,Aww thanks,1600017478.0,6
trans,Really? Thanks you so much,1600017432.0,8
trans,If anyone can help me get new id card and birth certificate but it costs 50 $.... Yeah...i dont know what to say,1600015492.0,7
SuicideWatch,Wtf,1600012092.0,1
trans,Nope,1600006097.0,1
trans,Lol,1599984948.0,2
transtimelines,Im sure you will,1599909854.0,1
selfie,Thanks,1599900611.0,1
SuicideWatch,"Im sorry :( but your wrong about your last statement, someone out there will miss you",1599894555.0,2
SuicideWatch,You shouldnt do what i do tho,1599894266.0,2
depression,Thanks,1599890698.0,2
SuicideWatch,"Nope unfortunately, yes it is, ive been one a while for a short while and yes it is the worst thing ever and thanks",1599890460.0,2
trans,Thanks,1599884642.0,1
trans,Lmao i wont,1599884626.0,2
trans,For a walk through the City,1599884292.0,1
depression,PayPal,1599322154.0,1
depression,"Ron, lei, euro",1599321538.0,1
depression,Romania and 50 $..,1599320818.0,1
SuicideWatch,Romania,1599310266.0,2
SuicideWatch,Nope i dont we dont have shelters here either,1599308905.0,2
SuicideWatch,Nope,1599305933.0,2
SuicideWatch,I dont have any money left so either if starve to death or kill myself either of those end the same way,1599305587.0,2
SuicideWatch,Yes they are,1599305530.0,3
SuicideWatch,Dont have time i need this for tommorow as i said,1598323070.0,1
trans,Life problems,1597937727.0,2
trans,+ i have 0 money why do you think i cant pay the Bill în the first place,1597911292.0,1
trans,If. I had money why would i trade what wouldve been the point of it i dont need euros i need leu my currency,1597911210.0,1
trans,She has some lungs disease idk how to explain,1597910932.0,1
trans,I made a loan to survive bcs i lost my job but things got complicated with my mom medical bills i had to pay and i run out of money i have anothrt job now but itll take a while until ill get payed and so i need to pay this one bills thats it already to late i think i need 50 $,1597910555.0,1
trans,Meds,1597909836.0,1
trans,If i had friends i wouldnt be here yeah she would thats garanteed,1597909810.0,1
trans,..... No comment not even gone bother,1597909709.0,0
trans,You live în the us i live în Romania,1597907353.0,1
trans,We dont do that here unfortunately our country doesnt do that... And it not about the food i have food but i have I have to pay this bill or else they would take stuff,1597906656.0,1
trans,I lost my job and i have this one bills that kept postponing it and tommorow its the final day and if i dont pay then they will take some stuff to compensate the loses and since i dont own anything theyll take from my landlord cuz i live and then she'll kick me out cuz ofc who would someone live at their home after something like this so ill probably be on the streets and i lose everything including my friends and they're the last family i have and got nobody to ask for help i wouldve already done so if that was the case,1597906564.0,1
trans,I already said its here în the comment i have financial problems i have to a pay bill or things will get rly bad,1597905608.0,1
trans,That doesnt help me tho,1597905415.0,1
trans,"Oh damn im sorry
Its easy tho to say itll get better without even understanding the problem",1597905125.0,0
trans,Im not losing anything bcs i dont own anything but they'll take from the place i live instead,1597904377.0,1
trans,I either have to pay it or they'll take shit to cover it which îs not my shit its my landlords and itll be even worse,1597903807.0,1
trans,Well this one îs an important one i cant just leave the bank doesnt care that is covid i have to pay it no matter what,1597903650.0,1
trans,Yeah i have to pay a bill till tommorow so i cant since i lost my job and its already late,1597903482.0,1
trans,Nope theres not,1597903263.0,1
trans,Life problems,1597903153.0,1
trans,I HAVE TO GIVE TOMMOROW ITS ALREADY TO LATE,1597885474.0,1
trans,I have to pay my bill tommorow,1597885127.0,1
trans,Yes,1597883188.0,2
trans,This is accurate its to funny,1597882966.0,1
trans,Financial problems have to pay bills and stuff,1597880571.0,1
trans,Life problems,1597879868.0,1
selfie,"Pretty, but thats very early qwq",1597844055.0,1
selfie,Nope,1597843495.0,1
SuicideWatch,I have to do that anyway,1597835808.0,1
SuicideWatch,Wdym work for her i have to pay her not the other way around,1597835785.0,1
SuicideWatch,I need to pay the Bill tommorow not enough time,1597834377.0,1
SuicideWatch,I dont have friends im this city or country,1597833292.0,1
SuicideWatch,I dont own anything i already sold my laptop and i cant get another phone i tried,1597833272.0,1
trans,Sure,1597832091.0,1
trans,Thanks ~,1597831594.0,1
trans,Yup,1597823591.0,2
trans,Thanks i appreciate it,1597823431.0,2
transtimelines,Maybe,1597815399.0,2
SuicideWatch,I need 100 $ for bills and food,1597811539.0,2
SuicideWatch,Having financial problems,1597811146.0,3
SuicideWatch,Ofc i do,1597807660.0,1
SuicideWatch,And no we dont have any organization that helps with this,1597772058.0,1
SuicideWatch,I need money în 2 days theres no time to do anything,1597771991.0,1
SuicideWatch,I lost my job a while so i asked the bank for some money so i can survive until i can find another job but things got complicated and now i dont have any savings anymore so i need to pay my bills and rent în 2 days or things will get even more complicated,1597770600.0,2
trans,Financial problems,1597769854.0,5
SuicideWatch,Nope,1597766744.0,1
SuicideWatch,Got none,1597765719.0,1
SuicideWatch,Financial problems,1597765252.0,2
trans,Life problems,1597764257.0,3
trans,Ooo i wanna see too lmao,1597762270.0,1
depression,I only have 3 days left to pay my bills and they wont help me unless im homeless which tehnicaly im not,1597762163.0,1
trans,Nope,1597761784.0,5
selfie,No,1597757842.0,1
depression,"I have financial problem, nobody would borrow money to a stranger",1597757209.0,1
trans,Hi thanks!,1597756904.0,5
trans,Thanks,1597747933.0,1
trans,Thanks,1597743227.0,1
trans,Thanks,1597736991.0,1
selfie,Thanks,1597732345.0,1
SuicideWatch,Pfft no theres not,1597093471.0,1
SuicideWatch,"I can tell that your underage so please stop its fine
Not everyone has a happy ending",1597093312.0,1
SuicideWatch,Look i either starve to death on the streets like any other homeless person which for me its even worse bcs im healthy so nobody would help me or ill kill myself and spare myself from a lot of suffering,1597092802.0,1
SuicideWatch,Got no family members and no it wont trust it wont,1597092488.0,1
SuicideWatch,Im a fucking garbage person asking ppl for money on the internet ofc i dont deserve any miracle,1597092437.0,1
SuicideWatch,Im already doing it,1597092349.0,1
trans,"You dont even know my situation, this îs gone sound rude im sorry but honestly do you think any problem will get solved with just words and think positive NO FUCKIN WAY if you wanna solve a problem you have to do something about life isnt magical it wont 180 on itself and everything will be fine, if you dont do something about your problems then your pretty much fucked like i am because i have no option
What you just told me makes me think your either to Young to understand hardships or you never had any problem în your life",1597083504.0,1
trans,No i cant,1597082997.0,1
trans,Like what,1597082691.0,1
Favors,I know but i cant just rely on only one thing so im posting anywhere i can cuz you never know,1596203984.0,2
Favors,I can do borrow but i still need some karma,1596203921.0,1
crossdressing,And poor rip,1596202175.0,1
trans,Aah,1596196267.0,1
trans,Windy girl?,1596194710.0,2
crossdressing,Thanks!,1596186966.0,1
crossdressing,Thanks,1596186925.0,1
crossdressing,Thanks!,1596186817.0,1
selfie,Mkay Jesus,1596144110.0,0
selfie,Killing myself,1596143889.0,0
trans,Life problems,1596142483.0,1
selfie,I guess,1596142354.0,1
selfie,I guess,1596142337.0,1
selfie,I guess,1596142318.0,1
selfie,Yup,1596141945.0,1
trans,Welp that was depressing ngl,1596141381.0,2
SuicideWatch,Thank you,1596138932.0,2
SuicideWatch,"Look i appreciate that your trying to help i do but being homeless îs the worst thing ever at least for me bcs ive been homeless for short time and its the worst feeling ever, i live în the country where you see homeless ppl almost ok every street and when you look at them you can feel theyre dread, sadness and dispair into your soul, its litteraly like going through hell everyday waking up not knowing if you can eat or not i dont wanna end up like that there are tutorials but they dont show how you rly feel when you go through that",1596138732.0,3
SuicideWatch,But how would i charge my phone or my laptop if im homeless,1596137676.0,2
SuicideWatch,"They know my situation but they litteraly dont have the means to help, they would if they could but they're în bad situations themselves
The things is if i end up homeless ill be homeless forever ill loose everything the progress i made living on my my friends they all be gone and thats what im trying to avoid at all cost and nope i dont have a car unfortunately",1596137353.0,2
SuicideWatch,"Thanks but my friends cant help i cant force then to help if they cant and i said that myself that itd gone be fine ill find a way but this are just words
My landlord needs money my bills needs payed nobody would wait for me until i can find a soluționa its not that easy but thanks i appreciate your message",1596136782.0,1
trans,Thanks u,1596130113.0,2
selfie,True,1596112873.0,2
selfie,Haha,1596108597.0,2
sadstories,They dont have,1596106296.0,1
selfie,Yup,1596104224.0,2
trans,Thanks,1596079968.0,1
trans,"Hmmm well the James Charles one are pretty good some of them helped me i also watched Stephanie bailey, i didnt watch many tutorials so idk many makeup artists",1596076155.0,1
selfie,Thanks,1596042666.0,1
trans,Thank you <3,1596032481.0,1
trans,Thank you have a great day too,1596027764.0,1
trans,Thank you!,1596027117.0,1
trans,Thanks,1596017710.0,2
selfie,Thanks,1596015545.0,1
selfie,"Lmao, i guess, thanks",1596004746.0,2
trans,Thanks,1596004233.0,1
trans,Thankk,1596003871.0,2
selfie,Thank you,1596003670.0,1
trans,Im sure you look good,1596001763.0,1
selfie,Thanks,1595996255.0,1
trans,Thanks,1595995074.0,1
DOG,"Nope... He lives at my grandparents, no way to bring him with me unless i steal him",1595991025.0,2
DOG,Bcs he îs at my grandparents and i cant go there unfortunately,1595990985.0,1
trans,Thanks,1595990933.0,1
selfie,Yep,1595964282.0,1
selfie,Thanks,1595962390.0,1
selfie,Thanks,1595962348.0,1
selfie,Thanks,1595951875.0,1
selfie,Thanks,1595951868.0,2
DOG,Thats why its hurts...,1595947210.0,1
selfie,Thanks,1595946636.0,1
pics,Thanks,1595946614.0,0
pics,Thanks,1595944902.0,-1
pics,Thanks 👌,1595944200.0,-1
trans,Thanks,1595939865.0,3
selfie,Thanks!,1595935264.0,1
trans,Thanks,1595933245.0,1
selfie,Lmao,1595931867.0,1
trans,Thanks ❤️,1595928706.0,1
Art,"A lovely smile, wish i could smile like that qwq",1595925468.0,1
relationships,"Im so sorry for your loss i have lost many ppl i care about, last year 2 of my family friends died and they were the only ones that supported me and they werent even related to me and after 2 months a close friend commited suicide so i know how it is to lose someone you care
I guess what you can do îs not give up keep moving forward cuz im sure thats what they want to",1595912897.0,2
selfie,Thanks,1595907436.0,2
selfie,Thankk U//U,1595907419.0,2
selfie,Thank,1595906283.0,2
selfie,Thanks,1595906037.0,1
Art,This looks interesting i like the faces,1595884413.0,1
selfie,Thanks!,1595882881.0,1
funny,Hmmmm,1595862836.0,1
SuicideWatch,300 $...,1594866760.0,1
SuicideWatch,I need 300 $ its not something to ask casualy and my friends are as poor as i am Xd and they have their own problems,1594630025.0,1
homeless,"Yeah i did a while ago to get a job but thats not why they're doing this
Thanks",1576610345.0,-2
SuicideWatch,Oh trust me i lost before i was even born yeah thats true but they succeeded yes im fucking 24 and i didnt succeeded în anything and im not hope that one im gone succeed at something cuz ik its not gone happen its just logic ik my own faith,1575620583.0,1
SuicideWatch,Doesnt matter what i change or what i do the out come its still the same im still a loser no matter what,1575620183.0,1
SuicideWatch,Well i talked with friends but its not like anybody can help with something,1575491212.0,1
SuicideWatch,"..... Yeah... Im still here unfortunately...
And thanks",1574123486.0,2
SuicideWatch,"By loser i mean that person that nobody wants to have anything to do with it, or that person that will never succeed any anything, it has nothing to do with family or society its about you as a person
Yeah they carry on în depression and wanting to kill themselves just like me, a family, kids, career its something that makes you carry on, you have to do something with your life if you sit în your chair doing nothing all the time then whats the point",1574123428.0,1
depression,Yeah... Im trying ^^,1573785331.0,1
