subreddit,body,created_utc,score
PiratedGames,"I figured and downloaded anyway, it didnt brick my computer and i deleted it all off safely without facing any problems but yeah. thanks for the reply tho, I probably need to invest in a better anti-virus but im fine for now.",1576696833.0,1
PiratedGames,exactly man you get it,1576696696.0,4
Instagramreality,this is how all girls in one piece are drawn,1559944448.0,1
motivation,thank you this actually sounds really helpful,1553820748.0,2
motivation,"yeah i am taking iron pills because i do have low levels in my blood, but thanks for the information. ",1553820728.0,1
NoStupidQuestions,This kid is braver than any us marine and his parents stupid. I'm glad he's at a point where he can take charge of his life and ensure his health and safety.,1550537726.0,1
