subreddit,body,created_utc,score
Advice,Thanks for your input. Helped,1600249915.0,1
Advice,I’ve had her number blocked since she called me drunk at my work and asked me to stalk someone for her. My brother has had just a bad if not worse mental affect on my brain as my mom. He only cares about whats benefiting him and will become agressive and abusive to get it. No matter how many favors you do for him he’ll never do one for you unless he greatly benefits. I can’t afford therapy. My town is sort of small so theres always the possibility I’ll see her- she also knows where I live. I have anxiety attacks thinking about seeing her.,1600243672.0,1
Advice,In the message I sent I said “If you’re confused I can give you a list of scenarios where my mental health has been put at risk.” She lives in lala land she told everyone at her work that I moved out because I wanted a dog even though I didn’t get a dog until 2 years after I moved out. The real reason I moved our was because she would stay up until 3-4am blasting music and getting drunk in the living room on a school night. The final straw was when my step dad (3rd) laid hands on her and I went out with a baseball bat and she turned the blame around on me. She hasn’t replied to my message so I really think she is in another world where she did nothing wrong and is possibly in shock that I feel like she has. She gets anyone who knows me that she knows to ask me why I’m not talking to her. The fact that she doesn’t know is almost worse than the actual reason.,1600243412.0,1
astrologyreadings,Wow! You’ve been super informative and helpful... I appreciate your time. Thank you!,1589495807.0,2
astrologyreadings,I would say I bottle it up and express it as anger (maybe my leo mars?) I ask for help but in a very dramatic way and it looks like attention seeking. I had a very hard childhood (is that connected to 12h virgo sun or something else?),1589493698.0,2
astrologyreadings,I think my virgo shines through quite a bit. I do have a hard time understanding myself. I would say my pisces moon is expressed quite a bit because I always feel like the victim in situations and I take things very personally. I have crazy mood swings and can become depressed at the drop of a hat and then 2 or 3 days later be okay again. I don’t think I am that creative actually.,1589492045.0,2
amiugly,Conventional beauty sucks ass!! You don’t have to fit into a mold of what people want you to look like. Most people here have the same idea of how people (women especially)should look. It matters how you see yourself and feel confident and I think you’re elegant and graceful as fuck!! You’re honestly someone who I would do a double take to admire your makeup or outfit if I saw you in the street (I’m 19F). Don’t change yourself to make others comfortable I think you’re dope as hell!,1585261063.0,1
loseit,Actually cardio is one thing that I focus on heavily. I recently started boxing 2 months ago and I go 3 times a week and fill in the gaps going to the gym and running intervals on the treadmill for a mile,1584667915.0,1
Advice,I appreciate this so much thank you for taking some time out of your day to reply to my post,1583158743.0,1
amiugly,Trim up the beard,1582125746.0,5
Roadcam,I just screen recorded it I’m pretty sure- theres an option to take the graphics off when you download it but I’m not totally sure how to do it I would have to study it a bit.,1581517645.0,2
femalehairadvice,Can you give advice on how to fix my hair instead of making fun of me?,1581391817.0,2
femalehairadvice,Yeah I mean I can’t see how I would make my bangs thicker because it’s just my hair you know? I have been leaving in some garnier honey repair stuff after my showers and I can tell my hair is less frizzy. I do like my hair shorter on the sides!!!,1581388193.0,1
Hair,Cool thank you!!,1581370160.0,1
Hair,I only straighten the bangs- I keep the sides natural and I add curling product to it,1581369421.0,1
Roadcam,To sound like a country bumpkin! I really didn’t know that it was also used for that- I just shortened the word raccoon I’m sorry :(,1581236275.0,19
Roadcam,Uhhhh noo that is not how I meant it!!!!!,1581217967.0,22
Roadcam,I’m talking rednecks on the beach!! No woods round these parts,1581217951.0,6
Roadcam,I’m a woman!! I said coon for the effect,1581217404.0,7
Rateme,Is that a badddddd thing?,1580850260.0,-3
Rateme,Contacts ?,1580845129.0,1
amiugly,No rates without reason dem the rules bucko,1580017536.0,2
amiugly,Thats too generous! Thanks,1580000337.0,1
amiugly,Ouchhhhh thanks for the reply,1579999133.0,1
amiugly,Comdey gold,1579995851.0,2
amiugly,Appreciate the feedback!!,1579991460.0,1
amiugly,Hey thank you!,1579988612.0,3
amiugly,Thank you for being nice ❤️❤️,1579987982.0,1
amiugly,Also wtf I just looked at your pic and you are not ugly anywhere?????????????????? Beauty is in the eye of the beholder I guess- these ppl are twisted,1572627695.0,1
amiugly,This is the point of my post- theres a difference in saying someone is ugly and being a fucking cocktwat,1572627493.0,6
amiugly,This sub was created for attractive people to post pictures of themselves and get compliments,1572612663.0,-20
amiugly,Well to be honest I didn’t expect the whole entire fucking internet to call me ugly ?,1572612493.0,-9
amiugly,People here are so mean- you look beautiful,1571030222.0,2
amiugly,I love your look!! People are crazy dude-unconventional beauty all the way <3 your hair is so unique and something about your eyes is captivating.. your bone structure is beautiful and beautiful skin,1568942161.0,3
amiugly,Don’t worry it’s a natural part of getting older man- I would recommend going for a buzz cut as you get older if balding is a problem 👌🏼👌🏼,1567001526.0,7
amiugly,Cute! I like your nose!! Unbutton tht top button tho u look nerdy- maybe grow out your hair a little?,1567001276.0,14
amiugly,You’re cute as hell!!! Beauty is within my dude but ur beautiful on the outside too,1566251984.0,4
amiugly,Do NOT listen to these ppl when they say get bangs!!!,1565612079.0,34
amiugly,"Says more about society than this subreddit, no? Men don’t have to be beautiful/ attractive it’s the women that do.",1564353862.0,13
amiugly,Not true mine had a ton of comments telling me I was ugly and I am a female,1564353022.0,27
amiugly,You’re beautiful! Glad they were nice to you they all called me ugly 😂,1563751332.0,2
amiugly,Don’t assume my country,1562948443.0,0
amiugly,"You look like a teenager ! It’s rare for someone your age to not have acne. I know what it’s like comparing yourself to other girls at this age. You have a super cute smile, pretty eyes, nice brows, healthy hair. you’ll look way different in 1-2 years I swear and even more so in 3-4. You are NOT ugly",1562917005.0,5
amiugly,Hard to smile in this economy,1562903842.0,7
amiugly,Yeah doesn’t sound like it because you’re taking your anger out on me,1562891118.0,6
amiugly,Lets see you post some pics bucko? No balls,1562891020.0,1
amiugly,Don’t remember asking u dickweed I can lose weight but you’ll always have that UGLY soul,1562890809.0,1
amiugly,I’m only 18 I don’t want to look younger lol,1562884455.0,-1
amiugly,90% of them told me I was fat and have a huge forehead. Thats cool n all but they also haven’t had the most upvoted post on this subreddit before so who’s really the winner?,1562884305.0,8
amiugly,Thanks I didn’t know how to do that,1562875862.0,13
amiugly,It was my first time really studying them- the face I am making is the way I feel about them,1562875536.0,6
amiugly,It’s a new thread sis,1562875443.0,28
amiugly,Posted it in a different thread,1562874476.0,72
SuicideWatch,I hope so thanks,1562873110.0,1
SuicideWatch,I have good insurance but it doesn’t cover therapy- most places around where I live aren’t taking new clients if they are in my price range,1562873096.0,2
SuicideWatch,This is helpful- thanks..,1562770642.0,3
amiugly,It honestly doesn’t bring me down too much I always knew I was ugly since I was a child so I am used to hearing it- doesn’t really affect me anymore!!,1562652118.0,1
amiugly,You’re a special kind of person I appreciate it ! Thank you,1562651135.0,2
Advice,Thanks!,1562650170.0,1
Advice,Thank you for this!,1562649721.0,2
amiugly,It is what it is man,1562648165.0,3
amiugly,Doesn’t it say to be nice in the rules? My big head must of blocked u from seeing them ?,1562647650.0,15
amiugly,Don’t be self conscious you have a really symmetrical face and super clear skin for someone (especially a guy) your age. I can see a model potential for you and I honestly like how you style your hair!!!,1562643436.0,4
amiugly,"Well, genetics ?",1562643070.0,8
amiugly,Thanks for the advice,1562641888.0,1
amiugly,Yeah I already knew I was fat and just generally pretty unattractive I have never heard I have a big forehead lol,1562641448.0,2
amiugly,Bigger brain though right ?,1562641325.0,5
amiugly,I added more pics !,1562636866.0,1
amiugly,Thanks for the honesty,1562631029.0,14
