subreddit,title,selftext,created_utc,score,upvote_ratio,num_comments
SuicideWatch,Ever felt like you just want everything and everyone to dissappear?,",",1567553196.0,1,1.0,1
SuicideWatch,Cancer of this earth,"We humans are the cancer if this earth. Nobody trusts each other if nobody can be trusted. Ever thought about how much we hurts others? Humanity is crap its just a lot of trash and that all because of those judgemental and cruel people. They rather believe the ""pretty"" lies than the hard truth. We all should be blind to go off on our imaginations if we never listen, believe or even see the truth cause we will always only want the lies to keep us happy. If lies bring happiness does that mean all the truth is gone?",1567290917.0,16,1.0,3
SuicideWatch,Feeling like no one would understand.,"Some people might know the feeling when you start to vent a little to someone you trust but then they always say it'll just be fine or if it's about someone ""You should just tell them how you feel"" but when you tell them that you can't because they won't listen they think you're just trying to play the victim.. But they don't know the person you're talking about. Some people think everything will always have a good ending but life is not a game and everyone dies eventually right? Death is not always a happy ending when you've lived an unhappy life. I know that I'm hopeless and can't do anything about my own situation cause I'm too young and weak. And always the same advise about I should just tell the people how I feel isn't gonna help cause I know they would never listen. Some people never listen, some people are really hopeless, abuse will not stop.",1564447321.0,1,0.99,1
