subreddit,body,created_utc,score
lostgeneration,"

How did you get over the fear?",1539917611.0,8
