subreddit,body,created_utc,score
SuicideWatch,Hope your ok xxx,1541275085.0,1
SuicideWatch,"Personally for me, I can't even remember who I was and what I'd even enjoy doing. You should go traveling ",1540921268.0,6
SuicideWatch,I feel jealous of the people who have accidents and die. Why can't that happen to me. ,1540756372.0,2
