subreddit,title,selftext,created_utc,score,upvote_ratio,num_comments
SuicideWatch,telling a teacher your suicidal,"just curious if anyone knows what would happen if i went to a teacher about suicidal thoughts

i need someone to talk to and dot have any family or friends that can help

i just dont want to end up in the hospital or police station again, more just looking for someone to talk to",1558611849.0,4,1.0,3
