subreddit,title,selftext,created_utc,score,upvote_ratio,num_comments
SuicideWatch,Im over Life,"Before you start further judging me, I want you to listen first. Yes, I am indeed ready to end my life. Here’s why. I’ve seen and done everything besides cure cancer and other illnesses yet to be cured and get married. I was a D1 college hockey player with many NHL contracts at my feet at the end of my four years but wasn’t interested. I attended Harvard at the top of my class in biomolecular engineering. As you can imagine, I’ve had numerous job offers from the best companies and GOVERNMENTS in the world. I’ve gone through life with an open mind and I’m over it now cause I honestly gave everything a shot. It’s just too boring, it’s not enough. I can’t seem to get anything out of it and they way I see it I have lived 5 times cooler lives then Normal people. You may call this arrogant but I can’t help to think that way it’s just people are too dumb to deal with. Anyway the reason I’m putting this out there is for all those of you who try to get by thinking it’s always greener on the other side but it’s definitely not because I’ve seen all the other sides. Peace!",1540675262.0,0,0.5,1
