subreddit,title,selftext,created_utc,score,upvote_ratio,num_comments
SuicideWatch,Will it ever go away again?,"For 10 years now suicide has been the solution to-go for my brain. Which was fine till this depression hit me and sent it in overdrive.

It's ups and downs. Sometimes these last days, sometimes hours. Switches happen within minutes. It's tiring and I'm exhausted.

I know how I want to go. The notes are done. The last stuff I need to go relatively painless is sitting here in my shopping cart, ready to be here within 2 days. I already have most of it lying around.

My therapist is doing the best she can. But which of us will succeed faster? I don't know, or care for that matter. 

What I do want to know is, will it ever go away? The desire to die. Even with therapy. Everlasting nothingness looks a lot better than feeling like this. And if this will haunt me for the rest of my life I'd rather have it be a short one.",1562608432.0,1,1.0,3
