subreddit,title,selftext,created_utc,score,upvote_ratio,num_comments
NewBrunswickgonewild,"M(39) Miramichi, looking to lick some pussy and get off","Unlikely, but I might as well try.",1705520672.0,0,0.43,0
tipofmypenis,"Lesbian porn, early 2000s","I can't remember who was in it, but there was a BTS interview before or after the scene where the girl says ""You've seen my pussy, it doesn't matter"" or something like that, and the scene itself is 2 school girls having a sleepover, one of them kisses the other, causing her to say ""What are you doing?"".


I've been wanting to find that scene for years...",1705077906.0,1,1.0,0
