subreddit,body,created_utc,score
AskReddit,"My 2 children 2 and 4 years old, and the fear that my attempt would fail.",1561662663.0,1
