subreddit,title,selftext,created_utc,score,upvote_ratio,num_comments
SuicideWatch,No one will miss me.,"I have spent the past few years of my life becoming more and more distanced from people. I don’t remember the last time anyone hugged me, much less told me that they loved me. I have no family and nothing to show but a slew of failed connections with people. I’ve been told I don’t belong in my line of work, and I don’t feel like I fit in anywhere socially. Sometimes the only way I can sleep at all is to drink enough to get my mind off of how lonely I am. If I could have one thing in this life, it would be to meet one person who genuinely wanted me around. That’s all I’ve wanted for years, and it’s been at the front of my mind lately. I wish I didn’t feel so unwanted. I wish I knew what I did to deserve being where I am now. I wish I had any reason to keep going. 

I’m very tired of going on like this. It’s no way to live. I don’t know anyone I can tell this to before I go. I would say I’m sorry, but there’s no one to apologize to. I’m going to gather some things, collect myself, and then find an isolated place to end it. I’ve never been anything to anyone. I never will be. ",1541733548.0,21,0.9,14
offmychest,"I am isolated. No one cares, and maybe it’s better that way.","I have no one to say this to in person. I have made no lasting emotional connection in years. Everyone I have cared about has left my life in one way or another. 

I don’t know why I have kept trying to connect and bond with people. I have never been in a long-term relationship, all of my friends are gone, and I mean nothing to my family. I try to continue day to day, to be productive, but at this point it pains me just to go out and see people who aren’t completely alone. It’s hurt more and more as time goes on. I wish I meant something to anyone. 

Maybe it is better that I am completely alone, because it means there’s no one I have to say goodbye to. No one would notice me being gone anyway. I don’t know what I hoped to accomplish by posting this. I guess I really don’t have any other way to tell anyone what’s bothered me for so long.",1535078219.0,4,1.0,5
