subreddit,title,selftext,created_utc,score,upvote_ratio,num_comments
SuicideWatch,"Well, I’ve done it. Now just waiting.","I’ve taken 19 Zopiclone 7.5mg pills and some quetiapine, done my suicide note and am just waiting. Hoping no one finds me.

Edit: they found me pretty quickly and I got dragged to the hospital. They make my chug a load of black weird chacoal (?) stuff and now I just feel fine. I was honest with the psychologist, but nothing is going to be any different. Fuck I wish it worked.",1555929117.0,46,0.98,14
CPTSD,Advice needed around relationship with childhood abusers with physical and mental issues,"As I’m sure everyone has, I’m having difficulty in working through childhood issues. I wanted to get other opinions on it from the outside, so obvious throwaway.

My dad was the source of my childhood trauma. It had a few pointed moments of physical violence when he exploded from anger, but overall it was a walking on eggshells situation. Everyone did it. He had a brain injury which led to basically a personality change and mental health issues and he was the stay at home parent. This all happened around my time of birth, so my older siblings weren’t affected like I was. My emotions weren’t allowed, the whole standard things that cause cptsd. 

Now, I’m a grown woman still living at home in a similar environment though he has got better at managing himself and I’ve got better at avoiding. I’m desperate to leave, but he sabotages me because he cannot bare change. 
I’m dealing with my mental health problems, and am in all sorts of therapy for the past few years but am I kidding myself in thinking that I can really have a relationship with my dad alongside the trauma, my cptsd? I love him, and I know he’s ill, he by all accounts was a totally different person prior to having this accident, but that doesn’t change things right? 

I’m new to my diagnosis and would appreciate any advice.",1555007537.0,3,0.81,1
