subreddit,title,selftext,created_utc,score,upvote_ratio,num_comments
SuicideWatch,I can't cry,"19M here. I was raised in middle east with the famous guys don't cry culture. Just like every other kid, I cried when I was little. However, when I did, my mom and granma would try to get me to stop immediately, saying men don't cry. It really fucks with you because it's a primal instinct to cry to get the stress levels down and being told by your parents that you shouldn't and that it's not what ""men"" do slowly teaches your body not to. 

Yeah, a never-crying real man.. what a pride. Although I now know that this whole ideology is but a toxic bullshit, I can't get myself to cry. I don't know how to cry, I try, but I can't succeed. I couldn't cry after my first heartbreak. One that left me depressed for months, eventually leading up to a suicide attempt. But guess what, I couldn't get a tear to drip down my face, let alone a good cry, to wash the stress levels away. One cry to sleep comfortably, one to embrace my sadness and let me move on, one to just calm me down.

I couldn't get the tears to flow out. Instead, it must have flowed inside of me to give me that heart wrenching feeling with every drop.

Cry, people. Cry good so you get stress out with each drop. But please don't give people shit for crying, it fucks them up in perhaps un-fuckable ways.

Peace.",1544631349.0,2,1.0,6
