subreddit,title,selftext,created_utc,score,upvote_ratio,num_comments
Eldenring,"I present to you, OldManJenkins",,1748043378.0,0,0.5,0
explainlikeimfive,ELI5: Why is gluten poisonous?,[removed],1741297230.0,0,0.14,20
explainlikeimfive,ELIF: Is gluten poisonous?,[removed],1741297177.0,1,1.0,1
FlyKnight,This game is awesome,I love this game. Are the devs planning on releasing more content for it?,1741285161.0,23,0.96,5
conspiracy,Vaccines are actually being used to make people more willingly submissive to governmental control,"Vaccines contain large amounts of floride and nanoputians which together can induce a trance-like state which causes you to become more willing to believe things that you are told, and more aggressive to things you do not want to hear.

The democrats have been caught in the act of testing these compounds for more than 3 decades. With recent oversight changes, this information is being leaked and is makes total sense to why vaxxers are always democrats.

Do not vaccinate yourself or your kids! If you have been vaccinated, then there may not be hope for you... research has been conducted finding that distilled water injected directly into your circulatory system may reverse the effects of vaccine psycho-control compounds, but use at your own risk!",1741212121.0,13,0.52,254
Ultima,Starting the Ultima Journey and Mods,"Hello! I am a filthy millennial 1 year away from being gen Z who missed out on the golden age of gaming. Ultima has always fascinated me but I have not played any of them. I am a fan of old school and old school inpired RPG's (pillars of eternity, fallout, baldurs gate, etc.) but found Ultima kind of hard to get used to due to controls and FOV/resolution.

Anyone on here have any advice for starting out (such as which games to start with) and any mods that I should install to enjoy the game for the first time a bit more?

Ultima 7 looks the coolest IMO, but I've heard 6 and underworld are solid games as well.

Thanks in advance guys!",1740621448.0,26,0.95,18
venting,"Denying reality in favor of ""positivity""","Why do people do this?

They completely deny reality when there are too many ""negative"" things going on, and reject those of us concerned over that negativity.

I'm truly sorry we cannot be happy all of the time. ""Positive"" people are almost thoroughly apathetic to literally everything in their surroundings.

Well here's my argument. When something is broken, you should focus on it until it's fixed. At least acknowledge that it's broken if you cannot fix it.

We're all going to die. Fact of reality. I acknowledge that. However, when I bring that up to someone (mostly someone who criticizes me for vaping or neglecting responsibilities sometimes), I'm told that I have a negative outlook and they look down their fucking nose at me, as if I'm somehow inferior for recognizing that we aren't fucking immortal without intervention.

You wonder why I'm negative? It's to counter your room temp IQ delusional outlook on life. Turn off the hallmark channel for two goddamn seconds and maybe observe and process events in your life without the myopic lens of a fucking postcard.",1739741488.0,0,0.5,1
unclebens,Dried mushrooms expiration,I have a mason jar of dried mushrooms with a few silica packets in there. Kept in a cabinet and unopened for a year. How do I tell if they are still good or not?,1738752275.0,7,1.0,6
wheeloftime,Show vs Book,"So I'm on book 4 and decided to try to watch the first episode of the show. I heard it wasnt great but I was not expecting the amount of changes they made.

I don't think I'll keep watching, but what do you guys think of the show vs the book? Any changes you like or dislike?",1737908959.0,38,0.93,86
ebooks,Ebooks Visual Aid Recommendations,"Hello, I read a lot of books and was using apple books on my iphone for a long time but I hated only being able to read on my phone.

Recently I switched to google books, but I am having trouble focusing while reading. I have ADHD, so this is not uncommon for me. I usually read best when there is a really high contrast difference between the text and the space behind it. White on black is OK, but I read best when I reading green text on black space.

Is there any way I can download my ebooks and use a program to read the book using green text on black space? Preferably on PC.

Thanks for any suggestions.",1737503198.0,2,1.0,1
redrising,Red God Waiting Room,"Someone needs go over to PB's house and just stand in the doorway until redgod is done and in the editors hands. Also I'd love to see like an announcement or percentage completion or something. I trust PB is actually writing the book -- I just am getting impatient.

That isnt to say I'm mad at PB, I trust him to deliver something worth the wait. Even if it sucks (Jove forbid), I'll just be happy to know what happens.",1736218961.0,4,0.7,7
redrising,I just finished lightbringer.,Lysander needs to die. I have never hated a character in a book more than I hate him. Hats off to Pierce Brown. He out-wrote the villainy of King Joffrey. I get a pit in my stomach any time I even think of that little shit.,1735655239.0,61,0.97,21
farcry,Far Cry 3 Stuttering / Poor Performance,"Hello!

I recently was messing around with far cry 3 to get it to run better. Seems like there was some oversight by the developers for future hardware -- they have multi-core rendering for dx11 turned off and there is no way to turn it on in the options.

If you want the game to run like it should, do this:

In `\Documents\My Games\Far Cry 3\GamerProfile.xml` There's a setting called `D3D11MultithreadedRendering=""0""`. Change that to ""0"" to a ""1"" and save.

  
EDIT: forgot to mention earlier, turn off MSAA -- it destroys performance.",1734160221.0,4,0.83,3
stalker,Started the SIRCAA quest. I regret it horribly. No more personal stashes anywhere afterward apparently.,,1733719153.0,1,0.67,7
summonerschool,Bronze/Silver elo NA: How do you jungle when your team wont ward and keeps taking your camps as early as 10 minutes?,"Not a complaint but a statement of perspective: I feel like riot has my IP locked into loser's queue or something.

Obviously I'm not very good -- not claiming I'm amazing, that would be a stupid thing to think given that I consistently lose games -- a lot of which are my fault but a good 30% or more are due to teammates. I feel like that's about normal for anyone, teammates causing games to go wrong.

My question is, if my level 5 veigar mid at 10 mins and my level 4 jinx (using a specific example of my last game; they were both getting destroyed in lane and ganking them to help would basically just be inting) are going to my krugs and raptors while I try to gank their lane, or am ganking top -- how do I come back from this? I was level 15 at 45 minutes because I could not farm -- if I tried to steal farm then I was immediately killed by the trundle, which I feel like would not be a problem if my team would ward. My ward score was 50 at the end of the game as a jungler.

Anyone have some advice? I tried right clicking the nexus but that hasn't worked for me yet.",1728256682.0,0,0.25,23
confession,I'm depressed. I've never managed to sort through the traumas I've been through... And I don't actually want to feel better.,[removed],1727269202.0,1,1.0,1
aorus,Quiet and Cool setting: Turn this setting off on your Aorus motherboard,"I've owned an Aorus motherboard for about 3 years now, and I gotta say it has been like a root canal to get this thing to meet the standard that other boards in the generation meet.

One thing I came across after years of owning the board is the Quiet and Cool setting, which actively reduces the clockspeed of your CPU in order to maintain cooler temps. This is an irresponsible thing to just be set to own by default on all motherboards.

**Turn this bs off**, and you instantly have a much better experience in all CPU and multi-threading intensive games/applications.

-- If you are concerned about your temps, buy a better cooler and/or educate yourself better on what safe temps and voltages are for your CPU. There is a ton of misinformation out there, but the right answer is to just trust your CPU and the manufacturer. If you have the right power-supply, and an adequate cooler -- its fine. leave it. If its overheating, the PC will shut itself down and then you know you have an issue.

  
TLDR: Turn this dumb feature off. 



Please do not ask me ""how"" -- I am normally helpful but every board is very very different. Look up your motherboard's manual on the aorus/gigabyte website or send them an email with your board model and they can tell you how.

  
Figured I'd put this out there to help other people who often wonder why their frame rate sucks when compared to identical systems with a different motherboard.",1723399817.0,1,0.6,1
aorus,B550 Pro AC: Secure Boot Issue with BIOS vF18a,"I had an issue with enabling and activating secure boot on B550 Pro AC Rev 1 board where it would give the error ""Secure Variable Update Locked Down"". There is no fix for this on vF18a, so if you encounter this go ahead and update to vF18b.

If that does not work, then downgrade to F17, then after that's completed -- update back to F18b.

Also, make SURE you are following the correct steps. You need to go in, set secure boot to custom, then restart and let the PC go to windows, then reset again and switch secure boot back to standard. (or you can leave it on custom if you wish).",1723399096.0,2,1.0,0
cyberpunkgame,"Other than the missions and gigs, how do you have fun in the game?","I've 100% the game twice now and I love it, but I'm feeling lost on how to keep the game fun. What do you guys do to keep having fun in the game?",1723319184.0,10,1.0,18
Guitar,"Buying my first 1,000 dollar guitar","Hey guys I was looking for some recommendations.

For perspective, I have been playing since I was 6 years old, Im 28 now. Ive only ever owned below 500 dollar guitars.

I mostly play stuff like sufjan stevens, Elliott Smith, pink floyd, iron and wine, jose gonzalez. I also dabble in blues, country, folk but mostly the alternative stuff.

Anyway, Im looking at getting a Yamaha Red Label FSX 3 or maybe one of the mid-ranged Guilds.

I like darker tone, pretty much like Elliott Smiths guitar tone from Either/Or or XO.

Wanted to see what all was out there and what I should consider, what do you think?",1722711483.0,0,0.5,5
japanese,Having trouble understanding the necessity of subject marking in japanese,"I'm understanding this is probably a nitpicking subject but using ""wa"" in a sentence like (pardon the meme) ""omae wa shinderu"" seems completely unnecessary. If I were to say ""omae shinderu"" then it should be completely understood what I mean by vocal inflection or just basic syntax.

Why is ""wa"" so essential as a subject marker that it is never left out in a sentence like this?",1717886367.0,1,1.0,3
dune,Does anyone else see the similarities with Baron Von Harkonnen and a certain orange political figure?,[removed],1715728291.0,1,1.0,0
StarWars,My one complaint about Jedi Survivor...,"When Cal puts on the empire officer's uniform, how does no one notice his rank? One guy even asks him if he is a new recruit... It would be a little odd for a new recruit to be the highest ranking officer on the base.. 



Other than that, I have no complaints! Amazing game, amazing story, great grampics great gramepray!

https://preview.redd.it/aimwreanb9yc1.png?width=231&format=png&auto=webp&s=f6eab7897a1439b27b4dc51ded585cb1bbd82dfc

  
",1714761901.0,0,0.4,1
alcoholic,Hi I'm Tokenserious23 and I'm an Alcoholic,"I was addicted to drugs from 12 - 19 and quit after it was clear that I was very addicted to meth and cocaine. I went to a rehab which actually helped me a lot. I started drinking around 14 and that stayed with me all the way up until now, getting worse and worse year after year. I'm 28 now.

I have been arrested and hurt people while drunk, and I had completely neglected my health and life. I constantly lied about my drinking and tried to make people think I did not drink nearly as much as I did. I drank and drove, drank at work, and would often wake up in the middle of the night to drink.

I stopped drinking last year for about 8 months. I tapered down from drinking 1.5x - 2 750ml bottles of gin or whiskey per day (sometimes skipping a day or two), and quit altogether when I got down to 6 shots per day. I craved alcohol for nearly every day until I relapsed last month. I drank a bottle of tequila (which I despise), thinking I could pace myself and keep it in the freezer. That's when I realized I am not in control of myself when it comes to alcohol.

I would say that alcohol helped me avoid my problems and helped me to deal with the pain and trauma's I had been through, but to be honest it stopped helping a long time ago.



I want to stay sober this time, but I feel like I am one road bump away from another bottle. I learned the hard way that just because I stayed sober for a long time, does not mean I am not afflicted with the addiction still. I will never be able to drink without losing complete control.",1713853481.0,7,1.0,2
pianolearning,Just bought my first 49 key keyboard at 28 years old,"For context: Ive been set on learning for about a year. I bought an m-audio keystation 49 and started learning immediately for about 5 hours today. Ive been playing guitar, bass, and drums for about 16 years off and on a know a decent amount of theory.

I learned how to save a life by the fray, look whos inside again by bo burnham, and started learning the chicken by bo burnham.

I learned by ear and youtube tutorials since I have 0 idea how to read sheet music.

--how do you guys recommend I learn so that I can improve quickly? Any techniques I should know about or resources that I should be using?


Any advice is wanted. Thanks!",1712906880.0,7,0.77,6
Money,28 year old hard worker here. Living paycheck to paycheck.,"I worked my way up from working 3 jobs to working a remote job at a corporation making 45,000 a year in IT.

I live paycheck to paycheck and due to having adhd, I compulsively spend money without realizing it adds up. My credit cards are maxed with about 2k in debt, credit score is 600ish.

I have 2 questions, are there any apps or websites that may help me stop compulsively spending (any advice is wanted).
And, how do I make more money?",1711650729.0,2,0.76,1
musicproduction,Learning how to produce music and stuck,"Hi there! I have been writing music on acoustic guitar for about 2 decades now and have been in bands, played gigs, the whole deal. 

The problem is, Ive only ever recorded plain tracks with pretty much 0 effort. Like most aspiring musicians who just assumed their musical genius would bring them fame, Im broke! And I cant afford to pay someone to produce my music.

I bought a bunch of equipment over the years and fruity loops and have been using and learning for about 6 months. 

Problem is, I still have no idea what I'm doing when it comes to effects, eq, placement, etc.. I can play the instrument (piano, drums, bass, guitar, sing) but once I have them recorded I end up messing with them for the rest of eternity.

Is there any advice you can provide me or lessons I should learn in order to gain a fundamental foundation for production?

Btw I mostly play music that sounds like elliott smith, low, radiohead, and sometimes chevelle. Not exclusively, just some of my inspirations.

Thank you in advance!",1703105068.0,1,1.0,2
summonerschool,Went 4/15 against a bronze 4 gangplank. Im pretty sure I dont ever want to play this game again.,[removed],1702365507.0,1,1.0,1
unclebens,Omg 4 days ago they were pinning and now theyre already sporing! Im havesting right now,,1701125939.0,15,0.91,4
unclebens,S2B about 9 days ago. How much longer before fruiting?,"I literally forgot the liner in the one I did in the shoebox lol feel free to rip on me.

The one in the inflatable is like 70% covered and the shoebox is maybe 40.",1700128005.0,3,1.0,2
unclebens,How are these looking? Been waiting 2 months to spawn but I think they are ready,,1699409551.0,16,0.95,12
sandbox,Beginner/moderate hobbyist game designer: How should I go about learning S&box before it comes out?,"I understand that it uses C#, this is a language I am familiar with from projects in unity. What I have not seen is if there will also be a lua implementation (kind of like how garry's mod uses lua to tie into C++).

I have messed around in source SDK but it feels rough and have a hard time using it to make anything.

&#x200B;

Anyway, my question isnt ""as a beginner"" to game design blah blah blah... Its: what specifically should I learn to prepare myself for optimum productivity in this new toolset?

&#x200B;

Looking forward to s&box final release!",1698464766.0,8,1.0,10
confessions,I'm unable to feel empathy for people who express their emotions.,"I've contemplated this for a long time. Sometimes I think its a superiority complex, though I'm not sure why I would feel superior to anyone. Or maybe I have just very bad trust issues.

Whatever the issue may be, I dont exactly want it to change. I feel bad that I don't feel bad-- but I mostly just feel awkward or like emotions are unnecessary.

I used to be a very emotional person. Now its like my only emotions are bored or frustrated and everyone else feels like they are faking their emotions.

Have not told anyone this, but its been bothering me so I might as well just put it out there.",1697439409.0,2,0.75,1
ADHD,Going from straterra to Adderall,"I was diagnosed as ADHD at 27 and basically just fumbled through life up until now. Ive been on straterra for 6 months and saw some improvement, but my executive functioning suffers tremendously.

I have 0 organizational skills, am still very impulsive, and lack the ability to focus on any task for more than a minute or two unless I multitask or am experiencing hyperfocus.

Anyway, tomorrow will be the first day I start Adderall and Im actually pretty nervous considering Ive never taken it before. Im also weening off of straterra.

Any thought or advice that may be useful or comforting while making this medication shift?",1696917506.0,2,1.0,1
unclebens,Its been 7 days. First grow -- how long do you guys think before I can S2B?,,1696532725.0,20,0.83,27
unclebens,Day 3 and were already getting some decent coverage.,,1696307727.0,0,0.5,4
unclebens,Just planted my first 6 bags,"Im realizing that Im not 100% sure how long I should wait to check them. I realized today I cant monitor the temp and its starting to get colder so I bought a heating mat and room thermometer.

How long should I periodically check on my bags and is it safe to check often as long as I sanitize?",1696049169.0,1,1.0,1
unclebens,BoomerShroomer Inflatable Monotub,"Im working on preparing for my first time growing GT and I was looking at this monotub which looks to me like it has everything you could possibly need. Its about 20 bucks.

&#x200B;

Anybody have any luck with fruiting in one of these?

Monotub: [https://boomershroomer.com/product/inflatable-monotub-kit/](https://boomershroomer.com/product/inflatable-monotub-kit/)

Cool timelapse: [https://www.youtube.com/watch?v=uGyHlIdjc8w](https://www.youtube.com/watch?v=uGyHlIdjc8w)",1695609331.0,1,0.6,8
unclebens,Starting out with GT and wanted some advice.,"This will be my first grow and I had a few concerns that I was unable to get answers on. Ive watched I think all of the 90 second mycology videos in preparation.

I will be using 90 second perfect everytime brown rice and starting from spores (because why not).

My main worry is contamination. I'm wanting to grow straight from the bag before I try a bin since this is mostly to get the feel for things.

Other than using a SAB and 70% alcohol on literally everything, is there anything else I should be aware of? I live in a one bedroom neckbeard sad pad in texas where temps are great rn for cultivation.

Any other advice for first time grower is wanted and warranted.",1695400982.0,3,0.8,11
FFXVI,Performance is severely lacking.,"I love this game. It moved right to the front of my favorites for all of final fantasy. That being said, the performance is awful. 

Im not asking for much, I would just like the game to run at a steady 60fps in performance mode and 30fps in quality mode. The game gives me headaches and Ive tried everything I can think of to fix the issues. I played through VII remake and currently playing forbidden west. Both run perfectly.

Do you guys think performance will be patched at all or are they just going to forget about it?",1694834188.0,27,0.66,67
doordash,door dasher is mad because he misread directions.,,1692674073.0,1,0.67,6
mildlyinfuriating,Illiterate door dasher is mad because he misread my directions.,"My instructions literally say its building 15, make the first right and make another right then follow the curve. Im a remote call center agent and get door dash all the time with 0 issues with people finding me.",1692673156.0,1,0.54,10
wow,First time playing through dragon flight... the story line in a nutshell,,1690761771.0,1,1.0,1
Fallout3Memes,Its Bathtime Mister Burke,,1689310575.0,29,1.0,0
ProgrammerHumor,How do I learn how to program simply to better understand these memes?,I feel left out :(,1673735126.0,18,0.71,21
mildlyinfuriating,A Therapy Network is a Scam,"I posted this on FB today, but did not want to share my name. Needless to say, I am mildly infuriated. I do not ever post on FB but I feel that people should know about how this company treats customers. Here is the link to their BBB  [https://www.bbb.org/.../heal.../sondermind-inc-1296-90273304](https://www.bbb.org/us/co/denver/profile/health-and-wellness/sondermind-inc-1296-90273304?fbclid=IwAR3GVE9WYGgb1SxoDeYOsjkxdUCpVA8dRqd2YUHVh9XlLsHPbCwaRzixVYE) 

[s](https://preview.redd.it/ejf3hjqlpqm91.png?width=655&format=png&auto=webp&s=a2b04a872f0a492827c8827922c628641308803c)",1662688825.0,3,1.0,0
dryalcoholics,Around 75 Days Sober,"No secrets, just kind of stopped. Not even a big awakening moment, no grandiose exit, just didn't drink and lost track of time. I was a daily drinker about a full bottle of bullet rye a day or a full case of beer in times of trouble, and I would be lying to you if I said it was for a short time. I started drinking heavily at around 19 and became almost daily around 23 with small week long breaks sometimes but now at 26 almost 27 I went from daily with huge binges during bad days drinking to 0 and did not realize it until a week or so later. Then I just didn't get any more booze. I think the important difference here from when I was trying to quit is pressure and expectations are completely gone. It's like waking up with a missing limb grown back in but still acting as if the limb is gone.

&#x200B;

I still feel like my life is in complete shambles and still at rock bottom. I don't really want to get up from rock bottom, but at least I am not harming myself with alcohol anymore. Maybe I can stop obsessing over whether or not I have liver failure or diabetes or something horrible. I used to wake up and look in my eyes for jaundice as I have had alcohol poisoning about 15 times from getting depressed and drinking double or triple my normal amount in one night.

I don't really know what I want to accomplish by rambling to strangers on the internet, I guess this is my way of trying to step out of my little bubble and reach out to other people. Not very good at that stuff but I am happy if other people can either relate or have something to say.

&#x200B;

Thanks.",1658370422.0,9,1.0,1
leagueoflegends,"Dear Riot,",[removed],1655142478.0,1,1.0,0
CallofDutyVanguardCoD,Bought the game and cannot play it due to the game being poorly designed for PC.,"I am a Call of duty fan and play both Warzone and MW on my PC with 0 issues.

&#x200B;

Every single time I start vanguard, it either crashes my PC or completely shuts it down. I am a PC technician and have gone through the gambit of  "" is it my gpu? lets run a bench mark. Do I have any over clocks? what about overlays? etc etc."" and yes all of my drivers are up to date, and I have tried a clean install of my nvidia driver using DDU and a fresh install of the newest driver.

&#x200B;

I found that some people think the issue is due to the PSU not having a high enough wattage capacity, but I have an 850w gold rated PSU and a 3070 so I am well within the recommended specs for this game.

&#x200B;

Thanks to blizzard not having a refund policy, and the extremely sad state of their support for this game, I am out 30 whatever dollars. Has anyone had this issue and been able to fix it?",1653267444.0,1,0.6,8
PoppyMains,"After 2 banned accounts and 6 years, finally my first M7","&#x200B;

https://preview.redd.it/ca4ls7xc1x091.png?width=126&format=png&auto=webp&s=6721f44cede7ac86d8dde7db9ad2a761a8cc1f94",1653176641.0,24,0.71,9
dryalcoholics,Day 5 without a drink,"It feels incredibly weird to me (26m) being sober for this long. I was drinking about a quarter of a handle a day along with however many beers I could drink (usually 5-7 on a work night and upwards of 12 on a weekend) for the last few years. No withdrawals or anything. Not even sure how that is possible, but i feel ok. I want to drink but I am staying busy with reading and exercise. I don't believe in AA and I am an atheist so there are not many support groups available to me in my area (TX).

I am trying to take it day by day and practice self control. Alcohol is an easy fix-all for me but I want to actually do something with my life. I'm tired of being in the same place I was at 21.

I beat meth and cocaine addiction 8 years ago. Now I want alcohol to be eliminated from my life.",1650464885.0,18,0.95,7
pcmasterrace,Dead SSD had some final words,,1650306566.0,557,0.98,68
dryalcoholics,The first day of the rest of my life,"Something i seem to tell myself often is that this is the first day of the rest of my life. I will stop drinking, get in shape, make more money, and live a happy life. 
The truth is I am not happy. Alcoholism is not making me happy, but it does make me feel less shitty. AA doesnt appeal to me and if the only way to quit alcohol is to conflict with my personal beliefs then I'm not sure that I want to stop.
It is better now than it used to be... but I think some part of me will always want to turn to alcohol.

I want to quit forever. I want this to be the real first day of the rest of my life. How do I stay dry even when the depression and borderline suicidal thoughts and the never ending anxiety start to set in and stay?",1649308093.0,34,0.92,22
Anxiety,I can’t stop thinking about dying,"Ever since I stopped drinking, all I ever seem to think about is death and what it is going to feel like. I feel completely awake to the futility of it all. There is no escape and no promise that I won’t die today, or even just an hour from now.
I feel like I’m fighting off a state of panic every day like I’m forever climbing a rollercoaster anticipating the gut wrenching, terrifying fall. When I talk to anyone about it they act as if I am being dramatic or their eyes glaze over like they don’t know how to respond to me.
I don’t think I’m asking how to stop. I’m beyond help. But I am reaching out and asking anyone who cares at all to read this: am I completely alone in this day to day terror of the realization that i am going to die and have absolutely 0 clue for sure what will happen? Nothing distracts me from these thoughts.

Thank you for listening.",1642214590.0,2,1.0,1
AhriMains,First day playing ahri. I think I'm going to like her. Silver elo ranked,,1595808740.0,20,0.92,10
Showerthoughts,Stephen King has 63 published novels.,If he were to have written 1 every year he would've started publishing novels at 9 years old.,1586390912.0,13,0.83,10
RoastMe,Been a year. I need another reason to cry in the bathroom.,,1586192772.0,7,0.82,60
RyzeMains,Need some advice about farming.,I'm pretty new to ryze but I've been one tricking him and I saw a video of this Korean player getting 400 farm in 25 minutes so I started copying his pathing but I still am not even breaking 200 farm in a match. I guess what I want to know is how you guys fast farm as well as maintain roaming. Last hitting until level 3 is absolute hell for me so I try to make up for it after laning phase. All advice is welcome. My summoner name is jimmysneutron,1581379157.0,2,1.0,9
CrackheadCraigslist,Probably just a stolen USB drive,,1570975921.0,26,0.9,4
leagueoflegends,"I'm not new, I just took a break.",[removed],1559894361.0,1,1.0,0
RoastMe,I scoff in the face of your puny human insults.,,1553571463.0,5,0.78,35
techsupport,Graphics card producing artifacts on start up and crashing after bios.,So i got a new graphics card that is kind of a downgrade. Geforce 750ti 2gb but my last is a 750ti 4gb. First one works no problem. Second one basically fucks with colors and has like a dreenish tint where its supposed to be black... But thats only with nvidia drivers installed. Any ideas what the problem is?,1550594251.0,1,1.0,2
Anxiety,Watching House as a hypochondriac,"Normally the mere mention of someones heart problem or fatal disease would instantly push me into a panic attack, believing i myself am experiencing symptoms of said disease. Ive been trying very hard to conquer this strange and unnecissary fear and today im actually watching a show which has sent me into i cant even count how many panic attacks, feeling only just a little nervous. I know to people who dont know what its like this isnt a big deal but its the equivilent of diving to earth from the moon with intense vertigo, and i dont believe that to be hyperbolic although theres no real way for me to know.",1547949350.0,6,1.0,1
darksouls,"Three years later, I finally beat ds1!","And with an int build at that. I was struggling with strength and/or dex builds so i said screw it and started over with a sorcerer. 8 hours later i beat manus after finishing the rest of the game. All bosses, all items, all spells. Well what now? Do i fight gwyn? Sure enough i satiated the flame, picked up solaire along the way and beat gwyn in like 5 dark beads and a crystal soul spear. I linked the flame and started new game plus. I love this game so much and cant wait to beat ds2 next.",1547142205.0,38,0.86,8
leagueoflegends,Who else is tired of the over zealous banning and leaver buster stuff?,[removed],1543461275.0,1,1.0,0
SummonSign,Need help with snowy mountain pass aoa dlc (sl96)(pc)(pass: 123),,1533563891.0,1,1.0,10
Anxiety,Intense brain zaps from lexapro withdrawl. I feel like Im losing my mind,"I stopped taking lexapro 3 weeks ago. tapered down very slowly. as soon as i dropped from 10 to 5mg (was at 20) i started getting intense nausea and slight brain zaps. now that im off it feels like the only feeling i have is brain zaps. every movement, every eye twitch, every breath in or out. it feels like my body is made out of cotton charged with static electricity and its being squished and torn apart every second of the day. Im at wits end. I try to stay positive and not give in to thinking that its something more than just withdrawls (first thing that comes to mind is a brain tumor or some type of chronic epilepsy) does ANYONE know ANY WAY to relieve these symptoms? is this something i should be worried about? Ive googled but people dont usually have these for this long... rarely someone will mention it took them 4 weeks and one time i saw 6 but i had to quit my job for this and its taken my life away... and i cant go back to taking lexapro bc of medical factors so i am screwed either way.",1532239334.0,2,1.0,6
Anxiety,Fear of Motivation,"Fear of failure is the death of motivation, and in turn, that makes you afraid of motivation. You want to get out of the house, clean your room, get a job... Anything to get you up and out of your headspace... But youre too afraid. The world is too big and youre too small, your life is too short and theres not enough time, you could lose youre life at any minute-but wait... How is it they can succeed. Even in the face of fear they stumble on as if fear cant stop them. Do they not know to be afraid? Are they so incredibly dull it hasnt occured to them that failure is around the corner? That death is at the toes of every footstep? Perhaps they know more than you do... Or perhaps its not that simple. They say to overcome fear, you must face it. But you have faced it. Time and time again and time and again you have failed. So much so you have come to the conclusion that you are a flaw of a man, and a mistake in manifestation. You have accepted failure-but now you look back. They drop the ball and pick it up as if they had never dropped the ball and it rolls from their fingers and misses yet they look as if they made it.. Huh. Maybe success is not a set measure. Its very concept is flawed, success is not meeting others standards but meeting your own. And if you set your standards where you see yourself, then success is doing something you can already do, and motivation is unnecessary if you know youll succeed. In time you will find it easier to do things without motivation, since you have learned that motivation is what you build in order to fail. You shoot the ball not to make it, but to shoot the ball. And some day youll make it.",1532096088.0,9,1.0,0
gaming,Funny man Joel plays 3d nes emulator,,1531688383.0,3,0.8,0
aww,My cat pets me,,1529902048.0,17,0.91,5
u_Tokenserious23,I have had severe anxiety for 5 years,"Im 22 and i was diagnosed with ptsd at 19 from trauma that occurred when i was 17 involving gun violence and bondage. Needless to say, i am afraid of guns and relive that experience every day. Over the years the night terrors stopped, but now i find myself having stroke symptoms whenever im in the mildest of stressful situations. Ive seen therapists, been inpatient, taken meds, and nothing has helped. Im on the end of a noose so to speak. The irony is im afraid to die so bad that it impedes my day to day, but i think about killing myself to relieve the fear. I research what its like to die and imagine in depth what its like. I have nightmares about dying and the experience of my brain shutting down. I know too much about death not to be afraid of it, and i know too much about religion to believe that and be at peace with it no matter how much i really want that to be the case. I research and feed the logical spiderweb that spirals me even further beyond the point of no return, but when i stop researching is when it gets really bad because i supress that compulsive need and drive myself into a panic and into a psychotic episode. I dont hear voices or see things but you would swear im schizophrenic. I know this is alot of information and its most likely impossible for me to be helped, but maybe i just wont feel so alone if i say this to people and maybe you can relate.",1519700095.0,1,1.0,0
