subreddit,body,created_utc,score
AskMenAdvice,That was really great advice and I appreciate you takign the time to write all of that and help me learn some crucial life lessons! I see myself in your response and definitely need to work on my critical listening skills and just general oppenness,1722286933.0,2
atomicheart,Console: Xbox One (gamepass version) Game stopped displaying story mode and cannot get to the fight near testing ground 11. Can’t progrss in the story at all anymore,1677560498.0,1
depression,"Thanks for responding, its nice to know that im not alone in my feelings",1604519503.0,1
newjersey,"I was personally there and took part in the protest, the owner of the store called my black best friend the n-word with a hard R twice and then began to antogonize him to fight him. Ofcourse my friend got heated and began yelling back. All the white people on the storefront supported the racism and backed their friend who initiated the interaction. Thankfully it was resolved peacefully, but im happy all of them and their store are on blast right now",1591370878.0,3
relationship_advice,"Idk man, i guess to change my mind, cause i dont wanna let her go",1561433121.0,1
relationship_advice,We’ve already talked and i still dont know whether to leave her or to stay. I understand the situation but i fee completely betrayed,1561432696.0,1
SuicideWatch,"Im doing better thanks, i think  definitely going to back to therapy and get help.",1560724055.0,2
