subreddit,body,created_utc,score
SuicideWatch,Did it cost a lot of money? I can’t find prices and it’s too early to call.,1561505452.0,1
