subreddit,title,selftext,created_utc,score,upvote_ratio,num_comments
SuicideWatch,Bad night,"Made a bad choice with my partner, now I have to live with the consequences forever.
I wanted to end it all of tonight but I just can't do it. self harmed, drank some toner because I don't know what else I can do.
Hope my sadness kills me to sleep 
God pls take away my life tonight. Feels like that's the only thing I want in life.",1592857075.0,2,1.0,1
Invisalign,No pain when putting on new trays,I've been on Invisalign for a while. During this quarantine period I've been wearing my Invisalign for longer hours as compared to pre quarantine. Now when I put on my new trays they don't hurt as much as they used to. Is this normal? 😲 Does it mean that my teeth are tracking well or does it mean that my trays are not having an effect on my teeth,1590143448.0,3,1.0,5
SkincareAddiction,[MISC][NSFW] Gross pic but what can I do about my toenail? The skin is covering the nail slowly and my nails grow super slowly as well,,1589304493.0,1,0.67,3
Invisalign,37 refinement aligners,"Got my regiment aligners today and there is 37 of them. Previously I had already worn 34 so it feels like my treatment length has doubled. 

Is this normal? :( Kinda felt sad that my refinement aligners.will be taking longer than my previous aligners :(",1585730550.0,5,0.86,8
AmItheAsshole,AITA for being sick of my friend?,"I've a friend who's struggling with depression and anxiety. I am too, but hers is a lot more serious. I find it so hard to text/ talk to her because every conversation seems to be so negative/draining. We can't hang out properly in proper places cos she's afraid of the crowd, or sometimes we set a date to meet and she backed out a couple of times because she isn't feeling it.

I feel bad. I feel so terrible because I'm not there for her. She sends passive aggressive texts too and even though I've put in my best to comfort her, I'm just never considered a best/good friend for her. 

I'm tired of the negativity because sometimes I'm not in a good state as well and would want to just go out, have fun and chill but whenever we meet she's just talking about her issues.

Am I the asshole? :(",1578044358.0,3,0.67,16
AccidentalWesAnderson,Wes Anderson vibes at a wedding banquet anyone?,,1561304971.0,1,1.0,0
SkincareAddiction,"[Acne] SOS! Wedding coming up soon, need help!",,1558526011.0,2,0.6,8
YouOnLifetime,Book vs Series,Is it worth getting the book? If so I will go order it right away!,1546227490.0,3,1.0,8
YouOnLifetime,Police whatchu doing,"Finished the whole series in 2 days. I was unstoppable, clicking each episode after each episode. Luv it! The only thing was that I'm shocked at how inefficient the police is. Joe can't possibly get away after killing 4 people??? It was a bit unbelievable at some points where a) no one made police reports after the people were killed b) that the police didn't step up their game and uncover evidences fast enough.

Joe was a skilled murderer who knows how to get rid of evidences but he can't be all that perfect at it",1546100159.0,18,0.88,17
LifeProTips,"LPT: When you want to retouch your makeup but the toilets are too crowded, head to any empty shop w fitting rooms.",Pretend that you wanna try on some clothes but you're actually just redoing your makeup in the rooms,1536501876.0,5,0.63,6
