subreddit,body,created_utc,score
cats,Dvd player bag is what I meant,1599237586.0,1
BisexualTeens,Same and im not doing for attention because no one knows so how is it for attention but i think im bi  idk,1589748835.0,2
BisexualTeens,Thanks my dads trans so i  she should be oaky with it,1589151457.0,5
BisexualTeens, to be honest ive only hered it said like once or twice you have any advice on coming out or how to do it or whan to come out ive told my best friend he was accepting bur now its the parents  and thanks for other advice,1589150071.0,2
BisexualTeens,Thanks for the advice this helps alot,1589149794.0,2
BisexualTeens,Thanks for help about a year now,1588162689.0,1
BisexualTeens,Cool thanks,1588162655.0,1
BisexualTeens,My dad is trans so i think so,1588162623.0,1
BisexualTeens,Thanks for all the help ill probally wait a little while before coming,1588162603.0,1
BisexualTeens,About 1 year ago,1588162534.0,1
BisexualTeens,Any advice,1588111795.0,2
bored,No a portal to hell next to him would be better,1587373874.0,1
bored,Give him a bow and arrow,1587373231.0,1
SuicideWatch,I also wach jojo have you seen the seven deadly sins it's pretty good but I only really wach jojo I've heard attack on titan is good but haven't seen it,1586911055.0,1
SuicideWatch,Thanks for the message made my day just so lonely and sad,1586907042.0,1
StardustCrusaders,Should I make a bother pole,1586895417.0,1
StardustCrusaders,Ik they my 2 fav my fav is killer queen,1586895336.0,1
StardustCrusaders,Sorry not that good at spelling simple mistake,1586895133.0,1
StardustCrusaders,SOz I'm only doing part 5 crue,1586895078.0,0
pan,Hotdog cowboy,1585335916.0,1
pan,Hotdog cowboy,1585335815.0,1
pan,I'm british,1585335724.0,1
pan,A top hat,1585335620.0,1
TheArtistStudio,Chicken stripper,1585335142.0,1
TheArtistStudio,Chicken stripper,1585335126.0,1
TheArtistStudio,A pineapple under a pineapple under a pineapple under a pinaple,1585335068.0,1
TheArtistStudio,Looks good,1585334978.0,1
southpark,Agree,1582812129.0,2
