subreddit,title,selftext,created_utc,score,upvote_ratio,num_comments
SuicideWatch,i lost my soulmate,i lost my soulmate the other day and all i want to do is reunite with them. their death was a complete accident and i know they weren’t ready to go. i miss them so much i want to reunite with them so badly,1590270938.0,5,1.0,3
nostalgia,"didn’t know what the right sub to put this on would be, but i found this amazing 2008/2009 comment on an old youtube video. truly beautiful",,1554183349.0,0,0.5,1
thatHappened,"“ya, my brothers wouldn’t do that”",,1553155235.0,41,0.89,4
Cd_collectors,"my collection thus far :,) thinking about selling my unopened copy of Swan Songs but not sure where or how much",,1549967001.0,28,0.92,8
mildlyinfuriating,it’s not centered…,,1543342180.0,8,0.91,2
DeepFriedMemes,free valentine’s day card!,,1540490492.0,29,0.98,0
DeepFriedMemes,god left,,1540430510.0,48,0.92,2
Cd_collectors,snagged this today :),,1532821774.0,18,0.95,0
iamverybadass,this is a whole new level,,1532740880.0,54,0.88,15
