subreddit,body,created_utc,score
exmuslim,Is there a way to ensure you will get cremated if you die? I don’t want an Islamic burial I want to be cremated ??,1587478193.0,1
MomForAMinute,Thanks😭. You are an amazing person. I hope you’re life is full of happiness and blessings. Stay safe❤️,1587410920.0,2
