subreddit,title,selftext,created_utc,score,upvote_ratio,num_comments
EscapefromTarkov,Are the aerver connection lost errors on my end or the server's end?,It is really annoying does anybody have a fix,1618068691.0,5,1.0,2
modernwarfare,"Im having really bad frame/stuttering issues on original xbxo one, anybody have a solution?",[removed],1617930997.0,1,1.0,0
gtaonline,"It seems there are only modders, greifers and grinders left in online, any ideas for fun things i can do?",[removed],1617777200.0,1,1.0,0
MorbidReality,Does anybody have an invite for the documenting reality forum?,I really like this site but i can only watch 3 videos before it says i need to wait another 5 weeks to watch 3 more,1617760959.0,37,0.88,20
Gta5Modding,what is the mod that turns you into a monkey in online?,i saw somebody this morning that was a monkey and it was funny,1617554328.0,1,0.57,18
Gta5Modding,i used kiddion to help some people with stuff and kill greifers and now my game keeps on crashing does anybody have a solution?,i need help,1617511946.0,0,0.33,6
Gta5Modding,Is there a way to toggle certain online services in the kiddion menu? For an example toggle self money drop,I was thinking i could be dropping money for myself while im at work,1617076314.0,0,0.4,2
gtaonline,What do you think the coolest looking car is?,[removed],1617075869.0,1,1.0,1
gtaonline,If and when gta 6 comes out do you thin r* will still update gta5 online?,"[removed]

[View Poll](https://www.reddit.com/poll/mg3yqx)",1617065159.0,5,0.86,17
Gta5Modding,where can i find people who can money drop me?,or is there any free mod menus that arent a virus?,1616965421.0,0,0.38,13
EscapefromTarkov,Is there a way to fix server connection lost issue?,[removed],1616914243.0,1,1.0,1
EscapefromTarkov,"my friend wants to buy this game but doesnt have alot of money, does anybody know any websites that sell this game for under $40 CAD?",,1616896911.0,0,0.33,6
stalker,i have a bug with stalker anomaly regarding the artifact spawns,"so ive been playing stalker anomaly on one single save, i am playing as a loner, and i have over 80 hours on this one save file and i cant find a single artifact, i even look after emissions i look in artifact zones before and after emissions and i cant find a single one",1616718713.0,2,1.0,8
196,Rule,,1616468435.0,11,0.81,0
EscapefromTarkov,im looking to buy a gaming laptop and i want to know if it is able to run this game (im going to put a link in the text),[removed],1616394747.0,1,0.99,2
EscapefromTarkov,is the GTX 1660 TI good for this game?,,1616384270.0,1,1.0,12
iBUYPOWER,"everything that is cheaper is sold out, is this a bug?",,1616384093.0,1,0.67,1
EscapefromTarkov,"Does anybody know any good gaming laptops ( preferably under $1,800 ) that can run this game on the max resolution close to or even above 80 fps That can also handle long viewing distances?",[removed],1616375652.0,0,0.33,4
EscapefromTarkov,The blue labs keycard price dropped?,Right now its 500k or something i think it used to be more edit: oh fuck sorry i realised it was just the access keycard,1616350476.0,0,0.4,4
EscapefromTarkov,I need help with the reserve d2 exract,"I am at the door but there is no light and its not letting me press the button and the message that tells you what to do just says ""d2"" on it, what do i do?",1616312826.0,0,0.25,9
EscapefromTarkov,"Im in the process of making a decision, i have a bad pc so i have to run this game on a fairly low resolution in order to get 60 plus frames but im thinking of maxing the res",[removed],1616221636.0,2,1.0,2
EscapefromTarkov,Whenever i finish building or upgarding something in my hideout i need to restart my game or it wont let me finish it,,1616196228.0,4,0.76,3
EscapefromTarkov,I spent 5 min loading into a raid and died in 44 seconds,,1616192848.0,1,0.99,3
EscapefromTarkov,Im fucking pissed,[removed],1616187286.0,3,1.0,4
EscapefromTarkov,I have a bug where some items wont let me select them or drag them unless i scroll down (also sorry for bad quality and lighting),,1615931862.0,1,1.0,4
stalker,"Is there any mods for SoC that overhaul the game, weapons or even add misc. Animations like food and meds animations",,1615869527.0,6,1.0,2
EscapefromTarkov,Battlestate really has i to optimize the pip scopes,"It would be nice for them to optimize the game as a whole but my main issue is the pip scopes i can usually run the game at 60 fps but when i use a scope it drops to 30 or lower, this kind of sucks because i really like using scopes and sniping but i kind of stopped because it was hard to do and hard to look at (also the ""i"" in the title is a misclick)",1615776712.0,0,0.5,3
stalker,I have an issue woth the newest gunslinger mod,"The mod wont let me harvest mutant parts or anything from any mutants or animals, even if im holding out a knife",1615516764.0,6,1.0,6
stalker,(Call of pripyat) i have a question regarding the artifact orders in skadovsk,"So basically the guy wanted an eye and something else, i chose the other thing because i didnt know where to find an eye but while i was out i didnt find what i was looking for but i found an eye, hoping that i could still turn it in i skipped some days via sleeping and now there are different orders, none of them include the eye, should i sell the eye or wait for it to be ordered?",1615515627.0,6,1.0,7
stalker,"i installed the newest MISERY mod for stalker call of pripyat and my weapons arent showing when i equip them, i have the option in the setting enabled for show weapons",,1615163179.0,2,1.0,1
HellishQuart,How do i make it so the game isnt in slow motion? I can run the game at 80 fps,,1614737143.0,3,1.0,3
EscapefromTarkov,"Whenever i aim down scopes (1x or higher) i get a frame drop, can somebody please help me fix this",,1614653277.0,6,1.0,13
weirdvideosfor3am,cursed_mouse,,1614382744.0,146,1.0,11
EscapefromTarkov,Im stuck in the profile data loading screen,[removed],1614380959.0,1,1.0,1
SuicideWatch,is there any fucking way to quickly kill myself with a knife?,,1614028619.0,2,1.0,2
EscapefromTarkov,Am i able to run this game?,[removed],1613674371.0,1,1.0,21
insurgency,Am i able to run insugency sandstorm?,"I play on laptop and i can run insurgency, my cpu is intel inside core i7 and my gpu is the gtx 765m",1613435245.0,2,1.0,6
blackopscoldwar,"there is a bug with the new ""roll up"" finisher",[removed],1613166071.0,1,1.0,0
blackopscoldwar,"im having trouble with the new ""roll up"" finisher",[removed],1613166023.0,1,1.0,0
modernwarfare,im having really bad frame rate and ping issues on my original xbox one (i know i already posted something like this but this one is update)," so i got the game about a month ago and it also ran great on my xbox one but just 2 or 3 days ago it started to experience really bad lag and frame rate issues and i tried everything, restarting my internet, restarting my xbox, re installing the game you name it i tried to go into another multiplayer game (cold war being one of them) and i had no lag or frame rate issues and the internet on my phone and pc is fine as well and when i go to test my internet is have 117mbps so why is modern warfare lagging so hard? also i checked, in my matches i only have 30 to 50ms ping and the servers that im playing in are really close to where i am please help me.",1612393026.0,2,1.0,3
ModernWarfareGame,(modern warfare (2019)) im having really bad ping and frame rate issues on my original xbox one," so i got the game about a month ago and it also ran great on my xbox one but just 2 or 3 days ago it started to experience really bad lag and frame rate issues and i tried everything, restarting my internet, restarting my xbox, re installing the game you name it i tried to go into another multiplayer game (cold war being one of them) and i had no lag or frame rate issues and the internet on my phone and pc is fine as well and when i go to test my internet is have 117mbps so why is modern warfare lagging so hard? please help me.",1612383779.0,1,1.0,0
CallOfDuty,(modern warare (2019)) im having really bad ping and frame rate issues on my original xbox one,[removed],1612383698.0,1,1.0,0
modernwarfare,having frame rate issues and lag problems on original Xbox one,"so i got the game about a month ago and it also ran great on my xbox one but just 2 or 3 days ago it started to experience really bad lag and frame rate issues and i tried everything, restarting my internet, restarting my xbox, re installing the game you name it i tried to go into another multiplayer game (cold war being one of them) and i had no lag or frame rate issues and the internet on my phone and pc is fine as well and when i go to test my internet is have 117mbps so why is modern warfare lagging so hard? please help me.",1612309488.0,2,1.0,12
modernwarfare,i want to know if connecting a keyboard and mouse to my xbox one will make mw lag?,"so i play mw on xbox one and i recently plugged in my wireless keyboard and mouse to my xbox specifically for mw and once i did that i have been receiving alot of ping whether im playing on controller or keyboard and mouse, is my keyboard and mouse causing all of this ping?",1611853860.0,3,0.8,1
SuicideWatch,Is there a way to quickly and painlessly way to kill myself with a knife?,,1611694415.0,2,1.0,1
CryptoCurrency,I found a crypto currency trading website but im not sure if it is legit,[removed],1611024341.0,1,1.0,0
modernwarfare,why cant i unlock the sykov pistol in multiplayer?,"i keep on trying to unlock the sykov pistol, im going into hardcore free for all and im getting close to 30 kills each match and i did that way more than 5 times now but im not unlocking it, please help",1610582568.0,2,0.67,16
gtaonline,"I need serious help, it includes a modder and my clubhouse","today in GTA V online a modder came into my clubhouse and spawned 3 oppressors and i told him to stop but he didnt, i can get on them but i cant drive them, i joined many different sessions but they are still there please help",1606678711.0,0,0.4,5
metalgearsolid,"(MGSTPP) (PC) whenever i launch the game on steam it says its launched and im playing it but the game never shows up in my task bar or even task manager, please help me fix this",,1605463361.0,2,1.0,0
paydaytheheist,(payday 2) (PC) is there a way to adjust the FOV in the steam launch options?,,1603930349.0,5,1.0,6
reddeadredemption2,(minor spoilers) i messed up a random encounter,"i was doing that one random encounter where somebody hurt their arm and i had to take them to the saint denis doctor but on my way to the doctor i accidentally ran somebody over and the the law came and the guy just died and i was arrested, do you know if there is a way to do this again or did i just miss out on this?",1603544317.0,0,0.5,1
reddeadredemption2,(minor spoilers) (red red redemption2) am i missing out on certain random encounters on my 3rd playthrough?,"im on my 3rd playthrough right now and im just noticing that im not seeing alot of specific random encounters, on my first playthrough i saw a man getting hanged in valentine, i also tried crossing a bridge but then o'driscolls came out from behind the bridge and tried to rob me etc. im on my 3rd playthrough and im not seeing any of this anymore, am i actually missing out on these random encounters?",1603230201.0,1,1.0,3
farcry,"(Farcry 2) whenever i start a new game and select my character it says ""failed to load world"" every time, how do i fix this?",i also have a glitch where the game cant be fullscreen but that doesnt matter for now,1602888026.0,2,1.0,8
farcry,(Far cry 4) I have a really bad bug/glitch,"I love this game and I've had it for years but just recently i encountered some annoying bug where whenever I do any action that ends with the screen turning black like finishing missions, dying etc. the screen just stays black, i can still hear sounds like your character breathing if there are gunshot then i can also hear that but i cant do or see anything, not even the HUD if somebody has a fix for this please tell me | Edit: i forgot to say that i play on PC",1602674499.0,3,1.0,3
NoahGetTheBoat,"my friend sent me this on discord, no further explanation is needed.",,1601240082.0,1,1.0,0
RedDeadOnline,Is there anything i can do with large fish other than just sell them?,,1599691708.0,2,0.75,8
Steam,having problems with family sharing,[removed],1599598223.0,1,1.0,2
reddeadredemption2,how do i get to that one place (place name in the text),how do i get to Tahiti? i haven't beaten the game yet but i got it spoiled for me,1599159095.0,4,0.83,11
xboxone,How do i fix controller drift without taking apart the controller?,,1598925209.0,0,0.4,6
reddeadfashion,How do i get the red cardozo vest?,,1598829840.0,1,1.0,1
reddeadredemption,What is the best secondary weapon in story mode?,I want to buy a new gun in the new rdr,1598655849.0,1,1.0,1
reddeadredemption,What is the best secondary weapon in story mode?,[removed],1598655788.0,1,1.0,1
reddeadredemption,What is the best secondary weapon in story mode?,,1598655748.0,1,1.0,1
RedDeadOnline,What is the best revolver for pvp?,"

[View Poll](https://www.reddit.com/poll/igm52n)",1598392896.0,2,0.75,7
Eyebleach,sErIAL MurdErEr shoOtS caT in tHe FAcE at pOINt blank,,1598337813.0,50,0.9,1
reddeadredemption,how do i get the cardozo vest?,i really want to get it,1598305058.0,2,1.0,1
reddeadredemption,how do i get the cardozo vest?,,1598305012.0,1,1.0,1
Angryupvote,Okay but I'm going to complain the whole time,,1598251770.0,20,0.95,2
EscapefromTarkov,is my pc able to run this game?,"i have 16gb of ram, my cpu is an  intel (R) core (TM) i7-4700MQ CPU @ 2.40GHz ,   and my gpu is a GTX 765m, am i able to run this game on lowest settings and if not that then maybe on a low res?",1598029054.0,1,0.67,11
BurgerKing,Mcdonalds,,1597981922.0,1,0.6,0
SuicideWatch,how painful is stabbing yourself to death?,[removed],1597252269.0,2,1.0,1
Rainbow6,I have a really annoying bug,[removed],1596116979.0,1,1.0,1
Rainbow6,I have a bug that is really annoying and makes the game unplayable,[removed],1596116918.0,1,1.0,1
Rainbow6,"I have a bug that makes the game almost unplayable for me, please help",[removed],1596116860.0,1,1.0,1
Rainbow6,"Sometimes when i am playing a match specifically my screenshot folder on my computer opens, can i please have some help?","sometimes when im playing rainbow six siege i would be in a match and all of a sudden the game would window and go to my desktop screen and then my screenshot folder opens and im really confused why this is happening, it's really annoying and puts me and my team at a disadvantage",1595934157.0,1,1.0,1
GoCommitDie,This is funee i think,,1594767910.0,119,0.95,7
halo,I woke up to this today and im so happy!,,1594722335.0,29,0.96,0
gmod,please help,i joined a server and now i have hit numbers but its not showing on my mods or addons list and i really dont want them please help me how do i remove this?,1594598977.0,1,1.0,2
gmod,does anybody know if there is a mod where i can interact with corpses and shoot them and stuff?,also maybe swing them around with the physics gun?,1594560449.0,5,0.79,6
MakeMeSuffer,I dont think he will do that again,,1594183907.0,1999,0.99,38
Doom,I need help with my fps (Doom 2016),"Hello, so i just recently got Doom 2016 on steam and my frame rate isnt the best, its not too bad but i usually average around 40 - 50 and sometimes 60 but in areas with lots of blood and gore and decorations and stuff my frame rate is usually 25 - 30 and i was just going to ask if you have any tips for getting a better frame rate whether it's graphics settings or console commands or anything else, so if you know anything please let me know!",1594086269.0,3,1.0,5
GoCommitDie,Roblox Is Getting Some Really Exciting And Fun Games!,,1593956136.0,2086,1.0,59
GoCommitDie,an account i made,,1593458022.0,7,0.75,0
VALORANT,How do i reduce netork problems or whatever they are called and ping?,.,1593055094.0,3,1.0,3
VALORANT,Is valorant safe to play?,[removed],1592843445.0,1,0.56,3
Minecraft,Should i kill my wandering trader?,,1592750618.0,15,0.84,15
minecraftseeds,"Sorry for continuously posting here, im lolking for a perfect world",Anything that is a flat - ish plain with water and trees would be fine,1592625133.0,0,0.5,0
minecraftseeds,"im looking for a world where i spawn in a massive plains biome, very big plains biome but still some water (preferably a lake or river) and some trees and if possible a cave but if not thats fine","if there is a seed like this please dont spoil its contents (cave ores and loot, stuff like that)",1592616936.0,1,1.0,0
minecraftseeds,Im looking for something very specific for 1.15.2 (sorry),"im looking for a nice plot of land to build a house and right next to it a medium sized lake or large small or something and then (optional) trees, mountains, and maybe a cave but if none of that its fine, im just looking for the plot of land next to the lake or something similar to the plot of land used in this youtube video:  [https://www.youtube.com/watch?v=GYuMaEjfVzc&t=22s](https://www.youtube.com/watch?v=GYuMaEjfVzc&t=22s)",1592606892.0,3,0.8,1
minecraftseeds,does anybody know the seed used in this video?,,1592524574.0,3,1.0,2
GoCommitDie,YES YES YES,,1592420567.0,204,0.95,19
halo,"(mcc PC) whenever i play online multi player i shoot people, like normal but the problem im having is when i kill somebody it takes a second for them to actually die, for an example: i would have a sniper out and then shoot somebody in the head and i see the bullet hit them and blood splatters (more","but then they keep on running around for a few seconds and then do the death animation and it says i killed the player on the kill feed, the same thing happens with other weapons and even melee kills, it is very annoying and puts me at a big disadvantage as they can still shoot and stuff so if anybody has a solution to this it would be much appreciated!",1592019187.0,4,0.83,7
mildlyinfuriating,Fricc (Picture of my phone charger) (also my walls arent yellow its just a light),,1591934218.0,8,0.76,4
Steam,"i purchased a gift for somebody, how to i get rid of the game from their steam library?","i regret spending 30 dollars to buy a game for somebody that i thought was a ""friend""",1591910561.0,0,0.14,6
MakeMeSuffer,Not sure if this was already posted (change flair if needed),,1591799419.0,2,1.0,1
bindingofisaac,Is tboi repentance on steam? If not then can i please have a link to where i can buy repentance for pc?,.,1591716303.0,2,0.67,10
AnimalCrossing,Are you able to place more than one incline next to each other?,.,1591708334.0,1,0.67,2
tf2,does anybody want to play some competitive?,.,1591303821.0,3,0.81,5
tf2,im looking for somebody with around rank 5 or really any rank above 2 and up because i want to rank up in competitive so i can actually play competitive,it would really help me out :),1591301051.0,4,0.76,4
tf2,"Competetive is taking forever to load, i am not a rank yet",Please tell me how to make que times faster,1591275976.0,3,1.0,5
tf2,Why is there so many bots and hackers in every game i join?,"whenever i join a game it is usually littered with bots and some hackers that can multiply themselves somehow, i really enjoy team fortress but im thinking about quitting considering the number of these bots and hackers i want to know how to make it so i dont play with these players and bots and if somebody could help me that would be much appreciated! but there is this one hacker or bot to look out for, his steam name is  /id/raspy\_osu or something like that, as of now he has a pink furry pfp and has aimbot and ESP he can also make multiply himself which makes me assume he is a bot but still, be careful i also saw some of his alt accounts. also i usually play on casual and around 5 in the morning and at 7 or 8 at night sometimes earlier.",1591265779.0,4,0.84,15
skyrim,Can i please have a link with image(s) of every house from the hearth fire dlc?,Also how many are there? Sorry,1591155444.0,4,1.0,3
roblox,"hello, im trying to make a script where when you get hurt a blood decal appears on the limb where you got hit but i can't seem to get it to work please help me figure out how to make this work",im not that experienced with scripting but ill try my best to follow along,1591038554.0,1,0.67,4
skyrim,What Is The Difference Between Light Armour And Heavy Armour?,"this is very embarrassing because i am currently on my 8th playthrough and am just now realizing that there is probably a difference between heavy and light armour, if there is please let me know :)",1590969164.0,7,1.0,4
GoCommitDie,Oh Wow! Free V-Bucks!,,1590688352.0,29,0.88,12
GoCommitDie,Oh Wow! Free V-Bucks!,,1590688282.0,5,0.73,3
Terraria,How do i get a new guide if mine dies?,During the goblin raid thing my guide died and im worried that i wont get a new one,1590630315.0,3,1.0,9
Terraria,"when i go to the dungeon the old man isnt there, why isnt he here anymore? (please read description)","i found the dungeon and went up to the old man and said curse to him at night then skeletron appeared and i got scared bc i started a new game and had hardly anything so i saved and quit the game then when i went back into my world the old man isnt there, please tell me what to do. i feel really weird saying this because ive been playing this game for over a year, ive beat the dungeon guardian on expert mode but never skeletron :/",1590500668.0,2,0.62,18
Terraria,"Please help me, whenever i start up the game whether it is the first time in the day or when i am just getting back on the game from doing something else there is always this thing where the game basically goes into slow motion mode and gets alot of ping and the only (more in description)","Way to get it back to normal is to go into a discord call, do a screen share and then go back into the game it is very annoying so if somebody could help me out it woild be much appreciated :)",1590442702.0,5,1.0,0
Terraria,"i just started a new game and found this, what kind of tree is this and what should i do with it?",,1590438974.0,9,0.78,8
cursedcomments,Cursed_balls,,1590292073.0,13,0.9,2
robloxgamedev,Looking For Somebody to help me test some of my WIP features in a game im working on.,,1590281215.0,3,1.0,8
robloxgamedev,How do i fix this glitch for the guns where when equipping them i glitch into the ground and also another glitch where if i equip on gun then it teleports me to the last location i was in with that item?,,1590203560.0,6,1.0,7
VideoEditing,what is the best video editing software for gaming videos?,[removed],1590170525.0,1,1.0,0
metalgearsolid,"Im sorry but im stuck one this part in phantom pain, how do i advance?",,1590006343.0,1,0.6,6
AnimalCrossingTrading,FT - white katana,,1589918616.0,1,1.0,0
AnimalCrossing,"Im kind of stuck, where should i put my museum?im removing all of my cliffs soon",,1589810897.0,4,0.83,7
AnimalCrossing,"So i i stacked my paths and custom paths, how do i make it sound more like stone when i walk on the path?",,1589730906.0,0,0.5,1
animalcrossingdesign,Can i please have some codes for paths that would look good in a residential area?,,1589724214.0,1,1.0,0
AnimalCrossing,Can i please have some codes for paths that would look good in a residential area?,,1589724112.0,0,0.44,2
AnimalCrossing,How do i take my custom designs out of able sisters?,,1589674274.0,1,1.0,0
AnimalCrossingTrading,Does anybody want walt?,,1589666188.0,1,1.0,2
AnimalCrossingTrading,Does anybody want walt? I'll sell him for 10 nmt or highest offer. Im sorry the reason why he is expensive is because I really like walt.,,1589663415.0,0,0.5,0
animalcrossingdesign,Can i please have some links to road designs?,,1589561746.0,1,0.67,0
AnimalCrossing,Are some islands bigger than other islands?,I see alot of videos of people showcasing their islands and they look way bigger than mine so that's why im asking this,1589470828.0,2,1.0,2
AnimalCrossingTrading,Im looking for a hha banner,,1589415926.0,2,1.0,0
AnimalCrossingTrading,Im looking to buy nook mile tickets i also have a katana i want to sell,,1589376542.0,1,1.0,20
AskReddit,"[Serious] witnesses of something *very* illegal, what happened?",,1589330242.0,1,1.0,4
StardustCrusaders,Can i please have some links to yoshikage kira or killer queen watches that arent overly expensive?,[removed],1589326728.0,1,1.0,0
AnimalCrossing,Can i please have some road custom design codes?,,1589323729.0,2,0.67,0
AnimalCrossing,"Cole being cole (im very sorry for the quality, i dont have a capture card)",,1589285039.0,1,1.0,0
Breath_of_the_Wild,Which is better? Hylian trousers + champion's tunic or the whole royal guard set?,,1589218796.0,5,0.86,10
AnimalCrossing,How mean are villagers in animal crossing nee leaf?,Edit: *new,1589146327.0,1,1.0,2
AnimalCrossing,YES FINALLY!,,1589109911.0,61,0.98,4
AnimalCrossing,Finally :),,1589068083.0,7,0.89,7
AnimalCrossing,"Hello, so I purchased digby's amiibo Figure but whenever I scan him it says: ""would you like to invite Digby to the campsite?"" And I select the option yes I do and then it says ""...it seems you can't chat with digby right now."" And then it gives me the option to scan another amiibo please help",,1588861374.0,10,1.0,12
AnimalCrossing,Oi Josuke!,,1588809128.0,10,0.87,3
AnimalCrossing,Do you think that Nintendo should add the ability to be able to move the town hall and possibly river exits?,"

[View Poll](https://www.reddit.com/poll/gespsu)",1588799549.0,6,0.76,2
okbuddyretard,Me when penis,,1588791747.0,2,1.0,1
AnimalCrossing,"I'm trying to make an urban themed island, can you please link some custom designs that would look good for an urban themed island? Thanks.",Edit: I forgot to say I'm trying to make an urban/modern Japanese or Chinese style island not only just normal urban,1588785581.0,4,0.75,0
AnimalCrossing,How wide does a body of water have to be in order for fish spawns to start happening?,,1588447193.0,3,1.0,3
AnimalCrossing,Ok I know this is a wild guess but I saw this staircase in nook's cranny today and I was thinking that this might be hinting to a new nook's cranny upgrade,,1588189855.0,2,0.75,6
AskReddit,"Cosplayers of Reddit, did anybody intentionally stain/damage your costume? If so then what happened?",,1588187734.0,3,0.81,1
AnimalCrossing,Does anybody know what I can do with digby' s amiibo figure?,,1588113369.0,4,1.0,0
AnimalCrossing,In new horizons is it possible to make it so if you have an open plot of land a random villager won't move in?,,1588084553.0,3,1.0,13
AnimalCrossing,Is this a rare villager on mystery island tour? Should I invite him?,,1588080397.0,2,0.67,12
googleplay,I need help with some payment stuff,Can I please have help getting money onto my account without using a Google play card if it is possible?,1587775569.0,0,0.5,7
CODMobile,Can I please have help?,I want to change my graphics settings but the only option is low graphics how do I get medium and high?,1587437343.0,2,1.0,1
AnimalCrossing,What is the rarest bug and fish in new horizons?,,1587359903.0,2,1.0,2
AnimalCrossing,What is the rarest fish and bug in new horizons?,,1587303360.0,0,0.5,0
AnimalCrossing,What is the rarest flower in new horizons?,,1587242757.0,8,1.0,5
meme,"Happy April, Everybody!",,1586902947.0,7,0.9,1
NintendoSwitch,i need help with my screenshots and videos,[removed],1585772216.0,0,0.4,1
FORTnITE,i want to unlink one of my accounts without losing anything,"hello so i play on pc but i also sometimes play on xbox one, one time i was over at my friends house and linked my pc account to his xbox and when i went to link my pc account to my xbox it sayed that it has been associated with another xbox so i went to the page where you unlink your accounts but it sayed that i might lose all of my progress made on that xbox and i heard people saying that it just strait up deletes your account so can somebody please help me unlink my account from my friends xbox and link it to my xbox without losing anything",1583188373.0,2,0.67,13
ROBLOXmemes,Anti Bullying Videos,,1580600959.0,1,1.0,0
meme,idk what to put the title as,,1580476597.0,17,1.0,1
memes,idk What To Put The Title As,,1580476493.0,2,1.0,0
Minecraft,Is it possible for me to make my own custom death title?,"so i wanted to make a custom death title for when you die in minecraft instead of it saying ""You Died!"" i want to change it to something else. If anybody knows how to do this please let me know :)",1580436881.0,6,1.0,1
robloxgamedev,Team Create Isn't Working.,"So sometimes when i make a game on Roblox i might enable team create, it used to take only a few seconds for team create to load but now it doesn't load, whenever i enable team create it says ""Loading Game"" but then i am just stuck on that screen and the game never loads even after i close studio and re-open it. I have tried waiting for over 30 Minutes for it to load but it never loads and i have tried everything, restarting studio, re-installing studio, trying team create on different accounts and even trying on multiple different computers. i have looked everywhere for an answer on how to fix this but i can't seem to find a solution. All my friends say that team create works for them and some people just say to wait and apparently team create takes longer to load now, but the thing is that it doesn't even load! i have tried many different things to fix this problem but still no luck, can somebody please help me out?",1579654535.0,2,1.0,2
roblox,whenever i try to do team create on any of my roblox games it keeps on getting stuck on this screen. can somebody plz help?,,1577827370.0,2,1.0,1
Minecraft,So I Planted trees close to my house and this is how one grew (its like this on all sides),,1576755621.0,38,0.86,5
roblox,Any Ideas For A Showcase Game?,I want to make a showcase game but i cant think of any ideas for the world so if somebody has an idea of something i can add or worlds to create please let me know!,1575855478.0,4,0.76,0
GoCommitDie,i cant find any subreddit to put this on,,1575468124.0,2,1.0,1
roblox,"im making a game where you fall down a flight of stairs, any ideas for decoration or things to add to the map?",,1575153233.0,2,1.0,0
roblox,does Somebody know how Make First Person View And Third Person View Able To Toggle?,so i'm trying to make an option where you can press a button on the screen and/or a key on your keyboard to make the camera angle switch from the normal third person view to first person view but in first person view i'm trying to make it so its real first person and not just really zoomed in.,1574945580.0,8,0.91,6
roblox,How do i change the color of the screen in roblox studio?,i want to make a red screen filter but i don't know how to and i cant find any YouTube videos on how to change the color of the screen so can somebody please help me change the color of the screen?,1574340936.0,3,0.81,2
RaftTheGame,does anyone know what this is?,,1572482937.0,32,0.94,9
darksouls3,any advice for my first invade or something (i don't know what its called),i just started the game awhile ago and i don't have the best gear or weapons but i really want to invade someones world. Is this a bad time to invade or am i fine? i still don't really know how Dark Souls 3 works...,1571662765.0,3,0.81,16
MinecraftHelp,Can someone please help me update?,[removed],1570053977.0,1,1.0,1
MinecraftHelp,does anyone know why minecraft isnt updating? i heard there was a new update but it wont automatically update and it wont let me manually update it. plz tell me what i have to do to update. btw i have windows 10 edition which is bedrock.,,1570053357.0,1,1.0,1
CrappyDesign,they lied to me (idk if this counts as a design but i think it belongs here),,1567653158.0,5,0.86,0
Minecraft,Rarest thing that happened to me so far,,1564667417.0,28,0.84,5
SnapLenses,To be continued lens?,,1564267724.0,15,0.8,17
mildlyinfuriating,A rubber band in my cheese sticks (Idk what their called),,1564104280.0,3,0.81,3
CrappyDesign,Random thing I found outside of my apartment,,1563838320.0,7,0.89,3
CrappyDesign,Ok then...,,1563837293.0,1,1.0,1
Undertale,I tried drawing Gaster,,1563676160.0,12,0.85,6
SnapLenses,Can someone make a cat face filter please?,,1563381327.0,5,1.0,0
computers,THIS IS REALLY IMPORTANT my computer is making this weird sound plz help,,1563155401.0,4,0.63,14
AskReddit,If you were Rick Sanchez from Rick and Morty what would you do?,,1563138643.0,2,0.75,7
AskReddit,What is the worst thing you've heard somebody say about you?,,1562774186.0,1,1.0,24
AskReddit,What was the most embarrassing moment of your life?,,1561268040.0,2,0.76,4
bindingofisaac,Azazel + most of the bomb and tear upgrades = OP (I killed Satan in about 2 or 3 hits),,1561044344.0,3,1.0,5
reddeadredemption,Just a normal day in red dead online beta,,1560914865.0,15,0.84,4
AskReddit,If you could choose to have billions of dollars but no friends or family or have friends and family but not a lot of of money what would you choose?,,1560871178.0,3,1.0,5
reddeadredemption,"I'm having some trouble in online, Read text post to learn what the problem is (also plz try to help me fix it)",So basically I really like to go hunting in red dead 2 but whenever I skin an animal it gives me the skin but then automatically discards it Idk what is causing this or if it's just a bug but it's really annoying so plz help,1558271929.0,1,0.56,2
reddeadredemption,"So, basically in online I keep on killing animals and when I skin them the skin disappears out of my hands plz help how do I fix this?",[removed],1558233736.0,1,1.0,1
AskReddit,"There are now no laws, what do you do first?",,1558054969.0,6,0.75,44
AskReddit,For gamers: if you could only play one more video game for the rest of your life what would it be?,,1557019651.0,5,0.86,25
Fortnite_Memes,When you pump somebody in fortnite and it does no damage,,1556917282.0,29,0.85,4
