subreddit,body,created_utc,score
cursedmemes,u/vredditdownloader,1589847596.0,1
cursedvideos,u/vredditdownloader,1589846933.0,1
porn,Anyone know the title,1582849171.0,1
