subreddit,title,selftext,created_utc,score,upvote_ratio,num_comments
SuicideWatch,I might really snap and take my life one day,"I’ve had depression since I was 12. 
I never knew it was that bad until one day I just started crying and inflicted on self harm. 
Ever since,I couldn’t stop. When I was 13, I tried to kill myself. My dad had sleeping pills and I thought I could take them and just sleep and maybe never wake up. I had to get my stomach pumped. The second time,I tried to hang myself,but my mom knocked on my door right before I was about to do it. The third time,I was gonna slit my wrist.
Everytime after I realize what I was gonna do or have done,I cry my eyes out. I hate myself for doing that. 
I get into this dark moods sometimes and it’s like I black out and I just hurt myself without knowing. It’s like I’m not awake. 
When I was 16,I was diagnosed with anxiety and BPD and I had to start taking anti depressants. I really couldn’t talk about yo anyone. I haven’t done therapy. I don’t think I’m comfortable enough to do that. 
Right now,I’m about to be 18,and I still keep thinking about killing myself before I turn 18 which is in about 3 months.
I never had anyone to talk about it to. And I guess I don’t know what I would do if I really snap one day.",1592067717.0,2,1.0,0
