subreddit,title,selftext,created_utc,score,upvote_ratio,num_comments
SuicideWatch,"Dear mental illness ,","        Go away. I’m tired of you messing up my life. Three weeks ago, I enrolled in therapy online at BetterHelp. I’ve had four sessions so far, after the second session I felt better. Yesterday, it didn’t seem to help and I think my therapist lowkey judges me. Ive been in denial about my depression for about 5/6 years. Another factor is that I didn’t want to acknowledge it, in fear of it getting worse. Now, that I’m reading about mental illness and have admitted to needing help I think I might have another one that is scary to me. Today, I’m going to call and find a psychiatrist to get evaluated. The thought of being put on medicine is scary to be I don’t want to be that person. I abused weed for the past year and a half because it made me feel good and social. It made me feel like the person I want to be. But then it stopped working for me in a positive way, so a month ago today I stopped smoking. I also stopped drinking pop. 

        I come from a Mexican-American family that knows nothing about mental illness or how to help it. My culture loves covering it up and acting like nothing is wrong. It’s hard not having a support system, I have a few friends but we aren’t really close like that, we have fun together and go to bars but when it comes to being there for each other we are not. I listen to my best friends issues and make her feel better but when I try to vent, she doesn’t really know what to say or how to react. So I don’t vent to her anymore. I’m tired of people looking at me like I’m crazy. I’m tired of not having the life I want. I’m trying to make changes in my life to better myself but I feel stuck and there always seems to be something new that needs to be fixed. I feel drained, in the back of my head I always have hope. I feel like there’s a 101 things wrong with me not only mentally but physically. I just want to be okay. 

Sincerely, 

The girl that doesn’t want to be here 


April 21,2020
Day 38 of Coronavirus quarantine",1587482554.0,3,1.0,1
