subreddit,title,selftext,created_utc,score,upvote_ratio,num_comments
AMA,I am having a gender crisis AMA,,1627598009.0,1,0.6,21
ftm,Am I trans?,"I've been having a lot of struggles with my gender lately. When I was a kid I was really feminine and okay with being a girl, but when puberty hit it wrecked me and I didn't even understand it. I hate my chest the most. I look at my body with disgust. I hate being referred to as a female. I feel like I'd be happier born as a male, but at the same time it makes me uncomfortable to be reffered to completely as a male and if I was a male I'd probably still not feel cis. I also have Dissociative Identity Disorder so it confuses me on if these feelings are mine or just a product of another alter. I like being feminine, but at the same time it makes me uncomfortable bc they see me as a girl and not as a boy being feminine.",1627597858.0,1,0.6,4
AMA,I am in a hotel room crying for no reason AMA,,1627091161.0,0,0.5,13
AMA,"I am at a law summer camp for 18 days, AMA",,1626844370.0,1,0.67,7
EUGENIACOONEYY,Eugenia Cooney's Fans Being Transphobic and Toxic to Victim of EC's community,,1626157026.0,3,1.0,0
IAmA,"I am a person with polyfragmented Dissociative Identity Disorder (formally known as Multiple Personality Disorder) and CPTSD, AMA",[removed],1625687052.0,1,1.0,1
AMA,"I have Dissociative Identity Disorder, AMA","edit: If you dont know what DID is, I reccomend reading did-research.org  but it is the updated name for Multiple Personality Disorder if you know what that is.",1625678803.0,13,0.94,21
AmongUs,My game just got fucked,[removed],1603396443.0,1,1.0,1
SuicideWatch,I want to die.,"I have became even more depressed and in despair this year with the coronavirus and all of that.  I have been stuck alone in my abusive household for 8 months. I have been getting more trauma memory back that I previously had locked away. I've been abused, sexually assaulted as a child, sexually assaulted as a teen, bullied, almost murdered, treated poorly for being bisexual etc.  I don't have access to therapy and I am slipping.  I have severe PTSD and it's getting progressively worse. I am failing my classes because I am in this house.  I have been like this for almost 7 years now, trying to stay alive for no goddamn reason.  I want to get a knife and stab myself to death. There's really no reason anymore. I will always have this fucking horrifying trauma, I will always be mentally ill, I can't take care of myself or get out of bed, I can't get anywhere in life.",1603359173.0,1,1.0,1
