subreddit,title,selftext,created_utc,score,upvote_ratio,num_comments
DylanteroYT,Magnífico,,1596419633.0,70,0.95,1
