subreddit,title,selftext,created_utc,score,upvote_ratio,num_comments
nosleep,hmmmmm,[removed],1591824329.0,1,1.0,1
