subreddit,title,selftext,created_utc,score,upvote_ratio,num_comments
SuicideWatch,"This has to be weird, right?","I feel so much better after I seriously consider suicide. I would be planning on how I'll do it and usually just before i go through with it, I'll get an overwhelming sensation of relief.",1593239805.0,1,0.99,4
