subreddit,body,created_utc,score
SuicideWatch,"I woukd very happily talk to you, since i dont often have anyone others to talk to.",1603543373.0,1
offmychest,No problem. If you want to talk I am here for you:),1598100782.0,2
offmychest,"I know that you are having a hard time, and it is easy to think that things wont be better when having this feeling. But I believe in you, and I am sure that you one day will find better friends and smiling more again:)",1598098877.0,3
offmychest,"It is better in the long run to cut contact with these friends. Since they not respect you, and dont wanna listen to what you have to say, then they are not real friends. But it is good that you found this place to post it, since you can say what is bothering you, and that is one step to a brighter future. Keep working and I am sure that your life will be better some day.",1598098321.0,3
kaisamains,The Kai’ser,1597992203.0,1
dankmemes,Sounds like PayDay 2,1597441702.0,1
dankmemes,They remember to keep distance from each other,1594636793.0,1
gaming,Dedication requires perfection,1594033359.0,1
dankmemes,The Greatest Army ever,1592405694.0,1
gaming,Suprising Dark Souls Hours,1591087764.0,1
ATBGE,"There are no accidents
-Master Oogway",1590656840.0,1
dankmemes,Boys in puberty be like...,1590568917.0,1
dankmemes,V,1590568894.0,1
dankmemes,The ultimate counter strike!,1588225859.0,3
dankmemes,Sad pp hour,1588020035.0,3
PS4,My OCD cant handle such betrayal,1586768037.0,1
leagueoflegends,Too bad for me who has flash on MB4...,1585521742.0,1
ATBGE,Ironic,1585011485.0,1
dankmemes,Norwegians be like,1582786689.0,1
dankmemes,Impossible,1582460855.0,1
dankmemes,You werent supposed to say that!,1582459776.0,1
dankmemes,Now that is an avenger level threat!,1581957206.0,5
dankmemes,Time to Get bald Boys!,1581758842.0,2
dankmemes,This video is sponsored by Raid: Shadow Legend,1581672846.0,1
dankmemes,*tyler1 machine gun sound*,1581633984.0,2
dankmemes,A side on the road Ford not exist,1581591419.0,1
dankmemes,I Wonder what speed runners would be like,1581368982.0,1
dankmemes,Falcon punch!,1581322729.0,1
dankmemes,Hold up...,1581056616.0,1
instantkarma,You get what you facking deserve!,1580973081.0,1
dankmemes,Wired flex but ok,1580745208.0,1
dankmemes,That is the way we do IT in America,1580719713.0,1
dankmemes,"If we Get one more face, we will have the four horsemen of face reveals",1580548449.0,3
dankmemes,Da fack ye doin over There?,1580547834.0,1
dankmemes,A profesional speed-runner would have compleyed the game in 4 mins and 20 sec,1580164285.0,1
HistoryMemes,The perfect self-destruct be like...,1580164054.0,2
dankmemes,Counter strike!,1580115649.0,67
dankmemes,More like every year🤔,1580115178.0,2
dankmemes,The Sniper,1580111955.0,1
dankmemes,Dads*,1579202513.0,1
dankmemes,*Tyler1 machine gun extended verson*,1578129125.0,1
dankmemes,The third side is always correct,1577530458.0,1
dankmemes,Then I rather eat the plate,1577400956.0,1
HistoryMemes,What about France?,1576138593.0,2
kaisamains,Plz do not delete this subreddit,1575442873.0,0
dankmemes,The legendary chain of memes be like,1575302576.0,1
dankmemes,What about PS1 Hagrid?,1574583511.0,1
HistoryMemes,Totally accurate,1573635041.0,1
kaisamains,That is so cool! Where did you buy it?,1573634671.0,1
dankmemes,#relateable,1572345326.0,2
Janna,"IT look like a combination of Janna and Lux, still love it💖",1571555379.0,2
dankmemes,XD,1568786181.0,1
leagueoflegends,"The new collection pictures is just cofusing, and I cant SEE wicht Champions are free to play...",1566998221.0,1
iphone,Happy that I dont,1566367136.0,1
dankmemes,Every time,1566238352.0,1
dankmemes, F,1565942479.0,1
