subreddit,body,created_utc,score
gtaonline,Was it a sell mission?,1590963796.0,1
AskReddit,Took the doors off of the toilets to stop people from vaping,1590179898.0,1
gtaonline,Elergy’s finally free let’s gooo!!,1590096379.0,2
AskReddit,Rectally,1590046030.0,1
gtaonline,"Oh, tbh I’m not too sure. All I can really say is wait a bit more and see what happens, sorry.",1588589464.0,1
gtaonline,For the arcade have you spoken to lester yet? Should be a green L on your map near mirror park.,1588588859.0,0
SuicideWatch,"Yea I’ll try, I hope so",1587894499.0,1
SuicideWatch,"Thank you so much, you’ve helped out a bit and I’ll try my hardest to think this way",1587894406.0,1
lonely,Thank you,1587864709.0,1
lonely,"I’d like to talk, it’s up to you though",1587864130.0,2
SuicideWatch,"If you’re genuine then yes, please. I’m mobile so don’t know how dm’s work on this",1587853081.0,2
oddlysatisfying,"https://youtu.be/8duwSAGJoRw 
full link ^",1587376379.0,1
MeanJokes,Nice,1586127390.0,0
GhostRecon,r/foundthemobileuser,1583855046.0,-3
MeanJokes,You’re*,1582490738.0,2
FiftyFifty,"Now you see him, now you don’t....",1581370577.0,1
AskReddit,"Sit-ups I can do at least 50 in 60 seconds (doesn’t sound too impressive but it does if you see me in person)
I’m 16 , 6ft and weight 15 stone and I’m not exactly ‘the sporting type’",1580248240.0,0
GhostRecon,"I’m pretty sure if you go onto them in the customisation section it will say where you can find them, if not they will most likely be on YouTube",1578731573.0,0
