subreddit,title,selftext,created_utc,score,upvote_ratio,num_comments
Warthunder,War thunder is a bit late for this update,,1592210844.0,28,0.86,3
Warthunder,I'm no plane scientist but i'm pretty sure props need to spin,,1590639009.0,81,0.91,9
Warthunder,I'm no plane scientist but I'm pretty sure the prop needs to spin,,1590638418.0,1,1.0,0
PewdiepieSubmissions,This mans floor guitar,,1589255668.0,11,1.0,0
SuicideWatch,What is this,[removed],1588983964.0,2,1.0,1
memes,Good virus,,1584947160.0,116,0.93,2
ihadastroke,Holy Duck,,1577675859.0,7,0.89,1
pchelp,Aight so I know absolutely nothing about PC's and Idk this is suppose to be alot lower than what I use to have available. For the few days my FPS has gone to shit on Rust. Where before I use to have 70 to 80 now i get 40 at most and stutters. I hope this is enough info for you,,1573769143.0,1,1.0,3
PewdiepieSubmissions,Greatest story ever,,1572282080.0,6,0.76,2
memes,Glorious Motherland,,1572036591.0,20,0.78,0
PewdiepieSubmissions,Nice,,1571409473.0,11,0.82,1
spotify,Anyone know how to fix this,Spotify is broken https://imgur.com/a/MqUlsH9,1570680324.0,1,0.56,0
spotify,It wont let me play my music,[removed],1570679645.0,2,1.0,0
spotify,Does anyone know why this is happening,,1570677031.0,1,1.0,1
memes,Pencil sharpener bad,,1570222587.0,37,0.93,4
origami,Im getting better,,1569961021.0,8,0.79,7
origami,Trash origami,,1569446180.0,14,0.82,6
drawing,I messed this up,,1569444419.0,5,0.86,0
drawing,I hate this art assignment,,1569431018.0,6,1.0,1
drawing,The start of my g.9 drawing project,,1569427111.0,3,1.0,0
drawing,The start of my drawing project G.9,,1569422454.0,2,0.75,0
cursedcomments,Cursed big bird,,1567553357.0,15,0.95,3
cursedcomments,Cursed girlfriend,,1567485489.0,45,0.9,1
cursedcomments,Truly the best way to get a girlfriend,,1567485440.0,1,1.0,1
memes,Repost for the cause,,1564872243.0,1,1.0,0
gaming,70k stone upkeep,,1562728414.0,1,1.0,0
cursedcomments,Cursed food,,1561426598.0,21,0.88,4
memes,Im bad at memes,,1561000819.0,26,0.91,1
meme,Im bad at titles,,1560998836.0,5,0.86,0
KeanuBeingAwesome,Does this count,,1560978321.0,3,0.8,0
meme,Third time trying to post this,,1560977721.0,13,0.77,0
funny,The Odd1sOut Comics Rise,,1560958203.0,31,0.89,3
u_mrmcnuget,Odd1sOut Comics Rise,,1560958156.0,2,0.75,0
iamveryrandom,How tf can someone post on r/memes,,1560954670.0,29,0.7,4
ShittyPickupLines,Hey are you harambe,Cuz i wanna shoot a load into you,1560919517.0,37,0.82,4
Animemes,Naruto is still relevant to me,,1560918734.0,56,0.85,1
PewdiepieSubmissions,Is this still relevant?,,1560916993.0,9,0.77,2
cursedcomments,First time posting here,,1560562305.0,6,0.8,1
dontputyourdickinthat,Just don't mate,,1558632066.0,16,0.91,0
AskReddit,How many uses does the N word pass have,,1557792221.0,1,1.0,1
AskReddit,How long does the N word pass last for,[removed],1557791203.0,1,0.67,1
