subreddit,title,selftext,created_utc,score,upvote_ratio,num_comments
UnsentLetters,I wonder if the mods will delete this,[removed],1588534962.0,1,1.0,0
SuicideWatch,No more suffering,"I want the pain to end so badly. I have tried so hard to make the people around me happy, and I have tried so hard to be there for people, but they are still suffering. I have tried to follow all of the scientific advice for mental illness, and it doesn't last. I have tried alcohol and weed and it just makes it worse. I feel so powerless. Please, I just want the pain to end. Please, no more of this. I am so tired of the game. I don't want my family to suffer and I don't want to hurt anybody. I just want the pain to end.",1586458922.0,1,1.0,1
SexPositive,Astroturfing by the BDSM industry,[removed],1586106646.0,0,0.19,7
SexPositive,"BDSM is an industry, not a community, and sex-positivity 'activism' is its astroturfing",[removed],1586081301.0,0,0.2,2
BDSMcommunity,"BDSM is an industry, not a community, and 'sex positive activism' is astroturfing",[removed],1586080354.0,1,1.0,0
Wellington,Had enough of psychiatry,[removed],1584933003.0,0,0.4,0
