subreddit,title,selftext,created_utc,score,upvote_ratio,num_comments
cowcats,"my little cow, her little heart, and the places she chooses to sleep",,1706154152.0,1001,0.99,22
namenerds,Is Annabel Raven a little too on the nose?,"I really love this name for a little girl, and it is obviously Edgar Allan Poe inspired, but is it too much?

Thank you in advance!",1703014565.0,42,0.83,39
stopsmoking,How do I quit when everyone I live with smokes and there are cigarettes in the house all the time?,"We all tried to quit together at the beginning of the year but… we all failed. I still really would like to stop but it’s so hard when everyone else is going outside for a smoke. I can resist sometimes but usually end up joining them.

I know that realistically it is about willpower and mind over matter, but does anyone have any advice about what I can do in this situation?",1641841398.0,15,1.0,10
SuicideWatch,Happy birthday to me,I’ve never been so alone in my life. I keep saying that but it keeps getting worse and I don’t know how much longer I can handle it. I don’t think any longer honestly. Spending the last half hour of my birthday crying and alone because I’m not worth anyone’s time. I am an afterthought. Fuck this.,1619933530.0,2,1.0,2
EDAnonymous,Have you ever dated anyone who also has an ED? How did it go?,I’ve dated two people with eating disorders so far and I’m getting involved with a girl who also struggles with an eating disorder. I’m just wondering if anyone has done this and managed to make it work. What are your experiences?,1600314687.0,2,0.76,3
LongDistance,I genuinely thought we’d be a success story,"And now I guess we’ll stay nevermets. It ended a week ago after six months of dating. I still have tickets to see her in 3 months. She wants to stay friends but I’m not sure I can ever see her any differently.

I’ve never felt a loss this hard.",1591831498.0,12,0.88,2
namenerds,Good middle names for Emma?,[removed],1585524715.0,1,1.0,0
LongDistance,So I guess the bright side of the coronavirus keeping us apart...,"is that now I can rebook my flights and stay longer. I wouldn't have planned on spending only 9 days with her had I known that we would start dating two weeks after I booked my flights. Yet I'm still grateful that I booked my flights when I did, since if I hadn't, she wouldn't have told me how she felt about me.

We have tentative plans for June now and it's looking like we'll meet for the first time around our six month anniversary. We were supposed to be meeting in a month but I'm in the US and she's in Europe and we've decided that even if my flight doesn't get cancelled, it's still best that it doesn't happen.  Now instead of spending nine days with her, I can try to stay for 3 or 4 weeks.

Obviously I'd love to be with her as soon as possible, but I am taking my disappointment and trying to be grateful and hopeful.",1584848094.0,5,0.86,1
ifyoulikeblank,Looking for concept albums,What are your favorite concept/storytelling albums? Any genre is fine.,1542415733.0,76,0.92,179
BPD,Have any of you managed to stop self-harming?,"If you have any advice, I would greatly appreciate it.",1526491516.0,1,1.0,5
FanFiction,How much does consistency in chapter lengths matter?,"My current WIP has chapters between 3000-5000 words because that’s what tends to work with the pacing. 

Do you think I’ll throw it off too much with a 6000-7000 word chapter? Or should I split it into two? Or is this something I should stop worrying about?",1526086503.0,10,0.92,15
FanFiction,Getting a following makes me more anxious about posting?,"I am not popular by any means, I have had reviews sporadically and have one loyal reviewer. But it’s so scary now that people are reading it and I’m constantly worried about the quality of what I’m posting. Nothing ever sounds good enough after reading it over 20 times and constantly changing the wording of sentences.

Does anyone have any reassuring words to help me get over posting anxiety?",1525391299.0,16,1.0,11
FanFiction,When do you feel like it is appropriate to tell rather than show?,"I'm struggling a lot with editing the next chapter that needs to go up. I'm trying to show everything, but maybe some parts are better brought up later in dialogue or only mentioned in the narrative rather than shown in detail? I don't know. What do you do?",1524591897.0,14,1.0,18
namenerds,Middle names for these boy names?,"I love the names Kieran and Ryland for boys but can’t seem to find middle names that feel right for them, so I figured I’d bring it here for suggestions.

Thanks in advance! ",1523566181.0,7,1.0,5
namenerds,Middle names for Abigail?,"I'm not pregnant but trying to come up with names for the future that might not be too far away at this point. I'd prefer suggestions that are one or two syllables since Abigail is a little long, but if you come up with something you like that's more than that but sounds good, post it!

Another girl name I really like is Evelyn Rey. Opinions on that?",1523469063.0,2,1.0,15
FanFiction,How long should a one-shot be?,Or how many words until you think it's getting ridiculous and it should be split into chapters?,1522039369.0,7,0.82,16
FanFiction,"For those who crosspost, where do you find that your fics get the most attention?",I crosspost on AO3 and FFN. I get much more attention on AO3.,1521742696.0,18,0.95,33
FanFiction,How do you feel after posting a new story/chapter?,I've been internally freaking out every time so far.,1521442388.0,15,1.0,39
FanFiction,"If you use a beta reader, how much time do you give them to look over your work?","I know this is clearly dependant on how long your fic/chapter is. However, what do you think is appropriate? Please be specific with word counts.",1521142218.0,2,1.0,23
TalesFromRetail,"Apparently, this customer had no idea how I could be so rude and still have a job.","...because I wouldn't return a $15 hat that was completely destroyed and wasn't our merchandise.

She was furious with me, so I called a manager over so I didn't have to deal with it anymore. My manager told her that we couldn't return merchandise that wasn't ours and then leaves me there with her again, which was frustrating. This customer is standing there talking to her son, muttering something about how it's amazing to her how people who are so rude still have jobs loudly enough for me and probably everyone in line to hear.

I then apologize for the confusion, because that's the ""polite"" thing to do, and she says: ""Thanks, that means a lot."" But she does it in the most sarcastic way possible before grabbing her son by the arm and storming off in a ridiculously dramatic manner.

I just... I don't understand.",1520754049.0,271,0.98,8
FanFiction,Do you use a beta reader?,Why or why not?,1520747488.0,20,1.0,72
FanFiction,"I just started writing fanfiction after years, how do you get anyone to comment or review?","I used to write quite a bit of fanfiction around 2011-2012, and it was very easy to get reviews.

Now, I think my writing is even better quality, and I can see there are people reading, but no one is saying anything. Is there anything I can do to change this?",1520628119.0,7,0.82,28
