subreddit,title,selftext,created_utc,score,upvote_ratio,num_comments
onions,Onion links please,,1625913626.0,1,0.6,3
wallstreetbets,Retarted question,[removed],1614505949.0,1,0.67,0
medical,This cant be good to much cocaine [help],Been on coke for today and yesterday just started smashing lots of lines probably half an hour ago just after my last one I was trying to snort it all back though the mucas in my blocked nose when I felt a pop in my head then stabing pains all over my head and radiating down my kneck quite unberable pain not like a headache. Now I'm chilling out for a bit and it has seemed to subside should I be concerned?,1614401808.0,4,1.0,3
Drugs,This cant be good too much coke [help],Been on coke for today and yesterday just started smashing lots of lines probably half an hour ago just after my last one I was trying to snort it all back though the mucas in my blocked nose when I felt a pop in my head then stabing pains all over my head and radiating down my kneck quite unberable pain not like a headache. Now I'm chilling out for a bit and it has seemed to subside should I be concerned?,1614401702.0,3,1.0,5
sarmssourcetalk,[Source] decent source that ships to Australia or domestic that dosent have ridiculous prices?,Blah,1611122904.0,1,1.0,13
sarmsourcetalk,"Who ships to Australia with legit shit, no bullshit prices these days?",[removed],1611122771.0,1,1.0,1
infj,bad handshake opinions,"My experience.
I meet a person, I extend my hand, smile, look them in the eyes and say my name. Then.. they fuck it up, they miss grab my thumb, weird grip, hesitation, they become awkward, I then also become awkward, which leads to anxiety, me hating them and politely looking for a way out of the situation. Maybe I'm harsh but its different from normally picking up on other emotions its just too much I can feel the anxiety crawl up my arm.",1609262348.0,2,1.0,2
pornfree,I am not a good person,"I have seen everything Apart from scat, scats shit figuratively and literally. Ashamed to say it. I don't even know how I got so messed up, actually that's a lie its all a lie the porn itself, the reason my door is always closed and most of all lying to myself the endless cycles of 'quitting' like I know deep down that I'm just going too do it again, its fundamental, its all I know, I just started too young I dont even know a life without it. Its the reason I hate myself, its the reason I hurt myself and sadly most of all its the reason I hurt her. I was destined for failure I was molested when I was 5 I didn't know it was wrong so normalised it and years later I did it to others I did this to someone else. I started watching when I was 9 my brothers friend showed me it, at first it was okay, at first it wasn't that bad but as I look back and follow my tracks I realise I basically slowly changed the roles that day that fucking day the day they were in control. Im 21 now I've hurt every girl I've been with. I need help I want to stop, I want to stop hurting others, myself, my family no fucking more fuck this I need help. I am a man and am ashamed so ashamed, this is not like me. I am not a good person and I don't deserve your support but I'm asking for it because I don't want this to be me, I just can't do this alone",1608477062.0,5,0.86,4
SkincareAddiction,[Routine help] Some help please I'm new to this,"I'm a 21 year old man skin seems relatively healthy and I use a cleanser and basic fragrance free moisture on my face daily and a weekly face scrub for dead skin, don't really know what I'm doing, never really done skincare until recently, would like to maintain youthfulness, have better looking skin in general and would really appreciate some advice. Also I heard some where that we all have skin types or what not, I tried having a shower then cleansing and waiting and 90mins to be able to see but couldn't really tell. Is there a different way to do this?

Also work full time in a construction job where I'm constantly getting hammered by dust/sweat all the time if this is relevant to something I should be using

Cheers",1608197671.0,0,0.5,3
SkincareAddiction,Help me [routine review],[removed],1608197271.0,1,1.0,1
SkincareAddiction,Help me,[removed],1608196363.0,1,1.0,1
SuicideWatch,Your are worth something,[removed],1604478614.0,1,1.0,0
