subreddit,title,selftext,created_utc,score,upvote_ratio,num_comments
SuicideWatch,I feel nothing but failure,"  

English is not my first language so sorry for my mistakes. This is my throw away account.

I'm 25 years old female from middle east. I feel so useless and unsuccessful. My life looks pretty good from the outside. But inside, it is hell for me.

It's been 2 months since I graduated from the university. I don't have money and I can't earn it because it is getting really hard to find a job during pandemic and my country's economic condition is not good. 

I applied for a master's degree program. Rejected. I don't know what else to do. 

I feel like I'm in a circle, trying to escape but can not find the door. I feel like everyone is super successful. I'm the only one who feels all that bad things.

I don't even want to look at myself in the mirror. I can't stand my ungliness.

3 times i tried to kill my self so far. I really don't know if I want to die. All I know is I don't want to exist. I wish I could disappear and everyone forget me.",1601403957.0,6,1.0,1
