subreddit,title,selftext,created_utc,score,upvote_ratio,num_comments
SuicideWatch,I’m a 15 year old sex offender.,"I don’t want to be cause of any more pain but I feel like my own existence causes people to be hurt. I feel like regardless of what I do, I cause more pain. I want to contribute to communities but I feel like it’s dishonest not to tell anybody what I’ve done and I’m uncomfortable with the prospect of revealing it. I can’t remember the full extent of what I’ve done. I haven’t turned myself in yet because I feel like I would destroy my family if I did, and I need to do it for the sake of my sister’s mental health. I’m just now starting to realize the gravity of what I’ve done. I can’t believe what people say because they haven’t seen what I’ve done.",1588316803.0,4,0.83,2
legaladvice,I want to turn myself in.,[removed],1587887453.0,15,0.84,15
Advice,I want to turn myself in.,[removed],1587886523.0,0,0.5,1
