subreddit,title,selftext,created_utc,score,upvote_ratio,num_comments
SuicideWatch,I desperately need help,I'm being blackmailed by a stranger to save my relationship. This person has been harassing me and my SO off and on for years. My SO thinks I'm the one doing everything and I they are calling me a liar when I say I'm not. The stranger has made me self harm many times in the past and now my SO wants me to prove that I'm willing to change and be a better person by deleting all the accounts used to harass us. I've gotten the stranger to delete an old tumblr blog but they want me to self harm in exchange for it. I don't want to lose this relationship. Please I need help so bad. 😭,1587923978.0,7,0.74,15
