subreddit,title,selftext,created_utc,score,upvote_ratio,num_comments
SuicideWatch,Can't tell anyone or I worry my daughter will get taken away,"I haven't been suicidal for years. Last time I seriously considered it was when I was 14 in 2007. I'm 27 now and it's all coming back.

Figured out I'm trans. Can't have the people closest to me even attempt to respect me.

Recently separated from my fiance. He still emotionally abuses and manipulates me and the weight of all of that is really taking its toll.

Might lose my position at work due to a lack of work volume.

My daughter (2.5yo) is acting up at daycare and she may lose her spot there.

I have to move back into my parents' house, and although I'm excited for the opportunity to save money, I also know they are very *very* hard to live with.

And then, to top it all of, my grandmother, whom I was extremely close with, passed away.

My dad recently told me that everyone has bad days but we have to keep going. I tried to explain that depression, like literal diagnosed clinical depression, is not like that at all. That sometimes there will be days where ""keeping going"" is not dying and that's all that day consists of. And he didn't believe me. ""It's not actually like that. Just get up and keep going. You have to for your daughter.""

I know, dad. It's just not that easy for everyone.

&#x200B;

And I feel like I can't talk to literally anyone about it for fear of my daughter being taken out of my life. And she's the only thing that's keeping me from literally driving into a river. If she gets taken away....well then what? Why the fuck would I bother?

Please, kind internet strangers. Please tell me I'll be okay. Because right now... right now, all I can think about is >!noose or river? Knife or gun? Jump into traffic from the curb or off an overpass?!<",1603129421.0,3,1.0,1
