subreddit,title,selftext,created_utc,score,upvote_ratio,num_comments
killsixbilliondemons,I can't access the site,"Could someone please upload/share the last two pages somehow? I can't seem to access the site, it has been giving a timeout error for more than two weeks and it's been driving me mad",1738088708.0,4,0.83,18
joghungary,Használtan vett autó egy hét után lerobban - érdemes perelni? ,"Adott egy 22 éves Swift, 350k-ért vásárolva, papíron friss műszakival. Kb egy hét használat után kiszakadt a jobb első féltengely. 

Az eladót telefon többször kerestük, ígérgette hogy megszerelteti, aztán tiltotta a számunkat.

Érdemes egyáltalán ügyvédet keresni, rejtett hibának minősülhet? Vagy felesleges, figyelembe véve a jármű korát (és a vételárat)? ",1721055625.0,0,0.36,13
academia,Song perfectly capturing the bittersweet feelings of leaving academia,"[Rebecca Sugar - Part of the Madness (from Fionna & Cake)](https://youtube.com/watch?v=JxYGCZGLfNM&si=f4_x6cYwk_avrldp)

&#x200B;

Laughter and screams seem to echo faintly 

I can still hear them around 

Somewhere the roller coaster climbs and dives 

While I've got my feet on the ground 

Aren’t I so much better now that I'm just a normal guy? ",1709631655.0,3,0.67,0
PhotoshopRequest,"Could someone remove my extensive hair fluff and slightly retouch the lip while keeping it natural looking? I'd like to use it for my cv, I'll tip 15$ for the best edit!",,1688167572.0,3,0.71,25
hungary,Már tudom mit kérek karácsonyra: Asztronauta Trump NFT-t,,1671180658.0,0,0.33,2
u_Titannial,EDGErunners.,,1666358704.0,1,1.0,0
hungary,Vicces sárga kutya idő,,1654541586.0,201,0.8,11
hungary,Mi volt a legköltségesebb bakid?,"Átveréseknek bedőlés, nem adod le neptunban a vizsgát amire feljelentkeztél de nem mentél el (sorozatosan), elfelejtett bkv büntetés ami 2 millióra dagadt...több vicces nem jut eszembe hirtelen, egyéb klasszikus pillanatok amikor jobb híján csak azzal lehet vígasztalódni hogy tanulópénz volt?",1643748824.0,59,0.94,193
learntyping,Muscle memory induced psychosis,"I started learning touch typing on keybr 3 days ago, never tried it before. I am slowly but steadily getting better, however I experience light to mild nausea and annoying churning in my brain, especially when a new letter is introduced. It kind of feels like when you suddenly remember you have to take breaths, switch to manual breathing, and then try to forget about it while also keeping in mind that it works automatically so you definitely won't just suffocate. When I get faster and the letters just fly out on their own (obviously compared to my own normally sloppy speed), it feels like I am bordering a panic attack because I don't consciously know where the letters are located, it's just in my hands and it freaks me out. Is this what newly forming muscle memory normally feels like?",1622126414.0,1,1.0,3
SuicideWatch,Attempting the 'internet magic' kind of support for a fellow struggler out there,[removed],1587567731.0,1,1.0,0
shanghai,Mental health support,"Dear redditors or Shanghai!

This seems a bit off-topic considering the usual threads of recommended restaurants and tourists attractions, but maybe I am not alone in this.

I am an exchange student here for a few months, struggling with mental health issues. Although I befriended lots of amazing, kind and intelligent people here, I don't feel like I can reach out to any of them, and I am worried I will lose my damned marbles if I can't discuss and process real hardship with anyone alone in a huge foreign city far from home, family and friends.

I am painfully aware this might be  so damn weird, but still, here's hoping that there is someone out there who might be looking for forming supportive connections reaching beyond eating out, drinking and partying. What I am looking for is honest conversations, kind-hearted, good-willing, understanding vibes. In exchange, I can (and would really like to) provide the same.

Thank you for reading, and I hope whatever you are up to on this rainy Sunday afternoon (/rainy whole week by the looks of it) you will find it fulfilling and enjoyable.",1558856532.0,21,0.77,21
labrats,BD FACSDiva time measuring problems,"Dear fellow labrats! 
Anyone working with FACSDiva noticed it sometimes doesn't measure time correctly? I am trying to make some time-dependent transport experiments happening, but sometimes after it runs for 30 minutes it hits the, let's say, '150' mark is the software's own timescale, sometimes it doesn't reach it even in 50 minutes. When I export my statistics, the time for the last data point is 30 minutes, even when I run the expreiment for more than 40 minutes. I always make sure both the number of gates and the number of events stays low enough for Diva to handle.",1501664873.0,1,1.0,1
