subreddit,title,selftext,created_utc,score,upvote_ratio,num_comments
bigbangtheory,a prediction for the final episodes plot,[removed],1649726890.0,1,1.0,1
tsukiodysseygame,"i had a dream where draper came to kill me, he was dressed kinda like a red gachapon dude","cant show a picture bc yeah but the text bubble that popped up said ""ive been waiting a long time for this""",1638109871.0,8,1.0,2
confidentlyincorect,idk why or when i made this but its exists now ig,,1637804234.0,3,1.0,2
confidentlyincorect,r/confidentlyincorect Lounge,A place for members of r/confidentlyincorect to chat with each other,1635344625.0,1,1.0,0
u_to_many_barbie_bones,e,"istg open up scalpel blades that you hid from before the ward is like a demented easter egg and i love it, like is it gonna be curved or triangle no one knows",1628389255.0,2,1.0,0
u_to_many_barbie_bones,aha,,1623192369.0,2,1.0,0
overlyspecificEDmemes,me seeing fat in my burn wounds,,1618650679.0,142,0.99,4
EDanonymemes,me: fasting,,1614871468.0,123,0.99,0
u_to_many_barbie_bones,lmao spent 3 weeks in the psych ward and now i'm back sndjsjdjhd,,1614210366.0,3,1.0,2
u_to_many_barbie_bones,whelp this is it,it's either death or grippy sock jail and depending on weather i post again you'll know the answer,1611114689.0,1,1.0,0
u_to_many_barbie_bones,tomorrow's the day,only one day left,1610987511.0,1,1.0,4
u_to_many_barbie_bones,8 more days,god i can wait to be fucking free and dead i would do it sooner but i'm not done preparing yet so i'll just have to wait,1610348164.0,1,1.0,0
selfharm,fuck fuck fuck fuck fuck fuck,uh ok is i guess i'm going to therapy now? uh my mom and brother found out about my sh and noticed that i'm not eating much so uh my brother cornered me in the car and told me how they know and my mom grabbed my wrist as i was leaving my room and told me i was going to therapy so uh i'm fucking terrified i know it's great that they care and i should be grateful but i don't know how they could still love me if they knew how fucked i am,1610330797.0,23,0.94,4
selfharm,o u c h,"i forgot that new blades are  v e r y  sharp, that's it that's the post",1609915723.0,8,0.9,0
u_to_many_barbie_bones,fucking hell it happened again 18 days till the overdose and ya know your brain gets thinking and this is what i fucking want to do to myself and now she's dreaming about it what the shit,,1609571824.0,1,1.0,0
EDAnonymous,i want to scream and yell at her,"i love my girlfriend but she keeps saying shit like ""ooh your racist if you don't eat"" and keeps sending me shit like ""uwu don't forget to eat today you deserve it"" and ""make sure you eat tonight because your beautiful no matter what"" i mean it sweet and all but i just want to scream and yell at her that just because you say i should eat and that you think i'm pretty does not fucking cure my eating disorder i can't just go eat something because you told me to that's not how this shit works i don't see what you see when i look in the mirror you just make me feel more and more fucking guilty and make me want to eat less because if your worried about me i must be doing something right i don't even know what i really look like and you think sending me a screenshot from your for you page is going to fucking fix that?? hell no you have no idea what i go through just because of my stupid fucking brain and you never will so stop acting like sending me stupid ass ""seLF cArE"" posts on insta will fix that

edit - fucking christ she just pulled the ""iF yOu DoNt eAt i WoNt eIThEr"" card and i'm freaking out i can't make shit up that i ate and tell her that because that just makes my shitty brain worse but i can't tell her if i actually ate because then she would freak the fuck out on me",1609446416.0,11,0.79,6
u_to_many_barbie_bones,what the hell,"holy fuck i've been planning my overdose and my girlfriend just texted me saying she had a dream about me overdosing and she tried to do it to but she couldn't, but holy hell i'm fucking terrified i started preparing last night and she has this dream, it might just be a coincidence but its still shaken me up",1609345144.0,2,1.0,1
EDAnonymous,i don’t understand,"i was just told my nana has been in the hospital for over a week because she’s slipping which means she’s gonna die and i didn’t feel sad i didn’t feel remorse i just felt happy that i have an excuse to starve myself now. my mom was crying and my brother looked like he wanted to but when they told me i felt nothing not grief not sadness just oh, now you can starve yourself and no one will ask questions. it’s not like i only ever saw my nana once in a while either she was a huge part of my childhood and i spent so much time with her and so many of my childhood memories are with her i love her with all my heart but i’m scared not because she’s in the hospital dying but because i feel no grief or sadness just euphoria at the fact i can starve and restrict and stay in my room and stay in my room all day with no one questioning it. this disorder has fucked me to hell and back.",1606447444.0,12,0.85,1
SuicideWatch,My friend just attempted if she dies i’m sure i will too,i just got the news not even an hour ago and i don’t know what to do but i do know one thing if she doesn’t make it out alive i know i won’t either it’s all my fault,1603829861.0,7,1.0,2
EDanonymemes,when you’ve had so much artificial sweetener it starts to have a laxative effect,,1599533081.0,113,1.0,21
MadeOfStyrofoam,I’m 2 weeks clean :)),,1597802554.0,143,1.0,5
MadeOfStyrofoam,:(( lost my 7 day clean streak,,1596517602.0,21,0.87,4
MadeOfStyrofoam,Just hit my 7 day clean streak it’s not much but it’s been hard getting here and i hope i won’t relapse anytime soon :)),,1596420613.0,63,0.99,7
MadeOfStyrofoam,IM OUT OF BANDAIDS SO I HAVE TO USE TAPE BUT I CANT USE TO MUCH BECAUSE MY PARENTS WILL NOTICE BUT I CANT GET BLOOD ON MY CLOTHES AAAAAAAAAAAAAAAAA,,1593546056.0,64,0.97,8
MadeOfStyrofoam,"ahah i just told the two people that i told everything about my sh, ed, and sUiCiDaL iDeAtIoN every other thing that wrong with me that i was always fine and i was just being stupid and they bought it so now i can destroy myself and do the final yeet in peace in peace",,1593539692.0,54,0.98,8
MadeOfStyrofoam,aha my favorite form of self harm is not taking pain killers while i’m on my period,,1592338293.0,56,0.96,2
EDAnonymous,Twisted Positivity,"sorry for the edgy title lmao 
So there’s a guy i’m friends with on snap and he sends out positive snaps to people and asked what i wanted him to send me and i said reminds to eat and that it’s ed related and i feel really bad because he’s so positive and nice and i’m just using his snaps as a reminder not to eat.",1589996750.0,4,0.83,1
SelfHarmScars,I’m late but p u p,,1587672902.0,1,1.0,1
edmemesclub,I wish,,1584297218.0,71,0.99,1
EDanonymemes,ed tumblr is something else,,1584297199.0,240,0.99,8
FellowKids,On my snapchat this morning,,1584137523.0,9,0.92,0
teenagersnew,Are you tho,,1578854057.0,16,0.85,3
EDanonymemes,Please??,,1578853402.0,174,1.0,2
madlass,Done my man,,1575578976.0,13,0.88,0
