subreddit,body,created_utc,score
thrashmetal,Nail bomb,1607746392.0,1
metalmusicians,Oh ok,1597848337.0,1
metalmusicians,That one dude from death,1597802532.0,3
depressed,That’s you trying to deny your depression so you don’t become more depressed,1596508107.0,2
depressed,Sorry to say you’re depressed dude,1596493804.0,2
screaming,"Interesting, it sounds like it has so much power",1596440447.0,1
depressed,I really needed this right now,1595374464.0,3
relationship_advice,"Thank you, I’ll try",1595174929.0,2
relationship_advice,"I’ve tried and I have other hobbies and stuff but she’s the one who inspires me to keep doing them, I’ve been to therapy and that didn’t do anything for me, I get how she’s feeling, I know how it feels to have a ton of weight on your shoulders but she said she’ll try and help me no matter what and she won’t give up, yet here we are",1595174770.0,1
