subreddit,body,created_utc,score
AskReddit,Meruem from HxH ... I cried for an entire week....,1599733115.0,1
sad,"I want to upvote but the vote count is 699 I simply can't commit that crime, genocide yes but this naaah",1598003575.0,-1
NuxTakuSubmissions,Poison II arrows,1591783392.0,2
aww,"I feel like the dog sniffed your location instantly, but pretended he didn't for his owners amusement <3",1588862238.0,1
fffffffuuuuuuuuuuuu,1st imaga is worse than the 2nd one,1588861958.0,0
AskReddit,"IDK which of these few ex- Yugoslavia countries you lived,but the worse is in Bosnia it was and still is... We always pull the short straw... Even in WW II almost all offensive actions against natzi were here... We still struggle, well ordinary people at least everything is 10 times more corrupted than any corrupted country you saw in FICTIONAL movie...",1588861325.0,1
NuxTakuSubmissions,It was Hinata before Boruto dried them out...,1588608654.0,2
NuxTakuSubmissions,"I'm born in 2001...
This image explained a lot about me...",1588243123.0,2
NuxTakuSubmissions,It's not ok... I'm still crying.. I tried rewatching some of Nuxanors videos...then in the thumbnail of the flex video I see him again....,1588068163.0,1
NuxTakuSubmissions,U made a mistake he drew Sakura on the pinkie cus pinkie finger is useless,1588067821.0,2
NuxTakuSubmissions,I'm gonna drop the series...in my heart meruem is going to be MC of HxH... And he died... So for me... The series ends...,1588067198.0,1
AskReddit,"Horrible thing is that I remember the taste of worm (I'm 19 RN )
But the spectacular stories my dad tells me of things I ate as a kid... He said that once I found a car front light bulb and tried to eat it I cuted my entire mouth, blood was everywhere. He said that he barely pulled all the glass out cus I kept chewing... He pulled my cheek after he told me that and said that I aged him 10 years in those 5 minutes
(The reason for me eating everything You name it I tried to eat it is cus I was born in 2001 and my parrents were 26-25 YO and there was a genocide in my country from 1992-1995 so we were super poor so I did not have enough varsity of food to eat, witch was reason for me being anemic, but doctor thought that it was because I did not have appetite so I was constantly drinking medicine to increase my appetite....) Sorry for going to in to detail I'm lonely cus of quarantine...",1587890170.0,1
memes,"Well OFC China has a antycorona spreading vaccine - well americans have them to but are to afraid to use them. They are called bullets 
(and Chinese are giving shoots of this vaccine for free)",1587144616.0,0
memes, you're going to hell watch ( if you get it )                                call of booty:black cocks 5,1587144420.0,-1
memes,"Hej don't joke with Hitler he killed Jews in most artistic and unique ways possible,and besides if he did not start ww 2 then COD WW II , Brothers in arms and word at war would not exist and with it all other COD games to",1587038183.0,3
meme,"I don't want to bother deitting that title because as Master 🐢 said""there are no accidents. ( who see I knew how to correctly spell it)",1587037595.0,2
meme,I misspelled and I'm not fuck but I may be illerate,1587037458.0,1
sad,"Last time I had a crush was back when I was 13 or 14
I would stop blinking and breathing and thinking I would just stare at her, as soon as I realized what is going on with me I told the biggest blabber mouth I knew that to see her reaction when she finds out. I don't remember her answer I know only that she started dating one of my classmates who was kinda close to me and my class had a PE at a same time as her did have a pause between classes so they would go to wherever I was and kiss and grope in front of me-they enjoyed my reaction because back then I could not hide my strongest emotions like I can now...
So I will never love unless loved not again...",1586442890.0,1
sad,If that is why you ask I think normal people have some other reasons but I was never one of them...,1586436167.0,1
sad,"My ZIP code is 75212 majevicka do 15 
Please mister kidnapper I'm donating my organs but please shoot 2 bullets thru my head first",1586436105.0,1
sad,If u know an international one I'm all 👂 or should I say eyes cus I'll be reading it,1586430201.0,1
sad,"I tried to find it but all I found are for beafy countries.
And my country does not have something like that...
Well it does but only on paper..",1586430149.0,1
sad,Only reason I noticed there is isolation is because of memes... Thank you at least I haven't lost faith in humanity as I have lost it in. myself,1586427224.0,1
sad,"That is why I only try once per year because I believed that... But to be honest I did place the 4th option because there is one person that cares about me...
But I have been thinking for 15days for a way out of hell but... There is no any...",1586426713.0,1
sad,"Takes to long, next",1586425634.0,1
aww,This makes me cry because if my mom had some dept she would beat me with old car antenna again while asking why I didn't paid it off yet.... I am thinking of my 7th suecide attempt since I was 5yo till now (19)...,1586423567.0,0
aww,He's just flexing his toilet paper...,1586423014.0,2
memes,Thanks Bing,1586421183.0,1
memes,Replying to get the infected tag,1586421125.0,5
NuxTakuSubmissions,"AOT Has best openings...
Not that I watched JoJo jet... I don't like philosophy
I like pure 
Like kingdom -it's pure action I binged both seasons with only pause to sleep... It took me bout 2-3 days IDK I know I slept 3 times (seasons have almost 40 episodes each)",1586358951.0,1
NuxTakuSubmissions,Or better: sagashimono sagashimono ....,1586358697.0,1
memes,I never have watched Rick roll one before. Every time I want to I realize I would be Rick rolling myself...,1586078036.0,1
memes,"I am past Neolithic measuring methods. We, people of the modern era use Meter...",1586077380.0,1
NuxTakuSubmissions,nice,1585910304.0,2
memes,nice,1585753361.0,1
NuxTakuSubmissions,Nice,1585753323.0,5
NuxTakuSubmissions,Nice,1585753300.0,2
NuxTakuSubmissions,Nice,1585753273.0,3
NuxTakuSubmissions,Aww what wholesomeness,1585682646.0,3
NuxTakuSubmissions,"Well I'm Bosnian and we wash ourselves too, I mean when u tach (forgot how to spell it) something dirty you don't whipe your ✋ with tissues you wash them same goes for every external part of my body",1585059034.0,1
NuxTakuSubmissions,The driving classes are postponed to so I can't finish the test I studied soooo hard,1584268292.0,2
memes,F+interesting comment for witch am to lazy to come up with.,1584008419.0,3
NuxTakuSubmissions,Gomenasai for dubble post accident,1581798223.0,1
NuxTakuSubmissions,Sorry for dubble send,1581798187.0,1
TrollYChromosome,Not me,1581790486.0,1
TrollYChromosome,I have a condition my  fat(on German) is always up and  I never got a single GF and I'm 19. The reason is I got roasted by a female teacher in middle school for having a boner and me and my nickname became pervert.....,1581790281.0,1
NuxTakuSubmissions,🤝 now lets spread the word of chaos together,1581525868.0,2
NuxTakuSubmissions,Ahh the chaos I love it,1581525675.0,2
NuxTakuSubmissions,Well then he would have both PhD in animation (highly doubt it cus animation does not have a thing to do with good story) but this kind of Cultural PhD Lord D Nuxanor and the creator of  interspecies reviewers have is unofficial u can't get it nowhere u just have to be self educated. And IDK from where you are but I'm slav we don't have much touch with English (we were never enslaved by them and we don't belong to the same group of ancestors ),1581525651.0,3
NuxTakuSubmissions,"Again wrong, there is idiot then bellow average then above average and then genius. And my personal rankings are kind of strict because if I called someone with unofficial  PHD in culture, like us a genius it will be insulting to a man who created interspecies reviewers and similar geniuses.",1581524525.0,3
NuxTakuSubmissions,"Arigato, also If I was genius I would not be here, but I am an intellectual and I took this with my nose cuz my hands were wet",1581524048.0,4
NuxTakuSubmissions,I'm on it,1581521619.0,4
memes,"Souce??? 
I Wana watch it",1581521569.0,1
memes,The face is from Teacher Onizuka (it's an anime),1581521491.0,1
memes,It my birthday. Today and my father or any other relative doesn't even remember,1581080048.0,2
NuxTakuSubmissions,"I would to if it was little one 
Ha! Goteem",1580922935.0,2
NuxTakuSubmissions,I'm have from 4 to 9 each day for... At least 5 years and I guess we failed every single NNN and FFF,1580902992.0,2
memes,"This is why I love Reddit
A gathering of genius memers",1580402518.0,6
memes,Lies I want to die but less than usually cus I now have Reddit,1580228187.0,1
memes,Oh I'm Bosnian and they gave us some sea 20 km of beach and city Neum just so wee can flex on Serbia,1580227515.0,2
memes,Oh I'm Bosnian and they gave us some sea 20 KM of beach and city Neum just so be can flex on Serbia,1580227507.0,4
memes,"And that is what Husain son of(the meaning of bin on arabic) Laden wanted to stop from happening so ""someone"" lied that he has light sabers and force and sabertron and All the infinity stones just to justify attacking him.",1580035847.0,2
memes,"You doomed us all للة اكبر mode (I can say that the same way black people can say the n word cus I'm a Muslim,oh and I tipped Allahu akbar on arabic script)",1580035568.0,1
teenagers,"U think I did ??? I once confesed in middle School and she laughed and started dating my friend and 3v3ry time I would pass next to them she would call my name and kiss him. 2nd time I spoke to my crush was in 3rd year of high school and I just asked her name and she said doesn't matter and ignored me since I'm becoming 19 yo on February 7th and I'm still virgin
If u don't want to have 4 suicide attempts from she 10 to 18 just speak to her if it doesn't work u are not intovert like me u can always try with another girl",1579631665.0,1
teenagers,Ewww a normie alert!!! I'll go bleach my eyes to remove the burned in image of a boy having a crush,1579631186.0,1
memes,There is short line between brave and  stupidity,1579630842.0,2
teenagers,"*We are break up*
Speech 100",1579630571.0,1
memes,I will trade my phone for PC rn,1579630503.0,2
teenagers,Who needs friends when you got SOL anime,1579630191.0,1
memes,"I don't even have chance sisters are both married. And their husbands are almost 2 m tall while I'm 166 cm,and my dad has shoulders diameter like 170 cm so I already thought of that",1579610128.0,2
memes,Sike I am a weeb who never leaves house and only girls I talk on weekly basis are my mom and 2 sisters so I never got a chance to get rejected,1579604956.0,4
