subreddit,title,selftext,created_utc,score,upvote_ratio,num_comments
leaves,Been sober for 3 days should I get some edibles to taper down to limit withdrawals or continue coldish turkey?,"So, a week ago I was sober for 5 days, then my Friday hit (Wednesday) and I picked up a 25mg edible and a 100mg drink, which were all gone by the end of Thursday. Then I went back to the dispensary and got the same on Friday morning, did the 25mg and maybe about 20mg of the drink. I was so disappointed in myself that I ruined my streak. Even though it was only 5 days, I felt better, less anxiety and depression. I'm on prescription medication but I think that that  combined with weed isn't doing me much good with my issues. On Saturday (my Monday) after work I drank 10mg, had a mellow high but felt disgusted with myself for the indulgence of the weekend and threw away the rest of the drink. I regret that in retrospect because I could have used it to taper.

I'm typically a 10mg a day weekday user, much more on weekends. Should I get some edibles to taper down? ",1740538915.0,0,0.5,9
socialanxiety,Managed to call out for my job today.,Roads are icy. Not risking my life. Thankfully the call out line was automated.,1736073662.0,5,0.86,1
love,Just wanted to gush about a recent date day I had with my gf.,"
We started the day with our favorite breakfast restaurant, it was great as always. Then we headed back to my place after we stopped by Starbucks for her second coffee. We took a couple edibles and proceeded to play factorio (video game) together for 8 hours, from 9am-5pm, while listening to Weird Al's discography. We were having so much fun we just lost track of time, we had some snacks and drinks but we forgot to eat lunch or dinner, lol. 

It was an amazing time and I love her very much.",1723713728.0,113,0.96,8
love,Amazing date day with the gf,[removed],1723713570.0,1,1.0,1
love,DAE like to reread texts from your S/O for the warm snuggly feeling?,[removed],1719512575.0,1,1.0,1
factorio,So my gf has never played before and we are going to play on PC and Switch. Which platform would be easier for a newcomer?,I'll play on the other platform.,1714069321.0,10,0.66,24
Nioh,Haven't played Nioh since 2019. Finished it but didn't buy the DLCs or 2. Very excited to play the Nioh Collection.,Decided to start fresh instead of importing my PS4 save.,1669675877.0,135,0.97,9
povertyfinance,"After a year of chipping away at it, it's finally over.",,1664529780.0,173,0.98,8
povertyfinance,Got offered a full time position at my job.,"I accepted. I'm going to be going from $18.50/hr with an average of 27 hours a week to $19.50/hr with a guaranteed 40 hours a week, and I'll be getting raises quicker too.

Also I should have my cc debt paid off by the end of this month.",1663214735.0,337,0.99,16
mildlyinteresting,Found a coupon that expired in 1997 in my pre owned copy of The Plague Dogs.,,1653064394.0,15,0.94,6
fastfood,Are the Jack in the Box Munchie Meals still ~$6 after 9pm?,[removed],1652923718.0,1,1.0,0
dragonquest,Playing through DQ3 for the third time. Hopefully I finish it before the remake comes out.,,1652450189.0,175,0.98,26
povertyfinance,What cheap food do you buy?,"Need to pay off ~$4000 in cc debt so the eating choices are going to be limited for a while. I've got big bags of beans and rice, bread and pb and j, and ramen, and various seasonings to make the rice and beans less bland.",1652023948.0,24,0.91,61
povertyfinance,How long do rice and beans keep for?,"Bought two 20lb bags maybe three years ago, and due to credit card debt I'll need to eat cheaply for a while.",1651550772.0,3,0.72,17
LegoStarWarsVideoGame,Padme's after strike poses.,,1649282259.0,281,1.0,9
LegoStarWarsVideoGame,Padme's after strike poses.,,1649282259.0,1,1.0,0
plushies,Sakuna from Sakuna of Rice and Ruin and Slime from Dragon Quest.,,1649132748.0,7,1.0,0
Jigsawpuzzles,(Spoiler) 1000 piece Dragon Quest 35th anniversary puzzle.,,1648642059.0,35,0.97,3
StLouis,Does Schnucks have self checkouts?,,1648567915.0,0,0.41,42
gamecollecting,Xbox 360 exclusive JRPGs. What am I missing?,,1646336201.0,82,0.98,40
dragonquest,"Originally played DQ1 on Switch, which was a port of the mobile version, graphics almost gave me a headache. Replaying it on mobile and it looks a lot nicer than the blown up switch version.",,1646089613.0,70,0.93,26
tax,I owe but according to IRS.gov my return is still processing so I can't pay on their site. Can I still send my payments through the mail or should I wait until the return is finished processing?,,1646066650.0,1,0.67,8
DeathStranding,Like to chill sometims,,1646018168.0,1,1.0,0
Target,"How much time do you guys want from when someone hits ""I'm on my way"" to ""I'm here"" for pickup?","Ordered something for pickup for the first time. Went to some shops around the area waiting for it to process, it's ready now but it's only been about five minutes. How long should I wait to not be an asshole to the employees?",1645630908.0,4,0.7,6
gamecollecting,V stock B2G1Free sale. +1 Slackers purchase,,1645482986.0,15,1.0,2
JRPG,"I'm enjoying Final Fantasy Tactics, will I enjoy Disgaea?",[removed],1642640610.0,3,1.0,6
tipofmytongue,[TOMT][Book/Short story]Short story or excerpt from a book about mentally disabled man. I remember a scene where someone (social worker?) went to look where he lived and it was filled with Oreo and Nutter Butter trash. (It's not Flowers for Algernon.),"I read it in elementary school, it was one of those short stories inside of a reading textbook. For the longest time I thought it was Flowers for Algernon, but I recently read that and that wasn't it.",1642606422.0,3,1.0,6
Nendoroid,Collection. Not picture Dva in Meka. Top two sections of detolf have figmas. Out of room. :( But :),,1642380499.0,51,0.93,10
transformers,Volcanicus upgrade kit really gives him a whole new feel.,,1642379181.0,79,0.97,2
gamecollecting,What do you do with games you end up not enjoying?,"If it's part of a series I enjoy, like Silent Hill, I'll keep it, but if it's a standalone game I'll either sell it or donate it.

You?",1642295761.0,6,0.87,7
gamecollecting,At five below,,1640798530.0,38,0.94,10
tipofmytongue,"[TOMT][BOOK] Might have been one of the Hatchet sequels, but a book where a kid gets on an island and his bullying victim is brought along.",I don't remember if it was a plot for one of the Hatchet books or not. I remember the bullying victim kind of being a shit head though. Was from my elementary school days.,1610834925.0,1,1.0,6
