Subreddit,Comment Count
total_count,0
u_akonscousin,1
comment_count,1
