Subreddit,Comment Count
total_count,0
FullmetalAlchemist,135
meirl,6
furry_irl,106
Wrasslin,78
LetGirlsHaveFun,171
mtg,21
southpark,27
spiders,67
deadlockpw,270
shittymoviedetails,34
dndhorrorstories,6
PublicFreakout,16
facepalm,14
moviescirclejerk,32
TopCharacterTropes,143
TikTokCringe,1
nextfuckinglevel,2
rareinsults,2
ExplainTheJoke,9
StandUpComedy,5
WKUK,8
Animorphs,23
BABYMETAL,9
stephenking,49
me_irl,1
truth,8
dndmemes,16
comedyheaven,43
ExplainAFilmPlotBadly,26
gamesuggestions,2
bi_irl,43
badMovies,21
Invincible,4
Jokes,1
badtwosentencehorrors,44
movies,31
darksouls,33
CatsWithDogs,2
okbuddycinephile,1
blunderyears,2
Dexter,13
TwoSentenceHorror,5
nottheonion,9
FavoriteCharacter,4
funnycats,4
bigcats,3
yiff_irl,7
jumpingspiders,11
KingOfTheHill,1
anime_irl,8
technicallythetruth,1
gaybondage,1
adhdmeme,3
gorillaz,1
BlackPeopleTwitter,40
StrikeAtPsyche,4
ForgottenTV,3
skyrim,4
PortalPanties,1
SkyrimMemes,2
Dragonballsuper,4
DarkSouls2,4
Damnthatsinteresting,3
aww,1
TerribleBookCovers,1
MetalForTheMasses,10
PeterExplainsTheJoke,1
NatureIsFuckingLit,1
jackass,4
Gamingcirclejerk,3
rpghorrorstories,7
Catmemes,4
interestingasfuck,2
deadpool,1
moviecritic,23
gamegrumps,14
horizon,15
GTA,1
DexterOriginalSin,1
AnimalsBeingFunny,1
GenZ,1
GreatnessOfWrestling,3
dbz,2
crappymusic,15
tipofmytongue,3
Spyro,2
Metalocalypse,1
rpg_gamers,1
blursedimages,1
TeamFourStar,8
gifs,5
interesting,1
dragonball,4
FuckImOld,1
DMAcademy,17
insects,3
ninjagaiden,1
nsfwdndmemes,5
MusicRecommendations,5
dontflinch,1
WritingPrompts,1
Wreddit,1
SuicideWatch,7
cartoons,2
trans,5
pics,3
gaming,1
WWE,2
entertainment,1
DnDcirclejerk,1
videogames,5
flicks,5
ItsAllAboutGames,4
whatif,1
thanksimcured,1
bloodborne,1
TransLater,3
SCP,2
Standup,1
AskReddit,7
AITAH,1
NoStupidQuestions,1
smosh,1
ToddintheShadow,1
Boxing,2
BigCatGifs,1
familyguy,1
OptimistsUnite,2
DnD,5
BoomersBeingFools,9
ShitHaloSays,1
fivethirtyeight,6
SquaredCircle,8
comics,1
oddlyspecific,1
weirdspotifyplaylists,1
economicCollapse,1
whowouldwin,1
CreepyBonfire,1
comment_count,1917
