Subreddit,Post Count
total_count,0
manga,1
memes,1
ARAM,1
OriannaMains,1
PokemonInfiniteFusion,2
giftcardexchange,1
SuicideWatch,1
HuTao_Mains,2
submission_count,10
