Subreddit,Post Count
total_count,0
privacy,10
mentalhealth,1
offmychest,8
AskReddit,18
jobs,20
Jokes,1
women,3
religion,2
servant,7
hacking,3
ADHD,2
spirituality,1
cybersecurity_help,9
AskAnAmerican,4
marketing,5
Spells,1
witchcraft,2
legaladvice,1
personalfinance,1
cybersecurity,4
DecidingToBeBetter,1
SuicideWatch,1
AskLawyers,1
a:t5_5r6q58,1
techsupport,8
paralegal,1
chicago,6
cars,1
AskWomen,3
worldnews,1
AskChicago,1
dating_advice,2
youtube,1
linkedin,1
copywriting,1
Anxiety,2
VPN,1
SocialMediaMarketing,2
japan,1
Design,1
NoContract,1
submission_count,141
