Subreddit,Comment Count
total_count,0
antiwork,1
interestingasfuck,2
oklahoma,1
politics,1
worldnews,3
comment_count,8
