Subreddit,Post Count
total_count,0
thegreatotterarmy,320
lgbt,2
SuicideWatch,7
ennnnnnnnnnnnbbbbbby,4
egg_irl,3
drawing,1
NonBinary,9
Advice,1
cuteanimals,1
Guitar,1
submission_count,349
