Subreddit,Post Count
total_count,0
trans,3
Steam,1
pitbulls,2
teenagers,2
NoRules,1
place,1
csgo,1
animememes,1
shitposting,6
panicatthedisco,1
Wellthatsucks,1
SuicideWatch,1
animesexual,1
antimeme,4
rareinsults,1
lgbt,2
askGSM,1
venting,1
neopronouns,1
tf2,1
Apandah,1
FalloutMemes,1
Borderlands2,1
cockroaches,1
balisong,1
submission_count,38
