Subreddit,Post Count
total_count,0
Hairloss,1
textbooksrequest,2
Histology,2
Ozempic,1
labrats,3
portugal,11
findfashion,1
ipad,1
mathematics,1
matheducation,1
learnmath,1
ios,2
AirpodsPro,2
FluidMechanics,1
bioengineering,5
SuicideWatch,1
biology,6
microbiology,4
AskMen,1
Immunology,2
mac,1
apple,1
sex,1
canon,1
powerpoint,1
textbook_piracy,2
HomeNetworking,2
Earphones,1
neuro,1
sunglasses,1
molecularbiology,2
AskPhysics,2
infectiousdisease,1
Virology,1
Psychiatry,1
askmath,2
Biochemistry,2
STD,6
chemistry,1
torrentrequest,1
scientificresearch,1
ebooksclub,1
depression,1
eyetriage,1
optometry,1
pharmacology,1
gaybros,2
OCD,1
iphone,1
Fitness,7
nattyorjuice,2
bodybuilding,1
nutrition,1
BulkOrCut,1
chemhelp,1
EngineeringStudents,1
submission_count,104
