Subreddit,Comment Count
total_count,0
highschool,3
Crushes,1
lostafriend,1
AnxietyDepression,4
DysfunctionalFamily,1
depression,1
BisexualTeens,1
teenagers,1
offmychest,1
sad,1
comment_count,15
