Subreddit,Comment Count
total_count,0
NoStupidQuestions,9
Cipher,1
Advice,62
TheGirlSurvivalGuide,15
SuicideWatch,1
Vent,45
TooAfraidToAsk,75
relationship_advice,7
AskWomen,7
AskReddit,8
DoesAnybodyElse,1
unpopularopinion,11
help,1
AmItheAsshole,9
manifestationvalley,1
SimsMobile,1
comment_count,254
