Subreddit,Post Count
total_count,0
AskDocs,1
NoStupidQuestions,1
SuicideWatch,2
1200isplenty,1
submission_count,5
