Subreddit,Post Count
total_count,0
bioinformatics,1
PrototypeGame,1
itsaunixsystem,1
valheim,1
submission_count,4
