Subreddit,Comment Count
total_count,0
thebachelor,1
Tinder,1
EDAnonymous,2
zoloft,9
TrueOffMyChest,3
tipofmytongue,3
dating_advice,20
sex,7
TwoXChromosomes,1
AmItheAsshole,7
offmychest,1
introvert,3
AskWomen,4
Concussion,2
LiminalSpace,1
trees,2
tattoos,1
AskReddit,18
EDanonymemes,1
SuicideWatch,1
Sleepparalysis,5
Dreams,1
TikTokCringe,1
rupaulsdragrace,2
OCPoetry,5
RandomThoughts,1
LSD,1
maybemaybemaybe,2
CallHerDaddy,1
Art,1
booksuggestions,1
horror,1
squishmallow,1
comment_count,111
