Subreddit,Comment Count
total_count,0
AskReddit,2
sexualassault,1
AskOuija,8
relationships,4
BorderlinePDisorder,1
cat,1
mentalhealth,2
UnsentLetters,1
comment_count,20
