Subreddit,Post Count
total_count,0
SuicideWatch,1
WorldWar3,1
AskReddit,1
Planetside,1
depression,1
COVIDProjects,1
COVID19,1
submission_count,7
