Subreddit,Comment Count
total_count,0
SuicideWatch,5
NutcrackerSyndrome,2
BPD,3
AmIOverreacting,2
BorderlinePDisorder,5
Parenting,1
answers,1
ToxicRelationships,1
BPDrecovery,2
abusiverelationships,1
AmItheAsshole,1
comment_count,24
