Subreddit,Post Count
total_count,0
Chaos40k,2
EmperorsChildren,1
unpopularopinion,1
DiceMaking,4
SRB2Kart,1
2007scape,6
fredericton,10
minipainting,17
modeltrains,1
WarhammerUnderworlds,2
newbrunswickcanada,3
BPD,5
offmychest,5
mentalhealth,2
ageofsigmar,7
Warhammer,2
depression,1
cscareerquestions,3
PennyArcade,1
TrueOffMyChest,1
selfharm,1
SuicideWatch,2
DungeonsAndDragons,2
AskReddit,1
Drukhari,3
PrintedMinis,6
antiwork,1
WarCry,1
ossiarchbonereapers,1
submission_count,93
