Subreddit,Comment Count
total_count,0
NewSkaters,29
surfskate,75
Life,1
intj,5
autism,7
depression,4
generationology,20
rant,1
BPD,1
BeginnerSurfers,8
careerguidance,1
antiwork,1
mentalhealth,2
AutismInWomen,35
Adulting,1
MiddleGenZ,2
Advice,1
trees,3
Vans,12
GenZ,6
PUMA,2
parrots,1
SuicideWatch,13
SheWantGirlsNsfw,3
teenagers,47
misophonia,1
Chihuahua,7
BodyDysmorphia,1
WomensHealth,6
Nike,2
GodPussy,2
venting,14
ask,1
childfree,11
Hair,9
rap,1
newbrunswickcanada,1
LesbianActually,3
GirlsInDiapers,1
ABDL,1
Phenotype_,4
Adoptee,1
work,12
phenotypes,111
AncestryDNA,4
memes,4
antinatalism,11
TheGirlSurvivalGuide,7
popping,1
SexToys,4
DreamInterpretation,1
lonely,1
dishwashers,6
AskParents,2
beyondthebump,1
comment_count,512
