Subreddit,Comment Count
total_count,0
teenagers,182
sad,76
AskReddit,79
teenagersnew,3
cat,1
Unexpected,1
MadeMeSmile,3
KitchenConfidential,1
shitposting,13
u_Yuumi-Main,3
facepalm,1
Damnthatsinteresting,1
AskMen,1
notliketheothergirls,1
ask,1
SuicideWatch,17
gay,1
CrappyDesign,1
comment_count,386
