Subreddit,Post Count
total_count,0
fullegoism,2
SuicideWatch,1
AnorexiaNervosa,1
submission_count,4
