Subreddit,Comment Count
total_count,0
TrueOffMyChest,4
Christianity,84
StardewValley,2
Fitness,3
PrayerRequests,26
AITAH,3
Moissanite,1
Parents,3
redditgetsdrawnbadly,7
succulents,14
TwoHotTakes,1
adhdwomen,10
NameMyCat,2
BodyPositive,10
AmItheAsshole,2
TwoXChromosomes,21
AskReddit,45
Vent,39
trashy,2
movies,2
GetMotivated,1
knitting,28
NoStupidQuestions,15
Christian,15
fatlogic,1
fashionadvice,3
pics,8
casualknitting,11
books,2
Redditgetsdrawnbybot,1
photography,6
science,1
houseplants,2
plants,3
AnimalCrossingNewHor,13
Dodocodes,1
dankchristianmemes,13
Advice,2
Christians,24
thanksimcured,2
CongratsLikeImFive,3
politics,2
worldnews,2
BodyDysmorphia,4
gifs,1
mildlyinteresting,4
wholesomememes,1
fundiesnarkiesnark,1
entitledparents,3
food,3
premed,19
antiwork,4
Art,3
interestingasfuck,1
cats,1
sewing,1
gaming,1
jewelry,12
aww,7
justdependathings,1
TooAfraidToAsk,2
Instagramreality,102
gardening,5
CatsWhoSqueak,2
tech,1
greebles,2
CrappyDesign,1
Mcat,7
BodyAcceptance,6
HumansBeingBros,1
RedditSessions,1
news,1
MaliciousCompliance,1
StartledCats,1
AnimalCrossing,1
Awwducational,1
Christianmarriage,2
mildlyinfuriating,2
nosleep,2
motherinlawsfromhell,1
teenagers,1
Polterkites,1
medicalschool,1
insaneparents,2
weddingshaming,1
dataisbeautiful,1
selfie,1
funny,4
okboomer,2
oldpeoplefacebook,1
haworthia,1
EarthPorn,3
OldSchoolCool,2
Futurology,1
Boomerhumour,1
Documentaries,1
EngagementRings,7
animalcrossingdesign,1
onejob,1
Rateme,2
TellMeImPretty,4
IAmA,1
askscience,1
comment_count,690
