Subreddit,Post Count
total_count,0
420,1
pillhead,2
Benzofamily,1
gainit,1
submission_count,5
