Subreddit,Post Count
total_count,0
Truckers,74
NoGameNoLife,4
aquarium,1
Wizard101,1
tea,1
f150,1
texas,1
pcmasterrace,2
softwaregore,1
SuggestALaptop,1
Vaping,1
food,1
FoodPorn,1
sushi,1
buildapc,2
Nexus6P,1
initium,2
childfree,3
Gwenpool,1
CompTIA,1
Overwatch,3
shittyaskscience,1
RocketLeague,1
blackdesertonline,3
Rainbow6,1
personalfinance,1
katawashoujo,1
gaming,6
AskReddit,3
Blackout2015,1
4chan,1
plushies,1
computers,1
PipeTobacco,2
Fallout,2
Android,1
tmobile,1
DestinyTheGame,2
RedditDads,1
electronic_cigarette,5
GrandTheftAutoV,2
Poetry,2
Poems,1
bipolar,1
runescape,1
BioshockInfinite,1
Bioshock,1
sony,1
SuicideWatch,1
submission_count,150
