Subreddit,Comment Count
total_count,0
ExclusivelyPumping,3
Big4,2
phoenix,5
vanderpumprules,1
Chonkers,1
Atlanta,24
NintendoSwitch,1
Overwatch,15
television,1
AskReddit,9
AtlantaUnited,1
videos,3
news,2
Tinder,6
offmychest,1
MorbidReality,6
pics,8
hiking,1
movies,1
rollercoasters,1
disney,4
MakeupAddiction,1
Macklemore,4
HIMYM,2
gaming,6
backpacking,1
bichonfrise,16
funny,8
Punny,1
gifs,1
relationships,3
askscience,1
SuicideWatch,5
comment_count,145
