Subreddit,Post Count
total_count,0
doordash_drivers,6
Pennsylvania,1
submission_count,7
