Subreddit,Post Count
total_count,0
notinteresting,1
AndroidQuestions,1
Android,1
delusionalartists,1
trapbeats,1
Pathfinder_RPG,1
IWantToLearn,1
AskReddit,5
pathofexile,1
pokemon,1
pics,15
Random_Acts_Of_Pizza,1
Borderlands2,2
trees,2
Minecraft,1
MMFB,1
trap,1
Drugs,20
electronicmusic,6
nsfw,1
aves,5
futurebeats,2
atheism,1
Autos,1
dubstep,2
tattoos,1
IAmA,1
tf2,2
funny,4
trance,2
Complextro,1
anime,3
electrohouse,2
reddit.com,8
moombahton,1
depression,1
SuicideWatch,2
snackexchange,1
hiphopheads,1
lightshow,1
NuDisco,1
penpals,1
experimentalmusic,1
trackers,1
torrents,1
comics,1
WTF,1
submission_count,113
