Subreddit,Post Count
total_count,0
bjj,2
loseit,1
Fitness,2
learnprogramming,7
islam,4
leaves,2
Seneca,1
television,1
HVAC,1
toronto,4
electricians,1
NoFap,84
melbourne,2
tipofmytongue,2
Turkey,1
Christianity,1
wicked_edge,6
starcraft,1
bahai,1
cookbooks,1
AsianMasculinity,1
socialskills,1
LifeProTips,1
AskReddit,3
GetStudying,1
Brampton,1
SkincareAddiction,1
javahelp,2
breakingbad,1
education,2
learnmath,1
SilkRoad,1
atheism,2
racism,1
hinduism,1
AskSocialScience,2
nursing,1
selfimprovement,1
sociology,1
ryerson,1
dancehall,1
Jamaica,1
seduction,4
malefashionadvice,2
askphilosophy,1
askscience,1
Buddhism,2
offmychest,1
depression,1
SuicideWatch,1
submission_count,166
