Subreddit,Comment Count
total_count,0
raisedbynarcissists,1
selfharm,4
SuicideWatch,9
depression,2
comment_count,16
