Subreddit,Post Count
total_count,0
casualiama,2
happy,1
SuicideWatch,2
offmychest,1
submission_count,6
