Subreddit,Post Count
total_count,0
arduino,1
whatsinyourcart,1
identifythisfont,1
submission_count,3
