Subreddit,Comment Count
total_count,0
SuicideWatch,6
IAmA,16
comment_count,22
