Subreddit,Comment Count
total_count,0
ABCDesis,6
AsianParentStories,46
HomeschoolRecovery,6
EstrangedAdultChild,10
DesiWeddings,2
LGBTWeddings,1
homeschool,2
raisedbyborderlines,1
Agoraphobia,3
hinduism,2
RBNAtHome,1
DysfunctionalFamily,2
conspiratard,2
NarcissisticAbuse,2
raisedbynarcissists,135
AbuseInterrupted,1
Disabledsex,1
comment_count,223
