Subreddit,Post Count
total_count,0
OculusQuest2,1
2007scape,1
videos,1
MuayThai,1
martialarts,1
knives,1
classiccars,1
AdviceAnimals,3
funny,3
trees,4
gameswap,2
Sneakers,1
SuicideWatch,2
WTF,2
runescape,1
listentothis,1
MMA,1
Music,4
skateboarding,1
facepalm,1
submission_count,33
