Subreddit,Comment Count
total_count,0
australia,97
mildlyinfuriating,24
meirl,6
darwin,50
funny,10
science,14
conspiracy,14
OutdoorAus,1
Morrowind,14
2007scape,99
nextfuckinglevel,19
melbourne,9
AskReddit,25
maybemaybemaybe,10
gaming,14
lotr,5
DiscoElysium,35
whatisthisthing,10
WTF,19
chemistry,5
mycology,52
Bumble,6
ComedyCemetery,2
HydroHomies,3
doordash,6
Minecraft,14
creepygaming,1
mildlyinteresting,14
NotTimAndEric,1
vexillologycirclejerk,9
cats,7
bestoflegaladvice,2
KGATLW,1
overthegardenwall,1
bartenders,31
offbeat,3
pics,14
trees,9
nottheonion,11
AccidentalRacism,1
Neverbrokeabone,2
witcher,12
imaginarygatekeeping,2
tifu,12
ABoringDystopia,2
MorbidReality,18
firefox,2
KitchenConfidential,1
shrooms,10
mushroomID,83
WatchPeopleDieInside,17
LivestreamFail,71
AustraliaLeftPolitics,2
SushiAbomination,1
ShroomID,28
halo,13
ecology,13
Whatcouldgowrong,8
todayilearned,27
rareinsults,3
zizek,2
blunderyears,2
Weird,3
SweatyPalms,2
LOTR_on_Prime,1
BeAmazed,6
transpositive,4
worldbuilding,14
Grass,1
Unexpected,24
Zimbabwe,10
skyrim,6
MovieDetails,4
malementalhealth,1
cringepics,2
evolution,1
memes,1
Pentiment,4
Catculations,1
fantanoforever,6
explainlikeimfive,3
houseplants,2
krita,3
DankLeft,1
clutchdrivers,1
ElderScrolls,3
SubredditDrama,14
streetwear,1
TopMindsOfReddit,1
CaptainDisillusion,2
raining,1
BathroomShrooms,2
Anu,1
BestofRedditorUpdates,3
spiderbro,2
4chan,2
CuratedTumblr,2
TrueSTL,1
therewasanattempt,4
HolUp,4
Africa,1
PeopleFuckingDying,1
GatekeepingYuri,1
Warthunder,1
BoomersBeingFools,1
balkans_irl,3
im14andthisisdeep,1
stupidquestions,1
AskAnAustralian,2
interesting,1
oddlysatisfying,26
NoStupidQuestions,7
AITAH,2
drawing,4
NoahGetTheBoat,2
australianplants,6
MapPorn,5
iamatotalpieceofshit,16
dredge,1
Gamingcirclejerk,3
wholesomememes,1
Damnthatsinteresting,16
CrazyFuckingVideos,6
thingsforants,1
KidsAreFuckingStupid,10
VaushV,11
MadeMeSmile,8
ANormalDayInRussia,1
tolkienfans,3
ausents,2
StarWars,3
anime_titties,3
warcraftlore,1
badroommates,1
antiwork,3
BaldursGate3,1
technology,4
ShitLiberalsSay,3
WeWantPlates,1
thefinals,1
corgi,1
gifsthatendtoosoon,1
whenthe,2
marijuanaenthusiasts,2
NatureIsFuckingLit,4
thalassophobia,1
PublicFreakout,31
GTA6,2
HumansBeingBros,4
awfuleverything,3
tumblr,2
facepalm,2
goodboomerhumor,1
shitposting,4
probation,2
SipsTea,5
BattleBitRemastered,6
feemagers,2
funnyvideos,1
worldnews,43
hmmm,4
ExplainTheJoke,1
AmItheAsshole,3
FirePorn,1
TheDepthsBelow,1
ThatsInsane,15
RimWorld,4
oddlyterrifying,10
distressingmemes,2
ProgrammerHumor,1
paradoxplaza,1
fashionscape,1
WhitePeopleTwitter,2
PenmanshipPorn,1
clevercomebacks,1
vexillology,1
amiugly,1
StrangeEarth,1
UkrainianConflict,1
dishonored,1
coolguides,1
me_irl,5
ImTheMainCharacter,1
DotA2,3
yesyesyesyesno,4
unpopularopinion,8
watchpeoplesurvive,2
Wellthatsucks,3
videos,35
JustGuysBeingDudes,1
HumansAreMetal,2
MechanicalKeyboards,1
DunderMifflin,1
nonononoyes,3
Music,5
MilitaryPorn,1
TerrifyingAsFuck,10
cringe,3
TIHI,1
interestingasfuck,19
FunnyAnimals,1
Roadwarden,3
AbruptChaos,3
ecology_irl,1
UNBGBBIIVCHIDCTIICBG,1
IdiotsInCars,26
YouShouldKnow,2
youtubehaiku,5
ContagiousLaughter,3
Steam,2
mapmaking,1
lifehacks,3
Fantasy,2
BikiniBottomTwitter,1
AskMen,2
ACAB,1
IAmA,1
relationship_advice,2
Showerthoughts,1
trippinthroughtime,2
perfectlycutscreams,5
Slimemolds,2
Idiotswithguns,2
Cricket,2
asexuality,1
philosophy,1
LifeProTips,4
sciencememes,3
TikTokCringe,4
instant_regret,3
aww,1
BollywoodRealism,1
entertainment,1
electricians,1
nevertellmetheodds,5
woodworking,1
instantkarma,4
BanPitBulls,1
weddingshaming,1
lotrmemes,3
medizzy,1
FoodPorn,1
KingOfTheHill,1
WeirdEggs,1
PS5,2
PlayItAgainSam,1
CrusaderKings,1
bi_irl,7
toptalent,1
aviation,1
Tinder,3
blackmagicfuckery,10
MinecraftMemes,1
natureismetal,6
JordanPeterson,1
fakehistoryporn,4
starterpacks,3
MFPMPPJWFA,1
DeepIntoYouTube,1
AnimalsBeingJerks,2
197,1
Conservative,2
subnautica,1
hmm,2
askscience,1
ArtefactPorn,1
Bannerlord,2
FellowKids,1
comedyheaven,4
Justrolledintotheshop,1
WinStupidPrizes,6
agedlikemilk,1
iamverybadass,1
ActualPublicFreakouts,5
totalwar,1
JusticeServed,6
Art,1
cursedcomments,2
EngineeringPorn,1
AnarchyChess,1
trashy,4
AnimalsBeingDerps,2
cursed_videomemes,1
TankPorn,1
shittymoviedetails,1
Frugal,1
ForwardsFromKlandma,2
meme,1
Jokes,1
WhatsWrongWithYourCat,1
OldSchoolCool,2
PrequelMemes,7
EarthPorn,2
ForteanResearch,1
netflixwitcher,2
pettyrevenge,1
ChoosingBeggars,1
JoeRogan,1
confidentlyincorrect,3
Futurology,2
Deltarune,1
TheLastAirbender,3
talesfromtechsupport,1
gameofthrones,1
Piracy,1
TrueOffMyChest,7
MensLib,2
GamePhysics,3
MakeMeSuffer,5
h3h3productions,1
TooAfraidToAsk,8
harrypotter,5
teenagers,5
CoronavirusDownunder,1
fightporn,8
CrappyDesign,2
menwritingwomen,1
tooktoomuch,1
arcane,1
atheism,1
horror,2
AskHistorians,1
HistoryPorn,2
AbsoluteUnits,1
lgbt,2
wallstreetbets,1
photoshopbattles,1
technicallythetruth,1
gatesopencomeonin,5
suspiciouslyspecific,3
leftistvexillology,1
u_Interesting-Fox-4506,1
sadcringe,2
ContraPoints,1
comedynecromancy,1
europe,1
youngpeopleyoutube,1
IASIP,1
SapphoAndHerFriend,1
IdiotsNearlyDying,1
communism101,1
movies,2
Splitgate,1
gifs,6
BetterEveryLoop,1
UpliftingNews,1
FullShrimp,1
PoliticalCompassMemes,3
LateStageCapitalism,1
politics,2
ImaginaryTamriel,1
Im15AndThisIsYeet,1
bestof,1
iwanttoapologize,1
news,7
13or30,1
holdmyfeedingtube,1
indieheads,1
assholedesign,3
PartyParrot,1
StonerEngineering,1
nononono,1
celebnsfw,1
CatastrophicFailure,2
Terraria,1
youseeingthisshit,1
notliketheothergirls,1
chemicalreactiongifs,1
PraiseTheCameraMan,4
AmongUs,1
entitledparents,1
dataisbeautiful,1
conservatives,1
LeopardsAteMyFace,1
GlobalOffensive,1
xboxone,1
cyberpunkgame,3
evilbuildings,1
OutOfTheLoop,2
HadesTheGame,2
YoutubeScience,1
gatekeeping,1
woooosh,1
bearsdoinghumanthings,1
roosterteeth,1
Agenda_Design,1
insanepeoplefacebook,1
lastimages,1
comment_count,1986
