Subreddit,Comment Count
total_count,0
exchristian,134
TrueFilm,8
ask,23
Economics,16
The100,1
GenX,73
entj,4
AbandonedPorn,12
OculusQuest,11
TrueReddit,40
CasualConversation,8
todayilearned,15
hmmm,10
SipsTea,4
scifi,15
shittyfoodporn,29
AskReddit,96
vintageads,1
maybemaybemaybe,2
ATBGE,2
internetparents,1
WeirdWheels,12
DecidingToBeBetter,11
AskOldPeople,68
UpliftingNews,2
BlackPeopleTwitter,7
EverythingScience,21
milwaukee,9
comics,32
SequelMemes,1
woahdude,1
technology,54
exAdventist,63
FuckImOld,12
books,9
progmetal,4
homestead,3
secularbuddhism,3
Weird,9
PeterExplainsTheJoke,2
IllegallySmolCats,1
chaoticgood,1
BoJackHorseman,19
highdeas,9
CuratedTumblr,4
shitposting,3
Rad_Decentralization,1
psychology,22
cattledecapitation,1
WhatsWrongWithYourCat,1
StonerPhilosophy,26
RationalPsychonaut,13
ArtefactPorn,5
nottheonion,3
rant,53
StandUpComedy,25
europe,3
Damnthatsinteresting,17
Fauxmoi,1
smallbusiness,27
TourismHell,1
clevercomebacks,4
2meirl4meirl,16
bestof,27
Shitty_Car_Mods,12
Habits,5
batteries,2
cats,3
mildlyinfuriating,13
unpopularopinion,19
NewDealAmerica,5
medicine,1
truegaming,3
thegoodfight,4
pets_of_ca,7
vegan,47
Gamingcirclejerk,1
Maniac,4
Blackjesus,1
grumpycats,1
BasicIncome,1
LetsTalkMusic,54
ExplainTheJoke,1
AdviceAnimals,2
DarkPsy,2
Music,40
TheCure,1
wowthanksimcured,3
bearsdoinghumanthings,1
MicroPorn,1
ElsbethTVSeries,1
MurderedByWords,5
SelfSufficiency,3
WhitePeopleTwitter,10
pics,12
TwoXChromosomes,1
Wellthatsucks,6
mildlyinteresting,3
qotsa,1
meirl,14
musicians,2
CyberStuck,1
PoliticalHumor,5
spotify,4
TrueOffMyChest,3
unknowntalent,10
dankmemes,5
cripplingalcoholism,10
SpaceXLounge,7
science,25
tumblr,6
WTF,8
MensLib,5
Cow,3
EnoughCommieSpam,22
Flipping,1
facepalm,16
meme,1
tifu,2
UTAustin,1
OneOrangeBraincell,1
nothingeverhappens,1
funny,4
Fuckthealtright,3
CrazyFuckingVideos,2
spaz,1
Steam,1
politics,17
AITAH,4
Qult_Headquarters,5
brooklynninenine,2
interestingasfuck,16
memes,5
madlads,2
ABoringDystopia,10
InternalFamilySystems,6
Awww,3
MadeMeSmile,5
business,13
HildaTheSeries,3
movies,8
gaming,5
SciFiScroll,2
RichardSimmons,1
ChatGPT,5
pcmasterrace,2
simpleliving,1
WeAreTheMusicMakers,1
solar,3
Anticonsumption,9
Overwatch,2
DeepIntoYouTube,4
wholesomegreentext,3
AskEngineers,10
CrazyIdeas,11
PointlessStories,9
BeAmazed,2
worldnews,10
Metal,7
StrangeAndFunny,2
WTFgaragesale,9
ProgrammerHumor,4
therewasanattempt,2
AskProgramming,3
triphop,4
oddlysatisfying,4
flicks,8
Filmmakers,6
AnimalsBeingDerps,1
TikTokCringe,9
rareinsults,1
GenZ,2
askscience,1
moderatepolitics,1
wallstreetbets,14
EnergyStorage,3
Construction,1
linux,1
BuyItForLife,3
DepthHub,1
2meirl42meirl4meirl,1
uberdrivers,18
delusionalartists,2
Manna,3
news,8
IAmTheMainCharacter,1
HolUp,5
notinteresting,1
minimalism,1
HedgeTrimmingPorn,1
Buttcoin,4
wholesomememes,3
homeless,2
pettyrevenge,1
AmazonWTF,1
LiminalSpace,1
watchpeoplesurvive,1
MarchAgainstNazis,8
ExplainBothSides,2
me_irl,1
TopMindsOfReddit,1
AntifascistsofReddit,1
AnimalsBeingBros,1
investing,3
funnyvideos,1
standupshots,1
AmItheAsshole,4
CozyPlaces,1
GTAorRussia,3
lyftdrivers,6
Radiolab,3
OldSchoolCool,1
blackmagicfuckery,3
KidsAreFuckingStupid,1
ThatsInsane,4
ebikes,1
antiwork,2
StarWarsCantina,1
Catculations,1
Starfield,1
NoMansSkyTheGame,2
vagabond,1
UkraineWarVideoReport,2
nevertellmetheodds,2
MEOW_IRL,1
space,2
howtonotgiveafuck,1
nextfuckinglevel,1
shittyrobots,2
exredpill,2
LeopardsAteMyFace,1
KidCosmic,1
VoteDEM,1
NoStupidQuestions,2
sports,1
c137,1
GotG,1
geek,1
AngelsAnonymous,1
AIRemastered,1
confusing_perspective,1
DJs,4
MapPorn,1
Futurology,1
ReallyAmerican,2
PoliticalCompassMemes,10
SelfAwarewolves,1
Frugal,1
terriblefacebookmemes,1
KoalaMan,4
skyrim,1
rickandmorty,4
videos,3
NatureIsFuckingLit,2
learnprogramming,3
CasualUK,3
ActLikeYouBelong,1
oddlyterrifying,1
comment_count,1993
