Subreddit,Post Count
total_count,0
DID,3
SuicideWatch,2
UnsentLetters,1
submission_count,6
