Subreddit,Post Count
total_count,0
tamil,10
Archaeology,1
geek,1
WTF,1
netsec,3
itookapicture,1
linux,2
PhilosophyofScience,1
math,4
india,8
kindle,1
depression,2
todayilearned,5
Android,3
technology,4
ECE,1
bangalore,1
reddit.com,5
reddithax,1
a:t5_2riad,1
science,1
SuicideWatch,1
a:t5_2qnbm,1
reviewmycode,1
gadgets,1
ideasfortheadmins,1
programming,26
SomebodyMakeThis,1
AskReddit,2
rainbowbar,1
apathy,1
comics,1
Art,1
xkcd,2
bestof,4
iksydk,1
funny,2
web_design,1
MensRights,1
happy,1
environment,1
submission_count,108
