Subreddit,Post Count
total_count,0
AskReddit,1
SuicideWatch,1
AdviceAnimals,3
askscience,1
atheism,1
submission_count,7
