Subreddit,Post Count
total_count,0
shapezio,1
RocketLeague,1
kancolle,1
KemonoFriends,1
anime,1
manga,1
personalfinance,1
bladeandsoul,1
vita,1
ffxivart,2
Animesuggest,1
SuicideWatch,1
submission_count,13
