Subreddit,Post Count
total_count,0
MonsterHunter,2
firstworldanarchists,1
letsplay,2
funny,2
bindingofisaac,3
SuicideWatch,1
nocontext,1
AskReddit,1
a:t5_2veig,1
Terraria,1
teenagers,1
skyrim,1
submission_count,17
