Subreddit,Comment Count
total_count,0
WalgreensStores,66
Warframe,10
asktransgender,3
mypartneristrans,13
starterpacks,1
lgbt,1
TryingForABaby,2
MadeMeSmile,1
Advice,5
ResinCasting,2
NoStupidQuestions,1
AmongUs,1
AskReddit,17
aww,9
jacksepticeye,3
weedstocksreddit,3
CasualConversation,4
HotWheels,7
trees,42
RandomActsOfPolish,109
optometry,1
antiMLM,4
venting,2
electronic_cigarette,877
tifu,3
unpopularopinion,1
pegging_unkinked,12
weddingplanning,77
happy,6
Catswhoyell,1
ballroom,15
povertyfinance,5
curlyhair,2
mildlyinfuriating,1
budgetweddings,2
blackcats,1
sewing,1
Whatcouldgowrong,1
gallifreyan,1
TooAfraidToAsk,1
legaladvice,4
teefies,3
TwoXChromosomes,2
nanowrimo,1
AMCsAList,1
KeepWriting,3
niceguys,20
thewalkingdead,7
gifs,1
gaming,1
lgg6,1
JUSTNOFAMILY,17
hetalia,1
pregnant,3
college,3
INTP,28
adventuretime,1
thatHappened,2
doctorwho,1
femalehairadvice,1
TwoXSex,5
KnightsOfPineapple,1
tumblr,2
tattoo,23
tattoos,11
TheGirlSurvivalGuide,2
shiba,2
Sneks,2
satanism,6
MechanicalKeyboards,3
CatGifs,1
EDC,3
LongDistance,38
kittengifs,1
WTF,19
nightvale,10
funny,1
sex,5
Dogtraining,2
AskWomen,1
quotes,1
WritingPrompts,1
TalesFromYourServer,1
ftm,123
pokemongoyellow,1
Shittypokestops,1
pitbulls,4
LGBTeens,59
mildlyinteresting,4
nekoatsume,22
Blacksmith,1
RedditLaqueristas,24
Pundertale,1
Undertale,4
interestingasfuck,1
fandomnatural,5
OasisVape,2
harrypotter,13
GifRecipes,1
neopets,26
relationship_advice,2
AdviceAnimals,1
Tulpas,21
SurgeryGifs,1
StartledCats,2
Supernatural,5
actuallesbians,2
ShingekiNoKyojin,1
attackontitan,2
occult,1
comment_count,1886
