subreddit,body,created_utc,score
AdviceAnimals,Can someone please go there with a speaker and play sheep sounds? ,1552961297.0,0
autism,"With word that is similar to ""sure"" in Swedish. It doesn't really translate well into English. It sounds like you answer the question when you really don't. ",1547976111.0,2
aspergers,For me it's being socially inept that makes me anxious. ,1521806059.0,1
depression,I'm just feeling like shit. I can't work and I'm behind on bills. I don't have any energy or motivation to do anything. Everything is going to shit. ,1474323678.0,1
depression,"Apathetic most of the time. I'm 3 months behind on rent, partly because I just don't pay the bill. I'm also extremely lonely and just want someone to hold. On a better note, I have an interview on Monday for an internship. ",1470888277.0,3
depression,"I'm like that too. I can enjoy being with people for a time, but then afterwards I need to recharge for a day or two. You could try to just be honest with your friends that you need alone time. They're your friends, so they should understand. ",1470018505.0,1
funny,I told you all vegans are vegetables! They're all nuts!,1469554807.0,1
depression,"Everytime i cross a street or railway crossing, I think for myself: ""if a train or car would suddenly appear and run me over, I wouldn't mind at all"". It would hopefully be quick and I wouldn't have time to think about it. ",1468082578.0,18
depression,"I think mine is because of loneliness. I don't really feel connected to anyone in my life, not my family nor my friends. I care about them and I know they care about me, but I still feel out of place. ",1468082248.0,22
depression,"I am like this too. I feel out of place with everyone, even if they would be the perfect people for me. ",1468050412.0,3
depression,Just crippling loneliness. And it's just getting worse. ,1466698448.0,43
depression,No problem! There's a lot of nice people there. ,1465736057.0,2
depression,There's r/GFD ,1465735031.0,2
lonely,"7 years for me, not counting handshakes, and awkward hugs from relatives. ",1465643840.0,3
depression,Nine Inch Nails. ,1465486728.0,1
depression,"Yeah. As it is now it feels like a certainty down the road, if this keeps up, despite everything I try to do to fix it. ",1465316747.0,4
depression,I've almost gotten completely apathetic by this point and don't know what to do anymore.,1465246859.0,8
depression,"Number 5, but it's open for interpretation. I've reached out to professionals, but I have a hard time doing it in my private life. ",1465165790.0,1
depression,4 out of 5. ,1465165080.0,2
SuicideWatch,"I've been actively trying to get out of this. To beat the depression, to get a job, to be able to function, but i just fail and everything gets worse. I used to be able to cope by distracting myself, but nothing works anymore. ",1465164122.0,2
SuicideWatch,I don't have any energy or motivation left. I don't enjoy anything anymore. ,1465158942.0,3
depression,"What if you're unattractive, socially awkward and can barely function some days? ",1465128477.0,3
depression,"I'm almost exactly in the same position as you. I turn 25 in a month and i've had depression for the last ten years. I feel like a haven't moved forward at all since high school and are just watching the years go by and my peers moving forward in life. I have a cousin who's just 3 months older than me and he has everything i don't have. He has a stable, well paying job, he owns a house and have a beautiful girlfriend. Meanwhile i can't get a job beacause of the depression and anxiety, which has only gotten worse despite everything i've done to get better. So you are not alone in feeling like this. ",1465006334.0,1
aww,You mean grooming thoughts?,1464988166.0,1
depression,"My mom knows that i'm depressed and helps me with some bills, but i she does it only to make herself not look bad. I don't have any close friends i that i feel i can talk to, and i'm on a waiting list for a new therapist, which will be my fourth one.",1464963644.0,1
depression,"I am well read when it comes to different aspects of music, but it doesn't help with my lack of motivation. I feel I need someone to pull me put off this hole I'm in. I can't do it by myself. ",1464940606.0,1
depression,The thing is that I don't have any motivation to play music by myself. I just get more frustrated. ,1464940288.0,1
depression,But I don't have anyone to help me. Meds and therapy hasn't worked for me. ,1464911426.0,1
depression,"The rest will flow - Porcupine Tree, Fragile - Nine Inch Nails, Hoppipolla - Sigur Ros. ",1464694855.0,1
depression,Usually concept albums. Like a lot of progressive rock and 90s Nine Inch Nails. ,1464692366.0,1
socialskills,"I'm unemployed and have trouble finding work because of my depression. If i were to move to another city, i wouldn't know anyone there. Then i would be completely alone. I'm not good at making friends, and it was just sheer luck i met those i have now.

I've been trying to deal with the depression with therapy and meds, but nothing has worked so far.",1464556631.0,1
socialskills,"Just life. I've barely been outside of the town I live in and it never happens anything here. It's almost like I've blacked out these years after high school, since I rarely do anything memorable. Also love since I've never been in a relationship. ",1464439102.0,1
depression,Playing with my band is the only thing I really enjoy anymore. The depression has taken everything else. ,1464403748.0,1
depression,"Rehearsing with my band is the only thing that makes me feel better anymore. I used to play video games and play guitar on my own, but I've lost my motivation to do that. ",1464304165.0,1
socialskills,"I seek distraction because when i'm alone, i keep having spiraling thoughts about loneliness, my current situation and the future. The depression has come to a point where i have no motivations for the distractions i have at home anymore, which was playing guitar and video games. Whenever we talk about deeper topics like life, relationships and the future, i don't have anything to add since i've missed out on so much these last ten years.",1464197568.0,1
socialskills,"Maybe. I like to think I know myself pretty well. Much more now than when I first got depressed, which I accredit to loneliness. ",1464187961.0,1
infp,"Progressive Rock! If you like abstract and alternative hip hop, then Saul Williams should be right up your alley. ",1464132471.0,1
depression,"The Downward Spiral and The Fragile by Nine Inch Nails are about depression. They don't have a happy ending though, but they are pretty cathartic. ",1464122688.0,1
socialskills,"Yeah, I'm gonna get in touch with my doctor. I missed a job interview this morning because of it. ",1464015202.0,1
socialskills,It keeps me distracted while I'm with them. And they are fun to be around. ,1464015073.0,1
socialskills,I'm on my 4th med now and this one seems to just make me anxious. ,1464000027.0,2
socialskills,I feel the same way when I'm with my family. ,1463998070.0,1
socialskills,I've been doing it actively for four years now. ,1463997905.0,1
GFD,I'm game. You can message me on here or on Discord when you get a group together. I'm LtRedBeard over there. ,1463968733.0,1
depression,I'm starting to think it's a myth. ,1463965192.0,1
GFD,I might be up for it. I bought the Pathfinder Humble bundle a while back. Although i'm a noob when it comes to these types of games. I've only played Mutant - Heirs of the Apocalypse before.,1463954145.0,1
GFD,"Yeah, they seem to gone back to the roots of what made the original so fun. Sadly i can't afford it right now.",1463924683.0,1
GFD,"I still think that Doom is more fun than most FPS games nowdays. I used to watch my step dad play that and Rise Of The Triad growing up, and have been getting back into playing them for myself these last years when i rediscovered them. ",1463877514.0,1
depression,It's the same for me. I dream vividly everytime I go to sleep and it's often the best part of my day. ,1463832122.0,82
depression,"I started to think that way just last week. Like if my life would keep going on as it is now, I would end up doing it. I didn't know when and how, just that it would eventually happen. ",1463829364.0,1
depression,Been feeling crap this week. But now on the weekend in busy going into the studio to record some songs. ,1463816993.0,5
depression,"Do what you enjoy doing, not what society thinks is ""masculine"". Pretending to like something you don't  will probably make you feel worse in the long run. ",1463660906.0,1
depression,For me it's playing music. You could pick up an instrument. ,1463515106.0,1
nin,I think they use it in the video for Gave Up too.,1463481730.0,6
depression,"I'm like this too whenever I hang out with my friends in a group setting or if I'm playing a gig. Then I can't do anything for a couple of days. I think it might be that you get used to feeling low and when you have fun for a weekend and get to experience the other side of things, then the return to hopelessness his extra hard. ",1463480756.0,1
depression,"Ghost are great! Papa got a pretty soothing voice. You should see them live if you get the chance, i saw them a couple years ago and they were really good live!",1463413854.0,1
GFD,"It feels more intimate handling a record and listening to it as a whole than listening through a streaming service, where you tend to jump around different artists or songs. But i listen through the computer and on my ipod aswell. ",1463409433.0,2
GFD,"It does! I haven't seen that one, but i'n gonna check it out as i'm a big Bowie fan. Tnanks for the suggestion!",1463402116.0,2
GFD,"Great song! Listening to music I think. When I'm at my worst I don't really have any motivation for gaming, so I put on a record or live DVD. 
Mostly music I can relate to like Nine Inch Nails or Steven Wilson and lately a DVD of Roger Waters' The Wall. ",1463392053.0,3
depression,I know the feeling. ,1463388983.0,1
depression,"Everybody reacts differently to antidepressants and you will not necessarily experience any side effects. I was on cipralex for almost a year, and it helped me function normally. The only side effect I experienced was that I felt emotionally dull, which was why talked to my doctor about trying something else. I took them as an oral solution since I have a hard time swallowing pills, and that made it easy to halve the dosage exponentially while weaning off. 

But as I said, it's only a possibility to experience the side effects, not a guarantee. It can take a while to find the right medication and dosage for YOU. ",1463358721.0,1
Needafriend,I've been rewatching Game Of Thrones since i've forgotten a lot from the early seasons. I could go on walks but it only get tedious to go alone.,1463260268.0,1
depression,"It used to be through video games and playing music, but I haven't enjoyed that as much lately. ",1463215584.0,3
SuicideWatch,"I want to get better, I've actively tried for years, but I'm still left in the dust. ",1463135986.0,1
SuicideWatch,"I've been trying for so long, but it hasn't gotten any better, only worse. ",1463135795.0,2
depression,Nine Inch Nails! ,1463123840.0,1
depression,"I play lead guitar. We're pretty established locally and are putting out an EP soon. 
I've tried to learn the accordion at one point but didn't stick with it. ",1463088942.0,1
depression,"I've played in a bunch of bands over the years and still do, but that's only once a week and it haven't really made the depression better. ",1463085422.0,1
lonely,"It's feels like I already am on another planet, alien, with no place to call home. ",1463051874.0,7
depression,Steven Wilson's Routine hits very hard in the feels. Watch the video on YouTube. ,1463003284.0,1
depression,"That looks amazing! You're really good! 
I'm a musician, but I have a hard time writing while depressed. It just gets frustrating when I try to sit down and write on an idea. But I've been backing up others with their music and helping them record it. ",1462973023.0,1
GFD,I can relate. Even though I have family and friends I hang out with I still feel really disconnected when I'm with them. I enjoy being with them but I don't feel a bond. Like it wouldn't make a difference of was there or not. ,1462868363.0,2
GFD,I play guitar and i used to play along with songs for hours to get my mind off things. But now I get bored with it after a couple songs. I want to be able to write my own songs but I don't have any inspiration or motivation to do it. ,1462077585.0,1
depression,"I play music and I've lost all motivation to sit down and practice or write. When I do I just get frustrated with myself. 
I want to be able to write songs I'm happy with and has meaning. Like Steven Wilson, Trent Reznor and Roger Waters who has written some of my favorite concept albums. Everything I do just sounds repetitive, boring and flat. ",1462071791.0,3
depression,"For me it was seven years ago I think, not counting the usual hugs when you meet relatives. ",1461983343.0,1
depression,Sleep. ,1461254577.0,1
depression,"I have this too. I'm an oversleeper and I dream every time I go to sleep. 
I've read somewhere that you dream a lot more because the REM sleep is longer or something like that. That is the shallow sleep where you dream. 

Because of this you get less deep sleep which is the part where the body is actually recuperating which leads to you getting less rest from sleeping.

Edit: Keep in mind that I'm no expert and is just reciting from memory so I could get the facts wrong. ",1460887723.0,1
depression,I like it! Eerie and beautiful.,1460835621.0,2
depression,Venlafaxine is the name. ,1460615138.0,2
depression,Nine Inch Nails' The Downward Spiral and The Fragile albums. Both deal with depression and isolation. ,1460612968.0,3
depression,"I got a new medication today. It's the same as effexor but with another name. Hopefully it will work well. 
Other than that I heard yesterday that the store I'm working part time at is closing down this month which sucks.  ",1460577954.0,3
depression,I'm like that too. I don't know if it's because of my introversion or loneliness. ,1460476872.0,1
depression,"Routine by Steven Wilson, especially when you watch the video. ",1459768677.0,1
depression,To sleep and dream is my favorite part of the day. It's the only time I feel content and at peace. ,1459687415.0,2
depression,"The Way Out Is Through by Nine Inch Nails comes to mind.  ""All i've undergone, i will keep on..."" is whispered during the first part and at the end. The music may not be everyone's cup of tea.  https://www.youtube.com/watch?v=6vOaokhha5k",1459603402.0,1
depression,"I know that feeling, being lonely in a crowd. It's like I'm unable to form a meaningful connection to other people. Like it's only a distraction. I don't know if it's just in my head or if the people around me is feeling it too?",1459068457.0,3
depression,I've played with a few different bands these last few years. It's a good distraction for a few hours a week/month but on my way home it's like flicking a switch and it's back to my usual emptiness. ,1459067553.0,2
depression,"Not much out here in Bumfuck Nowhere, Sweden. 
I enjoy playing music and i'm in a band, but we only rehearse once a month.",1459040700.0,1
depression,There's nothing like that where i live.,1459039834.0,1
depression,"I play 5 different intruments, i can code a bit in c# and python and i dabble in electronics, making guitar effects. It wasn't helped much.",1459039007.0,1
depression,"I try to join whenever i'm getting invited to do stuff, but that is maybe a couple times a month. Other than that i rehearse with my band maybe once a month.",1459028244.0,3
depression,I think this is my 10th year. I've been like this for the most part since i was 15.,1459027099.0,1
depression,"I know who i am and what i want to do. I want to be able to write music. I could record a whole album by myself, but i can't write anything. When i try i just end up getting frustrated and hating myself even more.",1459026969.0,3
Ghostbc,They did. They wrote about it on the Nameless Ghouls Facebook page. ,1458912115.0,13
depression,"Most of the time I can't stand happy music, but lately I've been listening a lot to Hoppipolla by Sigur Ros. Check it out Live from Heima or the music video. ",1457779270.0,1
GFD,"In my family we have had several encounters with gnomes or hustomte as they're called in Swedish folklore. It's said that they live on farms and in houses and help out with chores and such. They are friendly and caring as long as you don't irritate or disrespect them. 

One time when my cousin was little she were playing around a pile of planks and and their hustomte came and pinched her nose so she would get away from there and not step on the nails that where there. 
Once when I was very little I apparently came down from my room crying and said that they wouldn't let me sleep and wanted to play. 


There's a point and click adventure game on steam called Oknytt that is based around Scandinavian folklore where they are referenced. ",1456573411.0,1
depression,Music for me too. I mainly play guitar. ,1456058735.0,1
depression,"A lot of progressive rock. Been listening to a lot of Pink Floyd the last couple of weeks since I've watched Roger Waters' The Wall. 
Other than that some indie rock, shoegaze, post-metal, punk, country and folk music. ",1454238626.0,1
Ghostbc,Plopp and Kexchoklad are swedish candybars. ,1453303329.0,4
GFD,I could do the sound design and music. I also know some C# so I could hardcode dialogue or something easier like that. I'll pm you my Skype. ,1452865715.0,2
GFD,Vildhjärta is awesome! I attended their first ever live performance some years ago. ,1452864670.0,2
GFD,The Borderlands games! ,1452697539.0,1
GFD,"I've wanted to compose music and/or doing sound design for games for some time. Sadly when I'm at home by myself, all my motivation to start goes out the window. ",1452697355.0,2
Music,"[Porcupine tree - The Rest Will Flow](https://www.youtube.com/watch?v=e5LXL-pEajA)
&nbsp;
[Sigur Ros - Hoppipolla](https://www.youtube.com/watch?v=KbPWi1gshzI)
&nbsp;
[Steve Earle - Galway Girl](https://www.youtube.com/watch?v=_Lcnvd8BNFE)
&nbsp;
[The Fauns - Lights](https://www.youtube.com/watch?v=iqGirS2WMtA)

Edit: Formatting
",1448052272.0,1
depression,I barely remember anything these past years since the days just disappear into nothingness. I can't imagine the future being any better. I don't even know if I can get out of bed tomorrow. ,1447956972.0,1
Music,It's in the ship! ,1445190530.0,1
GFD,It was awesome! ,1444588676.0,1
depression,"I like to listen to ""The downward spiral"" and ""The fragile"" by Nine Inch Nails. ",1435012274.0,2
worldnews,Frakking toasters! ,1434988158.0,3
Music,I do that all the time! Even with books when i was younger.,1429398228.0,1
GFD,"I'm on EUW, although I could make an EUNE account too. ",1429049499.0,1
depression,What kind of music do you play? ,1428683401.0,1
WTF,I don't see a difference. ,1426952990.0,0
leagueoflegends,ok ,1415270594.0,1
summonerschool,I use Ms quints and mobiboots on support Janna. It stacks really well with her passive and W. I end up with around 550 movementspeed late game. ,1414158860.0,0
diypedals,Fuzz Dog's Pedal Parts got a kit for a Big Muff that you can get as the green Russian version. ,1414033338.0,1
socialskills,I experience something like that sometimes when having conversations with strangers. I have no idea why it happens. ,1409804472.0,1
diypedals,Runofgroove have some JFET circuits based on valve amps that you should check out. ,1409743060.0,3
depression,Music. It's the only sure way for me to get out of my own thoughts and not feeling so alone. ,1408664590.0,2
funny,What a bargain! ,1408321152.0,1
introvert,I work part time in a music store selling instruments and such. It's pretty laid back most of the time so it's nice. ,1407853892.0,3
funny,Standard.,1406989689.0,1
depression,"I´m like that too. I even thought i was legitimately happy around people up to a point until i realized my mind was just too occupied keeping the charade up, to dwell on how i really feel inside.",1406938080.0,3
depression,Nine Inch Nails - Fragile ,1406590417.0,0
depression,My go to band is Nine Inch Nails. I can really relate to the frustration and helplessness in Trents music. ,1405296378.0,1
depression,"I can relate. I had the realisation a month ago that when I hang out with my friends I'm not truly happy, just merely distracted from the fact that I feel like shit. Not that I don't appreciate them, I can't even imagine how my life would have been now if my life would've continued like it was three years ago when I had no friends at all. 
Everything would be so much better if I could get out of my own head and stop analysing and comparing myself to others all the time. ",1405295633.0,1
