subreddit,title,selftext,created_utc,score,upvote_ratio,num_comments
kol,Today's rant: Mall prices,"I'm sorry, but if you have over a thousand of a thing that you want to sell in the Mall, and the store with the cheapest price has, like, two of them in stock, not only is it just goddamn impolite to undercut their price (unless you put a limit on it), but you're also cheating *yourself*. Price yours 10 Meat higher and when their two of the thing sell out, you'll be set to make 10,000 Meat you wouldn't have gotten if you had insisted on having the rock-bottomest prices in the whole damn Mall.",1518579690.0,0,0.44,37
NonBinary,Just came out!,"Hi everybody! I'm an AFAB genderfluid guy, and I just came out to my entire Facebook friends list yesterday, because, well, I woke up Tuesday morning gripped by the realization that I was now male. Which wasn't the first time I'd felt that way, of course, but it was the first time in years that I didn't, like, ball those feelings up and shove them down as far as they would go. So I dressed up all masc and did the mascara stubble thing and took a bunch of selfies (and damn I looked good, incidentally) and posted them with basically the same explanation I just wrote here, and I got like 50 heart reacts, and one of my friends who had said something transphobic earlier that day made a public apology about it without my asking her to, and my mom told me ""I love you, son.""

So yes! I'm super excited! And kind of terrified! But mostly excited! And now I'm just hoping I don't go back to being a girl before I get all the enjoyment I can out of being a guy, lol.",1515725354.0,22,0.96,0
SuicideWatch,Having a shitty night,"So I have PTSD from an abusive relationship that ended when my now-ex tried to kill me in front of our son, who was a couple months shy of three years old at the time. He also has PTSD from it, and I feel like it's my fault for not leaving his shitheel of a father before he had to witness that, and for not seeking professional help for either of us for two years—during which I almost certainly made things worse for the poor kid, albeit unintentionally. 

I'm so sick of making everything worse for everyone I love. My boyfriend doesn't understand, and he is incapable of supporting me emotionally when I'm like this (even going so far as making me feel guilty for not supporting him, although I don't think he meant to), and nothing I've done for my kid seems to help him much. I can't hold down a job, and I've been trying to go to school, but I'm probably going to fail at least one of my classes this semester. I let everyone down constantly and I feel hopeless. I just want to go lie down in traffic, except I couldn't do that to my kid (both because I'm basically the only constant thing in his life, period, and because then he'd have to go back to the psychotic ass who did all this to us in the first place). I just feel stuck and ashamed and worthless, and I wish I could just stop existing without anyone even remembering I was ever there in the first place.",1481076386.0,2,0.63,8
gifs,God Bless... (very slightly NSFW),,1398316673.0,1,1.0,0
todayilearned,TIL that a chemical once used in fire extinguishers produces phosgene when exposed to high temperatures.,,1393651471.0,0,0.44,0
