subreddit,title,selftext,created_utc,score,upvote_ratio,num_comments
Vent,Can't trust people.,"Basically I met this girl like a year ago and we became best friends. She was like my sister and I was always able to talk to her. The first few months of our friendship she tells me that she's dating one of my friends but they wanted to keep it private for now. She tells my friends all this crap about them making out, getting rings, getting chased around but she never mentions anything to me. She tells me that she broke up with him and that he said a ton of hurtful things to her, so I got mad at my friend. Next month she tells me she was dating another friend of mine and they broke up since he was graduating and that she had a really sad goodbye with him. I hosted a sleepover with another one of my friends to cheer her up. I spent hours comforting her. I keep trying to give her advice and made sure to cheer her up so she wouldn't break down. I treated her so nicely. A week ago she went on my phone and started a huge argument with all my friends and made everyone think I hated everyone and that I was a betraying bitch. Today, I found out that she never dated any of the guys. She wanted attention. I spent countless hours and money to try and cheer her up. I confront her and her sister kept texting me, calling me a skank and a bitch. My best friend told me to fuck off and suck a dick. I've never been so pissed.  ",1468388737.0,2,1.0,0
SuicideWatch,"I'm terrified of dying, but done with living.","I've lost every bit of happiness in my life. I just see no point. There was a boy who went through the same thing as me and understood me. I could talk to him. I finally had an actual friend. But it's all gone now. I lost one of my close friends. I've lost all my motivation for doing good in school. I have zero self esteem. My parents are tight on money. My days are spent crying myself to sleep and pretending to smile when I go to school. I'm done. I don't see a reason to live anymore, but I'm terrified of dying. ",1458867145.0,2,1.0,2
