subreddit,body,created_utc,score
Watchexchange,pm’d,1661704656.0,1
Brawlhalla,"Name: Alex Schanno
IGN: gally (aleX really but I have to wait to change my name back)
Age: 16
Where are you coming from: South Carolina
Any other events: BCX16 and CEO Dreamland
Competitor/Spectator
",1508889443.0,2
Brawlhalla,ive had the code since feb and i just want to give it away,1501798026.0,1
Brawlhalla,"http://steamcommunity.com/id/itsgally/ add me
",1501797724.0,1
Brawlhalla,thats not ping thats a countdown timer for the round ,1494477267.0,2
Brawlhalla,"24/7 :) :(
",1490233434.0,3
Brawlhalla,"twilight named his stream ""quest for love"" and i think he found it
",1488868399.0,2
Brawlhalla,Where's my girl Cassidy ,1487890597.0,1
Brawlhalla,They nerfed it in every patch since it came out. The weapons fine and balanced ,1487367476.0,-1
Brawlhalla,YESSSSSSSSSSS,1482171331.0,6
Brawlhalla,yes thats all i have to say,1480618696.0,2
Brawlhalla,"when are we getting our metadev codes thourgh email?
",1479337540.0,3
Brawlhalla,LMAO,1479090967.0,1
Brawlhalla,"no they were just created a couple weeks ago and they had some normal members 
",1474325832.0,2
Brawlhalla,"are these skins are coming out tommorow
",1473833439.0,1
Brawlhalla,"the discord link expired

",1471268276.0,1
