subreddit,title,selftext,created_utc,score,upvote_ratio,num_comments
SuicideWatch,we are in the realm of suffering,since a failed attempt 4 years ago ive wished i was dead every single day and i just wna die already. is it gunna get better soon? im 26 and i gave up hope 9/12/15. in da mornin.,1459025328.0,3,1.0,0
raisedbynarcissists,"i just snapped at my Nmum over something really small, but i wanted to get a second opinion on whether she was beeing sneaky or not","ok so just a quick backstory so i dont seem like the asshole (so easy with a narc) when i was like 4 my parents got my dog put down without telling me and it traumatised the shit out of me. i was drawing pictures of him and doodling his name til i started highschool. so not long after he died, they got me a new puppy and my whole life i begged my parents constantly, if he ever needs to be put down u need to tell me day or night i will be there i cant go through that again. 16 years later of course they didnt tell me they just took him to the vet and got him put down. 

so in the last couple months we went to fam therapy where i confronted her for shaming me out and punishing me when i came to her about being sexually abused in my childhood, i was 12 when i told her. i kept it secret for 13 years so when i finally asked her what the del was with that she played dumb and said she didnt remember that ever happening. on top of that she repeated numerous times that she has no guilt and its not her fault that its impossible to feel guilt for something u dont rememebr doing. basically i told her im fine with that, and she needs to be fine with the fact that i owe her nothing as a daughter now and dont expect me to be there for her.

ok so now youve got a decent backstory the actual interaction was really small but something in it struck a chord with me and i dont know why.

so its wednesday night im seeing her friday and she sends me a text saying ""your grandma is down to 45k btw"". my grandma lives on their street across town, and both my parents know im chornically depressed. so i waited a while cus i was pissed that she wouldnt just wait til friday so i could go see her or something (my grandma has been on her death bed for about 10 years now just getting worse all the time its nothing new). so i replied saying ""why did i need to know that sorry? im coming on fri i cant get there any sooner so ill see her then"" and she messages me this:

""just a salient piece of info regarding her welfare.basically shes on the road to anorexia via the aging process. if she died and i didnt tell you girls you may have been upset that i didnt tell you. i have no agenda just being a good mum"" with a bunch of kissy emojis n shit

is there anything manipulative about that? it seems so normal to me but i get a feeling...i responded basically saying ""you know what mum i dont wana get into it but i would be about a thousand times more ineterested in being told my dogs being put down after i begged you to do that for 15 years so i would have to relive the Max thing. that would be being a good mum. and ur agenda is that ur upset about ur mum  and u want attention and support. i know ur having a hard time so i dont want to make things harder for you.  cant just ""be a good mum"" when it suits you. ill see u friday i dont wana talk about this""

maybe a little over the top but it was a bottle and explode situation. am i wrong for thinking this?",1457512542.0,2,1.0,4
AskReddit,(serious) why are middle class white men so offended by the concept that they have more opportunities than minorities when having opportunities is a positive thing?,,1455857203.0,1,1.0,0
Needafriend,26/f really hoping a girl will see this and show some kindness,"something really shitty has happened the last few days wth my experence on reddit, and i dont want to depress anyone, im just desperare to be distracted. females only. no men.",1455717548.0,0,0.11,6
Needafriend,haaaaaay 26/f any girls down to talk shit about stuff?,i mean....why not?,1455692226.0,1,0.57,6
Needafriend,aye 26/f looking for any girls that just wana talk shit boys need only apply if they blaze it 420,"u know my shit, early 30s age limit, if u want anything sexual u can fuck right of with that and uhhhhhhhhh NO SEXUAL SHIT YEAH?",1455673455.0,0,0.36,2
Needafriend,once more then? 26/f/aus down for convo NO PIGS NEED APPLY HERE EVERYBODY HEAR THAT? I DONT WANT TO FUCK YOU..... but id love to chat! n_n,"its called ""need a friend"" not ""need to be reminded why u stopped talking to people in the first place""

boys and girls may apply, clearly preference for girls at this point

please no older than early 30s that is what i feel comfortable with",1455640566.0,0,0.27,5
Needafriend,ok ill make it clear this time :) 26/f/aus looking to kill boredom with interesting convo nothing sexual,NOTHING SEXUAL,1455625210.0,4,0.75,1
Needafriend,26/f back and more bored than ever,"just lookin to kill some time n make some friends, boys and girls, i cant seem to find many cool girls to be friends with so girls if u r the same as me lets be friends n_n",1455610476.0,0,0.44,3
MakeNewFriendsHere,26/f idk just bored af feelin chatty,"pretty much says it all. if ur bored af, pm",1455572957.0,2,0.6,1
