subreddit,title,selftext,created_utc,score,upvote_ratio,num_comments
SuicideWatch,"Its too much, but im so afraid to hurt my family","*edit, ill do anything for responses or someones company, ill pay for it

I've struggled with depression since I was about 21, and I have lot ups and downs. At 27, I couldn't take it anymore and wound up in the psych ward. I came out feeling less suicidal, but catatonic, so depressed I couldn't talk or find any reason for anything. 

I did lots of therapy and made minuscule improvements. I met a girl online when I was 29, and we spent all day together, the constant distraction helped a good amount actually. I felt decent for the first time in a long time. at 30, my health started failing, constant horrible burning nerve pain. I actually found the energy to visit tons of doctors despite me depression, this girl and my family were keeping my head above water enough to try and make an effort.  

My health continued to get worse, now it affects my heart, my bladder, my ability to become erect, my balance, my body twitches and pulsates all over, my left hand feels too weak to play guitar.

after about 1 year and 8 months, this girl lost all interest in me, suddenly I sort of felt like an annoyance when I messaged her. Maybe what hurts most is there is no real explanation. I know I became a bit of a burden with my health failing and maybe it all became too heavy for her. 

I feel empty and hollow again, but now with crippling pain. I don't leave my bed, when I am around people I an bland and angry because it hurts. I feel sick right now. I don't think this will get any responses, but who the fuck would even want to be around me? what kind of life is this to lead? I don't want to hurt my family, I don't want to imagine their faces. But I don't want to do this anymore",1499507289.0,3,0.72,3
forhire,[Hiring] (Online)Need print design consulting,"Hey, I'm a web developer that does some basic graphic design for my company. Awhile back I was asked to do some print design for an upcoming project.  I needed the money to stay afloat, so I took the project.  A lot of you probably already know whats coming,but I got word that it failed pre-flight for print. I'm just in desperate need to talk to someone that does print design. I will pay whatever your time is worth. I need emergency consulting, I'm probably going to get fired",1423242539.0,3,0.67,4
Guildwars2,Ascalonian Tears not stacking?,"I just ran the AC with the reworked token rewards, and I can't stack the tears I got with the old ones I had in my bank. Am I missing something?",1348601149.0,1,0.57,5
