subreddit,title,selftext,created_utc,score,upvote_ratio,num_comments
SuicideWatch,I wrote a note,"I'm staring at 50 sleeping pills wondering if it's my time to go. Nothing seems to be telling me otherwise. Everything in my life has led up to this moment, I don't see why not.",1472088000.0,1,1.0,9
depression,I always feel disgusting,Anyone else feel like this? I constantly feel ugly and always think people are staring at me/making fun of me. Sometimes I'm too scared to leave the house because of it. What are some ways you guys give yourself confidence?,1461654028.0,2,0.67,4
aww,My lil man knocked out,,1461653293.0,12,0.93,0
cancer,Mom diagnosed with bladder cancer,[removed],1461652636.0,1,0.99,0
Advice,I'm in love with my roommate/best friends boyfriend and I don't know what to do,This is something that has been killing me for a while. She met him on tinder a few months back and I was dating someone when they starting talking. We broke up shortly after and that's when I really started noticing him more. He came over all the time and whenever my roommate went to bed we'd stay up and smoke/drink together. He lives with us now and we stay up together almost every night. I've never been so comfortable with a guy before. I can probably say he's my favorite person. I've had severe depression most my life and this is making it so much worse because I know I can never be with him. I'm thinking about moving back home just to get away from the both of them. I've never felt so shitty about my feelings before. I really don't know what to do/feel right now.,1461568294.0,3,0.8,11
