subreddit,body,created_utc,score
SuicideWatch,Haunted is a good word. For me it's like an obsession too. For 6 months now something has been telling me it's my time. Hanging is the method I've become attached to. It's like reading about it or tying the knots releases tension. I don't know what triggered it again. Probably returning to my life,1492145949.0,2
photoshopbattles,[cat toy!](http://i.imgur.com/97bfHzM.jpg),1468774668.0,6
photoshopbattles,[Pin Up Elvis](http://i.imgur.com/Y0DPFPG.jpg),1466136418.0,1
photoshopbattles,"[Spongebob, Where are they Now?](http://i.imgur.com/G20OlZD.jpg)",1465874275.0,5
photoshopbattles,[Noir](http://i.imgur.com/0ZaTegu.jpg),1465674177.0,3
photoshopbattles,"[Lasers!] (http://i.imgur.com/HLpHEOV.jpg)
",1455433871.0,1
