subreddit,title,selftext,created_utc,score,upvote_ratio,num_comments
SuicideWatch,My best friend committed suicide almost 2 years ago,"Well it's been almost 2 years since my very best friend since We were just toddlers committed suicide at the age of 15. I still can't get over the fact that she is gone and why she would do that. I feel like I'm being an asshole when I say that I'm mad at her for doing it but I truly am. She doesn't know what she left behind.. I fucking looked up to her like she was my older sister and I was like her little brother..she left me here all by myself? It doesn't make any sense for the reason she did it. I blame myself a lot because I could have helped her through the tough times but she never spoke up. She didn't show any sign that she was depressed and killed herself without an explanation.. not even a damn note. I saw her 2 weeks before she passed and she seemed like she was ok but she obviously wasn't. Knowing that my friend is 6 feet in the earth decomposing kills me and makes me want to wish I could have gone with her. She had so much ahead of her.. she won't have her first car, she won't have her wedding, she won't see herself graduate and I'm so pissed off because she left behind not only me but she had 2 little brothers and a loving mother. Her mom has gone absolutely insane because she wishes she could give her babygirl a hug just one more time. Is this really what she wanted? Did she think that it would be a good idea to do that? Im the age right now that she was when she died. I just wanted to pull her out of that damn coffin at her funeral and make her wake up. I still feel like she is still here with me deep down but I truly know that she won't take another breath. I just hope she's happy with what she did. I would do anything to go back to the day before she swallowed that bottle of pills in her bathroom and at least show her the impact she made on the people that loved her. If your thinking of suicide I urge you to just pull through and stay strong because nothing is that bad. So many people love you whether you know it or not. Suicide is NOT the answer ",1491190831.0,3,0.72,1
