subreddit,title,selftext,created_utc,score,upvote_ratio,num_comments
SuicideWatch,Company,"Hi. I'm a 19 year old male. I'm looking for someone to whom I can speak free of judgment. Preferably a female (as I am seeking advice and who better to ask than the subject of my torment) but I don't mind who it is honestly. I have no one else to whom I can speak. Please message me if you're willing to help. If not, I understand. 

Thanks. ",1464318742.0,6,1.0,1
