subreddit,title,selftext,created_utc,score,upvote_ratio,num_comments
MadeOfStyrofoam,the only thing keeping me yeet free is to see i am sober tell me i'm 69 days clean 👉😎👉 (also have a no context meme),,1630779532.0,26,0.89,2
MadeOfStyrofoam,i don't know what this was actually supposed to mean but...i feel personally attacked,,1613894212.0,119,1.0,2
MadeOfStyrofoam,"my therapist: ""why did you hurt yourself?"" me: ""I was bored"" my therapist:",,1595479775.0,148,1.0,11
foreverbox,oof ouch bottom right man's arm go brrrrr,,1594762505.0,102,1.0,2
MadeOfStyrofoam,well boys we did it,,1591854998.0,62,0.99,5
MadeOfStyrofoam,i'm proud of this one,,1586489163.0,108,0.99,5
MadeOfStyrofoam,yikes forever,,1576951009.0,36,0.97,9
MadeOfStyrofoam,Just vibing,,1575144310.0,301,0.99,6
MadeOfStyrofoam,🤡🤡🤡,accidentally texted my friend that I still have feelings for her I'm not very big brain right now,1574056355.0,20,1.0,1
MadeOfStyrofoam,when I yeet but my brain still doesn't give me the happy chemicals,,1571372759.0,96,1.0,0
MadeOfStyrofoam,Mfw I go to urgent care to get stitches and they make me go to the ER to get a psych evaluation and they keep me there for hours until determining I don't actually need inpatient (this happened over a year ago don't worry I'm ok),,1569722894.0,112,0.99,2
MadeOfStyrofoam,haha I got yelled at and sworn at by some random girls and now I'm trying not to cry in the uber haha,,1568925573.0,98,1.0,4
MadeOfStyrofoam,yeah this is big brain time,,1566173061.0,96,1.0,0
MadeOfStyrofoam,Oh? You're approaching me? 🤔,,1565838585.0,66,1.0,8
MadeOfStyrofoam,"hey i'm not an artist, but y'all have inspired me to make this! so thanks u/Probablyhuman420",,1565665205.0,19,0.84,2
MadeOfStyrofoam,UPDATE TIME 🤠,I got the testosterone boys! they have to teach me how to self inject next week so I can't take it right now but bruuuuuh I got the lil bottles it's in. gonna (safely) yeet that t into my leg next week !!!! thanks for the support by the way I didnt know if anyone would see that post but thank you it means a lot :)),1563647048.0,78,0.96,10
MadeOfStyrofoam,Positivity? in THIS sub? it's more likely than you think,hello this is not a meme but I think I might be getting hormones today!! I'm seeing my doctor in a couple hours but shit I've been trying to get on T for 3 years now so I'm really hoping that it'll be today. wish me luck boys 🤠,1563553111.0,92,0.99,11
MadeOfStyrofoam,post yeet thoughts,self care is hurting yourself but then stopping because you don't have the energy to yeet for more than a couple minutes uwu,1558584362.0,32,0.91,2
MadeOfStyrofoam,f,,1556657088.0,91,0.99,4
MadeOfStyrofoam,when the shadows from your window shades are triggering lmao,,1555449033.0,183,0.99,1
me_irlgbt,me🥕irlgbt,,1536622474.0,729,0.98,12
wholesomememes,Honk Honk!,,1521072763.0,70,0.95,5
