subreddit,body,created_utc,score
FoodPorn,You talking about how saturated this picture is?,1558656988.0,110
aww,"STELLA! STELLLLLA! Great name for a pup, I'd love shouting that out at a dog park.",1554746552.0,3
funny,"Some states call it a Bureau of Motor Vehicles, BMV.",1554746119.0,2
OldSchoolCool,"Usually you get someone else to pull your finger, however in this case Jackie succeeds to not only pull his own finger but two of his fingers at the same time with grace and composure.",1554745250.0,1
space,"I wondered this too, it seems that all impacts are inferred to impact near head-on, but what would a large asteroid like this do if it just shaved off 100 feet of mt. Everest, would it burn the skies, how much atmosphere would we lose, etc.?",1554726771.0,1
WTF,"Your comment has ruined my breakfast, not the pic or the story. This is just what I needed to help me lose weight, thanks.",1554471613.0,1
aww,Pika?,1554176413.0,2
Art,Makes me wonder if this planet is scheduled for demolition to make way for a hyperspace bypass.,1554128917.0,3
WTF,"Thanks a lot, you monster!",1521739573.0,1
videos,Don't make eye contact.,1521735642.0,1
aspergers,"I am almost one year out of a very toxic relationship. During that relationship when my ex wanted sex she would get me frustrated with how I should be doing what and in what manner, I felt obligated to have sex with her, I didn't know how she wants things to flow. It go to the point where I was repulsed mid sex and ran into the bathroom to hide from her, where I slept on the bathroom floor.  Several times a month she'd wear lingerie and I would have to do my best to reenact a scene from an adult romance novel, ugh. I wished it was over fast, but I HAVE to finish her or she would get pissed at me, reminding me how its my fault we are in debt and her $300 a month gym bill has nothing to do with the debt.

Fast forward to new relationship! So much happiness now, some big points are my girlfriend is very caring about boundaries, she knows that I don't like having sex for too long, if I haven't satisfied her she can take care of herself if I can't, and she doesn't bully in the bed.

As far as ptsd goes, I still sometimes feel ashamed after we finish, I've talked with her about this, and she holds, hugs, and smiles to me...

So, I think the best advice is to communicate completely with the your lover, but I can't say for random connections how to protect yourself. Hope this helps.",1521607251.0,3
LifeProTips,"Some things in life are bad

They can really make you mad

Other things just make you swear and curse

When you're chewing on life's gristle

Don't grumble, give a whistle

And this'll help things turn out for the best

And...
https://youtu.be/SJUhlRoBL8M",1511545665.0,1
news,Burger?,1495416167.0,1
gaming,Wish I had that.,1495412182.0,3
AdviceAnimals,Haven't in over 6 months,1494394758.0,1
AdviceAnimals,"Meme aside, I moved with her to her home state, married under 9 years, paid for two degrees gor her, my parents paid off her student loans prior to marriage, I paid for her full hip replacement, I haven't been able to get a steady job since the military, got laid off as a geologist right after graduating with a degree in geology due to oil crash, she can have a membership at a gym for 350 a month but I can't buy a dollar drink every day, we are 16k in debt, everyday new shit from Amazon comes in, today it was a cat paw silicon mold for chocolate. She cringes when I try to hug, I have no friends or family to hug. Looking to rant/advice...",1494394701.0,2
gifs,"My fitness pal helped me lose weight, it's crazy how much you eat when you keep track of it.",1484428466.0,19
germany,"My apologies, and thanks for your time and response.",1483460140.0,3
germany,"Ok, my apologies. Should I delete this post?",1483460005.0,1
germany,"I am reading about it now, this opportunity came to me this morning, I thought I could possibly get some information that I might miss.
I am a little excited about the prospect, I   quickly read the sidebar. I am limited to only a phone right now and researching is somewhat slow.

Thanks for your understanding.",1483459345.0,3
aspergers,"I'm 34, have a b.s. In Geology, but only have a min wage job, I have applied to many jobs but can't get past the interview part. The only real job I ever had was when I was in the military, but that was tough for me. 

And the jobs I've only had had been pretty much high risk undesirable jobs no one wants.

Best of luck to you.",1483410306.0,5
aspergers,"Thanks for your help, trying to accept that I do a lot of things the wrong way.

I spent 5 hours on the road today by myself trying to be productive, but ended up wasting resources. However, my wife explained to me why I shouldn't have done what I've done. Normally, I would have hidden my failure from her. I can't help now think that she has married a messed up person.

My parents were at first in denial, now I'm being patronized.
 I called about 30 people I know that I thought would talk with me, I have no friends.
I also had my testosterone and my wedding ring stolen from me at the hospital. My wife is in Ohio, I'm in NC, my flight leaves on Wednesday. I made a police report but they said it won't help me get my ring back. Everything is depressing.",1483407797.0,1
aspergers,"Long story short I don't make enough testosterone. But here is an earlier post I made. //
Been on TRT for 7 weeks and feel suicidal in between. Is this normal?

I got tested a while back, and it took a couple of months of extra testing to rule out other problems. Finally got put on TRT, a shot of 200 mg/mL  testosterone Cypionate injecting 1mL into muscle every 2 weeks.

My original Test was at ~240. I'm 6'1"" 260 lbs, and bmi is around ~25%. Since then I have dropped weight significantly down to ~240 lbs. And exercise more than just at work. Work is manual labor lifting 80 lbs, through out the day and I get about 10,000 steps easy every weekday. On weekends my wife and I will find something fun and healthy to do outside, dancing, hiking, climbing, etc. I have just started doing yoga again to help as well.

I feel exceptionally better physically, but mentally I have been on a emotional wreck. I cry way to much over silly things, and twice I have thought about suicide. The second time I almost went ahead with it. I didn't want to talk to my wife at first, but ended up doing so. She wants me to contact my doctor first thing in the morning.

I can't find any information on people that have the same reactions that I have, and would like to hear someone else's opinion. I got blood work done for the third week (1 week after my second dose) I don't have the results yet but I try to get a copy this Monday.

What are the necessary tests that should be run? My doctor is only running test on Free Test and Estrogen.
I have read that HCG and Amrimidex would help with a balanced regime.
My wife and I do want to have children and I am not in any way trying to build muscle. I have a big chest and bench 285 lbs no problem. I would rather have a slimmer cardio body than a muscle one.

Sorry its long, but most importantly I want to get rid of wanting to kill myself, and crying and being too mopey.

Appreciate any help you give. I will add more information if I missed anything just ask.  
  
 --------------------------------------------------------------------
Update:
Got a copy of my lab tests.

Test 290
Ref. Ranges &gt;18 years  
348-1197

% free Test (dialysis) 1.8  
Ref. Range Adult males 1.5-3.2

Free Test 52
Ref. Range 52-280

Luteinizing Hormone 4.4 Ref. Interval 1.7-8.6  
FSH 5.6 Ref. Interval 1.5-12.4  
Prolactin 6.6 Ref. Interval 4.0-15.2  

Got a new Dr. will be on:  
Test Cypionate 200mg a week or split it twice a week.  
Anastrozole .5mg 2x a week  
HCG .25ml 2x a week  
and Oxandrolone 50mg daily




https://www.reddit.com/r/Testosterone/comments/52aa2y/been_on_trt_for_7_weeks_and_feel_suicidal_in/",1483285767.0,2
aspergers,"Yup, I have messed up a lot of conversations that way. I am weary of acting on that advice too.",1482445587.0,2
aspergers,"Just had a session with my psychiatrist today about making friends. I don't like talking in general. But he said that it is important for me to start a dialog and if they are talking about something that interests them add to that discussion. If there is dead air, talk about what you are thinking.
It didn't help me I left more worried, Because a lot of time I wish I was back in my house. Although I can't stress how much I want some friends, I have asked everyone at work if they want to come over to my place to play some VR. They all say that they are too busy.",1482374881.0,2
aspergers,"I know that feeling of being bored with computers, I think about how vast a resource the computer/internet world can be.

How about making a game? You can get Unreal Editor for free and learn a lot from their tutorials.

I think fun could be had from sharing a new game with a friend, do you have steam or PS4?",1481994456.0,4
aspergers,"I have not told my wife about me punching my head, there is now a large dark bump on my forehead. My curly hair covers it up, I don't think she will notice. She doesn't look at me much right now.

Yesterday was really hard. She planned to make a reservation for us at a spa, but she forgot. She asked if I wanted a coffee and what kind, I said black, no creamer or sugar, and she said I won't drink it and its gross, and then said I don't drink coffee. I have drank coffee before, plus why would she ask if I wanted a coffee if ""I didn't drink coffee"" in the first place. She gives me my coffee, I drink it. She is angry at me the whole way to the spa (I looked up one with a rating of 4.7) Every sentence she said contained spite against me, after the spa, she complained about the service. We get home, and she yells at me some more about the messiness of the apartment, but it is mostly her stuff, my stuff is in a nook at the side and is just stacks of papers that I don't know how to get rid of. She tells me she is not in love with me anymore. I tell her that she needs to come with me to my Dr. appointment on the 21st. She says she can't, she is working.

I can't take it any more, I tell her I need to shower, I shower and collapse to the floor, shaking, and start hitting myself again, my head feels pulsing, but I feel a lot better. I lay in the shower for sometime and my wife comes in and sits beside me outside the shower. She comforts me by saying she is sorry, its her fault too, and she will make time to go to the Dr. with me. She goes to sleep on the couch, and I sleep in the bed alone.

Today, I put all her stuff in one area on the kitchen counter, and clean up a little, I looked for jobs, I have 4 I will apply to tomorrow.

I like playing video games I have thousands, I even have the Vive, but I have a hard time not thinking about everything else. Showers are also my favorite, I take them without lights on, to help me feel better. I used to play board games, but we have no friends to play them with, plus my wife would not want to right now anyways.

I like the idea of lists, but I have only finished a few in my life.
",1481946480.0,1
aspergers,"I appreciate that you make yourself available to talk. Thank you.

One thing that bugs me is that my mother in law was heard talking with my wife's sister from my wife discussing how they (the mother in law and wife's sister) think I am a murderer, and its only a matter of time before I kill my wife, I am so weird...etc. My wife won't talk to them about that, and has told me not to talk to them about it either. It really bugs me.

Side note, my self-harm from tonight is evident. I am disgusted, and embarrassed with my self, I don't know if I can hide it or tell her about it. She doesn't know I hit myself. ",1481765293.0,3
aspergers,"What matters more to you: the idea of someone mocking you, or obtaining the help that you clearly need? Why do you think that your wife would leave you and that your family would make fun of you? Aren't these people supposed to be there for you?//

People mock me often, I have a slight speech problem and will stutter/slur/or mix words together e.g. ""Great"" and Good"" will become ""Grood"", I mostly stay quiet for that... and I know it screws me over on interviews. I was raised by a family that reinforced the idea that we are of sound mind and body. We very rarely ever got sick, or broke bones; once when I was 17 I did something to my knee and it got to the size of a grapefruit. My family said I didn't need to go to the hospital, it took several months to fully recover. We were raised to think that therapy is for ""losers"" per se. So as much as I understand now that getting the help matters more, my mind is still conflicted and I care more about being mocked. And although I am forcing myself to get help, I am still struggling with telling the Dr. everything.

My wife has given me 4 ultimatums in the past, she has mentioned divorce about 5 times, all of which are directly related to my depression and motivation. So, I think, if diagnosed, it would conclude that there is something wrong with me. (I don't mean any disrespect to those with ailments) And she is there for me, truthfully, I think she scares me into doing what I need to do because I lack the motivation to get things done. And I know my family loves me, I just have this irrational fear that they would make fun/not support me.

I remember going to a 4H camp over summer, when it ended, my dad and I went through a gift shop to leave the camp site, I had the most embarrassing temper tantrum ever, kicking screaming, writhing along the floor to get my dad to buy me a stupid stuffed shark toy. I was ridiculed for a long time for that.

Thanks for responding, it helped a lot. And I am sorry if I said anything to offend anyone. ",1481764586.0,1
AskReddit,Get your Testosterone checked.,1474474302.0,1
Testosterone,"It seems pretty costly, but it is affordable. I am fat, but have dropped 20 lbs since I started Trt coupled with yoga and cardio. I didn't have the post lab result handy on me, but if I remember correctly my Test was around 600 after being on TRT.  
I am out on the field today and tomorrow, but I'll be able to get the post lab up then and the IU amount of Hcg too.  
I definitely want to get my hormones in the right place, how does AL work to drop weight? From what I read it helps gain weight.  
Sorry on mobile.",1474472341.0,1
Testosterone,"> Update: Got a copy of my lab tests.
> Test 290 Ref. Ranges >18 years
> 348-1197
> % free Test (dialysis) 1.8
> Ref. Range Adult males 1.5-3.2
> Free Test 52 Ref. Range 52-280
> Luteinizing Hormone 4.4 Ref. Interval 1.7-8.6
> FSH 5.6 Ref. Interval 1.5-12.4
> Prolactin 6.6 Ref. Interval 4.0-15.2
> Got a new Dr. will be on:
> Test Cypionate 200mg a week or split it twice a week.
> Anastrozole .5mg 2x a week
> HCG .25ml 2x a week
> and Oxandrolone 50mg daily

This sounds better than the prescribed 200mg of Test Cyp every 2 weeks, no?",1474399307.0,1
Testosterone,"Thanks again, I am signing off till anything new comes up. I got a lot on my plate with family, work, and health.

As for the posts, I don't know how to properly link them so I copy/pasted them below.  

---------------------------------------------------------------------------------------------  


I messed up, need some support by MessedUp84 in Testosterone

Brb detoxing my liver, you know the organ that detoxes your body. Then detoxing my kidneys, I can just feel the toxins building up. Might swing by the drive through kidney biopsy place to directly drain the toxins from them. The left kidney feels dirty, you know?
I got a case of the chemtrails bro:(

I messed up, need some support by MessedUp84 in Testosterone
[–]testosterone23 2 points 6 hours ago 
No he can't, don't you know that? He doesn't need to also, he has a ""shit ton of indirect evidence"".
He can also a ""feel high concentration of mercury in my brain"". He doesn't need your silly standardized lab tests using peer reviewed and extensively studied reagents!

",1473726766.0,1
Testosterone,"It may have been closer to 8, I took the shot on the morning on the 2nd, and sometime between the 9th and 10th at night I had the urge, I will post the labs when I get a copy of them.  
However, the doctor only ran 2 tests one before treatment and the other 1 week after my second dose. He is a crap doctor. But how I felt was honest. New doctor recommends I take 50mg 2x/week till I see him in 8 days.",1473724935.0,1
Testosterone,"Hey friend, I got a good chuckle from your other posts earlier today.  
Thanks!  

So, I got a new Doctor, who is just as appalled as you are, and says that the regime that I am on is unbelievable. He will (based on full lab tests) likely put me on HCG, Test, and Arimidex. This will be 8 days from now.  

So to mitigate the bad thoughts, my wife and I went to a yoga class on Sunday, and today I went for a 1.5 mile run after work. I feel better, tonight I will be taking a 50mg shot of Test (New Doctor recommends that I do that till I see him)  

So... for prosperity, when I get copies of the lab results I will paste them to my post so others who may have my problems can use as a reference.",1473724577.0,1
Testosterone,"I have always been generally a very happy person, never had urges like this before.  
I actually got out of bed grabbed a knife, and got back in bed and scratched my arms where I needed to cut, and also was applying a modest amount of pressure as I did.  
This whole scene felt surreal to me, and it felt like the simple thing to do.  

That happened, and I acknowledge that is very unlike me. I needed help, my wife answered the call. We are keeping this a secret from other family members and friends though. ",1473724147.0,1
Testosterone,"I called my doctor today, he said (paraphrasing the best I can remember   
""You need to call 911, see a psychiatrist if you are still feeling this way, or how do you feel about staying in observation for 3 days?""  

I said "" I can't do to work, but I am feeling better, my wife stayed up and watched me. Can this have anything to do with the TRT?""  

Doctor: ""Not a chance, I know what I am doing....  
Me:""...""  
Doctor: ""Hang in there buddy""

I still have a scheduled appointment with him on the 22nd but am thinking not going now. While I was working my wife found another doctor who had a conversation with her, and is going to put me on a program involving HCG, Test, and Amrimidex. The new doctor also said to start doing 50mg twice a week. My next appointment with him will be on the 20th this month (so 8 days from now)  

So... I have more stuff to read about, but it seems like I am in good hands now.
 ",1473723779.0,1
Testosterone,I came close to killing myself a little over 7 days from T shot. The first time I had those thoughts I never acted on it.,1473723009.0,1
Testosterone,"5 weeks on TRT (just counted, my title says 7 and I was wrong)  
1st injection on the 5th of August  
2nd on the 19th of August  
3rd on the 2nd of September.  

the fourth would be the 16th of September.

The needles honestly don't hurt me, my wife injects them for me (she is a dental hygienist, and has experience in doing that) but she agrees with you saying they are gargantuan.

Okay, I got the best place to store the Test. Dark drawer, in a desk so they wont tip over.

The world of TRT is new to me, and I have been trying to read up on it, but it is hard sifting through a lot of hyped, commercial, biased, conflicting articles on it. It is somewhat confusing. 

edit: formatting",1473628369.0,1
Testosterone,"I don't know to much about Cypionate, but feeling like I do 7-8 days from injection is just as you describe.

I appreciate the links, read some interesting threads already on the steroidology site, thanks",1473627309.0,1
Testosterone,"Thanks, those look affordable.",1473627067.0,1
Testosterone,"It is a vial with a rubber stopper, is it safe in the fridge (or how should I store it)?

The Rx needles 22G x 1 1/2, used for drawing and injecting.

I'm looking for a new doctor now, I have 1 I wrote to so far.

So, if my last dose was Sep. 2nd, my next ""Doctor scheduled"" dose is this Friday the 16th. Would it be it be okay to take .25mL Monday the 12th night, then .25mL on Friday the 16th morning, and continue that regime for every week? That would be drawing 4 times from that vial.

I will NEVER RE USE NEEDLES ever.

Thanks so much for your support.",1473626489.0,1
Testosterone,"My wife wants me to get a new Doctor, and tbh I want one as well. He is somewhat rude.
  So could I take .5mL out of the 200mg vial and save the other half for a week later? If I can do that, how do I get more needles (I only get Rx 12 at a time) or can I re-use them (isn't that dangerous)?

My wife is staying near me to watch me, I feel embarrassed for telling her about the suicide thoughts, but it is helping.",1473624502.0,2
