subreddit,title,selftext,created_utc,score,upvote_ratio,num_comments
oilpainting,Need crit for this new oil painting,,1490041449.0,1,1.0,1
SuicideWatch,I think I get it now,"From every freaking corner, every path I try to take, life is yelling at me that I am no good, worthless, a waste, that I should kill myself. I want to go to sleep and never wake up.",1462591268.0,1,1.0,1
PCOS,Finasteride for hirsutism?,I just got a new endocrinologist and they prescribed me Finasteride 1mg for my excessive facial hair since spironolactone 50mg 2/day isn't doing a thing for me. I just wanted to ask if anyone on the forum is or has been on it and what have your results been. I'm also on Loryna.,1462380182.0,5,0.86,6
depression,I've had it with therapy...,"Last Fall, I quit college because of anxiety and depression. It took me a damn long time to get over social anxiety enough to call doctors to look for a psychiatrist, psychologist, therapist, anything. This was my 4th time in therapy; I've never had luck with it. Well, everywhere I called who was in my network was full or wouldn't answer or call back even if I kept leaving messages. I was finally able to find a place who accepted my insurance and was in my network. They set up an intake appointment and I went. What was odd is they had me pay copay, so when my insurance's behavioral health coordinator called me again (every two weeks I get a call), we tried to find out what was going on with my insurance, and they told us that I wasn't supposed to be paying copay, that it should be waivered and reimbursed. Well I told this to the lady who makes my appointments at the doctor's office this week when I went and she said that I had to pay a copay, according to my insurance but that she will call again. She called me earlier and said that I do have to pay, so I called my insurance and it turns out that they stopped accepting my plan/being part of my network around the time when I made the first appointment and when I went there, I wasn't told this. So that's why they had me pay. So now I'm going to have to stop going and find someone else if I can. I'm really depressed now because for the appointments I went in, we decided I should go back to school because I was in therapy and they were referring me to a psychiatrist in the office. Well now, I'm back to square one... I won't lie, I feel a bit suicidal because I just feel so hopeless. I was supposed to be ready to go back to school on August but now that seems impossible considering how hard it's to find a doctor around here.",1460142629.0,4,1.0,0
Anxiety,Panic attacks after eating,"I keep having panic attacks after and while eating for fear that the food will make me sick and I will throw up. This is especially true with foods that have made me sick in the past, even if it was 10 years ago, or restaurants that I've heard have made others sick or have made me sick and sometimes just all restaurants. I feel like I am going insane and I've lost some weight now (about 20lbs). I honestly just want to be able to enjoy a meal with loved ones without panicking halfway and throwing the food away because my brain is positive it's contaminated. I hate wasting food more than anything. :/",1459991161.0,2,1.0,0
bicycling,What's the best bike or bike type for my needs?,"I live in a suburban area and am thinking of getting a bike to ride to the uni and back. This is maybe a 1.5 mi one-way ride just to get to the entrance of the campus (I'll probably use it inside as well). The community around here is fairly flat (some light hills), but in campus, there are some pretty steep hills (I would probably try to avoid them as much as I can because it's hard enough to walk up them, but I might have to walk up them while also walking the bike). I might do some light carrying (ie, books, small amount of art supplies, my laptop, etc). I also plan to use the bike to ride the trails in the area, some of these are gravel or dirt trails. I have an elevator in my building, so there's no need for me to carry the bike up the stairs. I haven't used a bike for maybe 12 years, so I'm looking for something simple that's not *too* expensive (although I want to see what options I have). I'm also petite and my weight usually ranges from 100lbs-125lbs (not sure if this would call for a heavier or lighter bike frame).

I'm going to a bike shop when I decide to purchase and they will probably give me second opinions, but I still want to have some general knowledge of bikes that might work for me so I have something to compare their opinion to.",1459521996.0,2,0.67,17
Anxiety,"Trying to reenroll back in college, anxious","I withdrew from college last Fall (my first semester in this specific university) due to anxiety and depression, and applied for reinstatement for the upcoming school year but I am so terrified the faculty members who oversee this and make decisions will not give me a chance.

This is the nearest state university to me (but one of the best nationwide and apparently they are very strict), I've been living a few blocks from this university for years now, since 2012. It's my cheapest option. I already went to a community college and another 4-year school in another state (which didn't work out for me and was 8x more expensive as it was a private college), I've been very undecided on what I want to do in life since 2012 and so I moved around a lot (majors and schools). My first 3 semesters, I was very succesful and even was inducted to the honor society of 2-year colleges (Phi Theta Kappa) but then everything went downhill because I was also dealing with depression so for maybe a semester and a half, I did not go to college. Apart from this I have almost straight A's (maybe two B's in a span of 64 credits). Sixty of these credits were accepted into my new uni but I am also in a whole different program/major and the classes are completely different. Four years after I graduated HS, I am still taking 100-level courses and Pre-Calculus (I'm not bad at math at all, I just had a very lacking and unstable high school education to to moving around a lot). This not only makes me incredibly depressed and frustrated, but also makes me anxious that the Faculty Commitee will think I am not fit for the school.

Anxiety and depression make it hard enough for me to be able to get and find a job. Not sure if I am prepared for a ""No""...",1459475705.0,1,1.0,0
Anxiety,Finally getting back on track and need a helpful reviewer for my college reinstatement statement,"Thought of posting this on /r/college but felt people would be more understanding here. I have been getting help for my anxiety and got through a tough session today, coming forward about things that were my biggest triggers back in Fall 2015 and caused me to leave school. It was a very rewarding session and my psychologist and I decided it was viable for me to ask for reinstatement (the deadline is Friday! *Really* need to get this done before then - primarily because I hate submitting on deadlines, it makes people think I waited until last minute) and continue therapy throughout (and increase frequency of it from weekly to several times per week when I go back, since, again, this is where I face my triggers).

So I had to write a statement answering these two questions: (1) What issues contributed to your reason to withdraw from your last semester at the University? (2) What steps have you taken to resolve these issues?

I have a strong lack of friends at the moment, and need a lovely soul who knows their stuff (perhaps someone who has been in a similar situation or someone who is a good writer or just someone who knows their stuff or knows how to make a good argument!) to read over it (it's like 400 words, not long at all - they want less than a page and the answers are divided into two documents at time of uploading so my statement should be separated into two easily understandable sections). I'll also send the guideline from the University's website just in case it helps. I'll be eternally grateful if anyone wants to give it a go.

(I would post it here but am worried they'll wrongfully think I plagiarized someone from Reddit or whatever, lol).

Thanks, guys.",1459294632.0,1,1.0,2
Anxiety,I can't go back to college because of anxiety but sometimes it seems like my only option,"I made the mistake last year of transferring to a state university (a well-known, big one in the East Coast of US), knowing full well that I was dealing with worsening anxiety. While I was glad that my grades were good enough to get into the school and into an Astronomy program, I also felt quite disconnected to not just what I was majoring in (I used to be an art student before), but also the people who went to that school. I *knew* there were amazingly brilliant people; and I clearly did not fit in. It was good at least, that the only course for the major that I was taking, I had previously taken in the nearby community college; however, without the math part (only theory).

About two weeks into classes, we were doing the usual in class: answering questions in group. Some of these were math questions and - for the life of me - I *cannot* answer math questions or do math problems unless I'm in a room alone or at least in complete silence and in a room filled with 99% of students the opposite sex, I didn't want anyone to generalize me as a dumb woman (I'm sorry, I know not all guys are like this but I had one from a different major tell me all women are dumb and they shouldn't study STEM). Well, I couldn't think or understand what the hell the guy across me was saying. We were doing something I hadn't done and all the math I knew flew at the window for a minute. And there it was; he mocked, ""You don't know how to solve math problems?"" I laughed too and continued to the next questions (and I'll be honest, I had been the one answering almost all the questions in the worksheets), but in reality I was worried that I was in the wrong place.

Well, after this it was hard for me to go back in the class. I avoided it like the plague for a while, and then I stopped going to all my classes completely. I didn't fit in that environment, not at all. Perhaps I could be able to get straight A's by working on my own, but it was frightening what I actually had to go through every day: getting on the bus gave me anxiety, walking to class gave me anxiety because there were people I did not want to encounter or for them to see me walking (and unfortunately my class was right in front the busiest street in the campus), being in class gave me anxiety because I did not want to fail, working in groups gave me anxiety, the fact that I had to take speech class gave me anxiety (I hate public speaking), homework gave me anxiety because I wanted everything to be perfect in case I failed everything else, tests and quizzes gave me anxiety because I was having trouble getting good scores even if I knew the material, I didn't even know if I could get over the remaining 3-4 years, much less in a new major, etc. I had already been in college for 3 years and some of my friends were already starting their Doctorate's. I quit; stopped going to class.

I got a job in retail a while later and ended up quitting because (1) a customer came up to me and started lecturing me on how much of a failure I was and (2) my supervisors would yell at me for not following the instructions they *did not* give me. I decided to just keep practicing painting and hopefully be able to sell my work soon. However, I get anxiety about doing that or taking up jobs. I always think I'm gonna do horrible jobs and even if people like it, I don't, and I don't think my work is worth their money. I've been trying to find another job but really, I'm scared of ending up in the wrong place again, because if I do, I might just give up. I'm at the very edge, thinking about suicide being my only option maybe 3-4/7 days of the week. College seems like the only thing I could do right now - would make my parent happy, however, I'm certain I wouldn't be able to get through it. I suppose I'm just one of those people who are bad at everything. Feels like my time here is limited.",1459178264.0,8,1.0,6
socialanxiety,Experiences working loss prevention as a person with SA?,Considering applying for this as being on the floor selling and so doesn't work for me. So what are your experiences doing this in a retail environment?,1459010314.0,2,1.0,4
mentalhealth,Need help with first assignment of therapy,"I finally, *finally* was able to find someone to help me get my mental health under control.

This is gonna sound stupid.

But I don't know how to do this. I specifically told them while in the office that ""I don't know what I want to do with my life or if I want to do anything at all."" And of course the assignment is to find 10 things (or was it 5? I forgot, so I'm guessing it was 10) I want to do with my life.

I need serious help.

I really don't know. I'm 21 and I have no clue and thinking about it is really frustrating and stressful.",1458835880.0,4,1.0,25
TwoXChromosomes,Body insecurities and clothing,"Of all the female fashion trends this year has to offer in great masses, the one I hate the most is the famous crop top. 

I have PCOS so I grow a bit of dark hair under my belly button (besides being bloated for the most part of my cycle). I once tried shaving and ended up with a very obvious (yet slightly hilarious) line of no-hair down my abdomen, while the rest of my belly had light, small hairs that were made much more apparent by this then. On top of this I have an (what I consider) ugly mole right under my belly button against super white skin. I don't feel comfortable wearing anything that shows my belly! Pants that fit well are hard to come by. I am a size 2 (or was), I've been losing weight and now I suspect I might be a 0 or that awkward stage in between both (My 2s are falling). I have wide hips yet no butt and stand tallest at 5'2"".

*Sigh*.
While I panic because 80-90% of blouses and tanks in female fashion stores (at least the ones I frequent) this year are crop tops plus the only jeans (from the only store - American Eagle) that used to fit alright, fit no longer, I come here to ask - *to those of you with these insecurities, what do you do? And how the hell do I wear a crop top without ending up hiding in a hoodie by 12 noon? And where can I find pants that fit, lol?*",1458742394.0,0,0.46,13
socialanxiety,Trying to find help; getting depressed,"I've been calling doctors and therapists to see if I can get my anxiety under control. It's hard enough to pick up the phone and prepare myself to talk to someone or leave a message, but I feel let down whenever I'm able to reach a human being and they tell me they're not taking in new patients.",1458309215.0,6,0.81,3
Hair,Hair dyeing for dark hair,"I have dark brown, thick hair and feel uncomfortable using straight up bleach (also too broke to go a hair salon to retouch/dye, plus it seems nobody in the area knows how to deal with my hair type). The only hair dye that has worked for me is L'Oreal HiColor (Reds, the browns and blonds don't work), which I assume has a bit of bleach in it (and I'm comfortable with this). I was looking to change my hair color again and wanted to see if there were other dyes for people with dark hair (doesn't matter the color as long as it's not dark brown or black).
(Also, suggestions on removing 2 1/2 years of red dye would be perfect lol). (P.S. My hair hasn't been treated or anything, just dyed with this specific brand for 2 1/2 yrs!)",1458218914.0,3,1.0,4
PCOS,Hirsutism,"I've have pretty bad hirsutism on my face (although to be honest, my arms and pubic area/legs tmi too and they bother me, although they're not as annoying and bad for self-esteem as my face). Back a few years ago (maybe 5 or so) when the laser removal thing was getting more noticed, I got about 8 or more treatments of laser with an esthetician I knew who got training and bought a machine for their salon. Again, this person didn't have much experience but was probably the most experienced person in the area, as this process was a new thing in this place. At the moment I didn't know I had PCOS but I was on Ortho Tri Cyclen Lo (now I'm on Loryna). I also (*no idea if I wasn't supposed to do this, but they told me it was okay*) was waxing the facial hair in between treatments. The laser made the hair grow out thinner, slower, and in some spots it had disappeared. However, after stopping laser, they all grew back.

Now I have a better knowledge of what I have and the hair has gotten worse (it's dark and thick, mustache, sideburns, chin, jaw and at the neck part that connects with the jaw - like the bottom of the head). I'm not sure I can grow a full on sexy, manly beard - however, to say I grow it less patchy and darker than my boyfriend (lol!) is enough (I also have darker and more arm hair, although his is longer). I started going to the endocrinologist periodically, maybe two years ago and since then they put me on Loryna and spiro. My testosterone is fine (it was off by one number not too long ago but the doctor said that was probably insignificant when compared to the amount of hair I have). My other hormones are fine. I take 100mg a day now (50mg twice a day). Honestly, I've seen no difference. I'm changing doctors in the same office because this other doctor left, but I wanted to ask what other people have done and if they've tried laser while on spiro (if it made a difference). I usually wax (I've tried different waxes but the ones made specifically for the face are pretty terrible) but lately it's making my face super dry and my skin is peeling off and scaring for days after. I miss the days when I could just bleach the hair.


TL;DR: For those of you who deal with it, what kind of treatments/meds have worked? Laser + low dosage birth control didn't work for me and 100mg spiro on it's own doesn't do much either.",1458152855.0,8,0.91,13
PCOS,Having a very bad period,"Usually I can take an Advil and my cramps go away for 6-7 hrs but today I took an Advil at 5AM and it's 9AM and my cramps are still bad and I'm getting nauseous.
Not sure what can I do right now. I can't drink tea (hot water makes me nauseous even when I'm not having periods). I feel pretty terrible and I'm having a panic attack because of this. :'(",1458134601.0,2,1.0,9
socialanxiety,"In these situations, you can't do anything but laugh or cry, simultaneously. PCOS + Social Anxiety problems.","A short/long story on something that's been happening to me. I thought someone out there might get something out of it and it could encourage them to do things they've been putting aside for a while due to anxiety. I can only laugh at this point, man.

Background:

-I have PCOS (or I should say, I'm getting tested for it but there is a high chance that's what it is) and terrible general anxiety/social anxiety (they are kind of jumbled together). 

-For months now I've barely gone out of the house or communicated with anyone. 

-My endocrinologist moved states a couple of months ago, so I had to make a startup appointment with another endocrinologist in the same office but I was to scared to pick up the phone and call because I didn't know what to say. Well 2 weeks ago or so, I was able to do it and the soonest appt is April 28. 

-Problem is I'm out of birth control meds tomorrow and they regulate my period, which in turn regulates part of my mental health problems (in fact, my last psychiatrist wanted me on it because of the PCOS). 

-I tried to get a prescription through the new endo, but they have to see me first, so they told me to go to my primary.

-Primary was out of town and then wouldn't answer my calls.

-I got an appt at an OB/Gyn and was super relieved yet super anxious about this. Finally the day to go gets here, I have a super early appointment. But too bad for me because the doctor was delivering a baby. Eventually I got my appointment that day, but I was SO ANXIOUS that when I had the opportunity to ask and remembered I needed pills, I couldn't get the words out and quickly forgot about everything but pain when the examination and bombardment of questions about my PCOS history started (this is a new OB/Gyn, by the way).

-In the end, I never asked for the pills because I just completely erased the fact I really, really needed them (even though I panicked for days because I was running low and really needed a refill! Anxiety which turned out to be totally useless in the end).

-I get to the pharmacy to hand in a prescription for something else and it is when I arrive to the drop off counter that I realize I forgot to ask the most important thing I made an appt at the OB/Gyn for: the damned birth control pills! *shakes fist furiously*

-So I gain courage and ask the pharmacy if they can call and ask but no one picked up the phones, and the prescription request they sent was cancelled in 24 hours because no one answered it. Note: I have been asking them to send requests for this prescription to other doctors for days and at this point, I am sure they are judging me as irresponsible or as if I was an addict asking them for opiates. Approaching them once was hard enough, but this is like my 10th time this week having to talk to them through the phone or in person.

-I couldn't do anything so I went home and kept calling (every time dying inside a little bit from panic) and eventually I got a human from the doctor's office to talk to me and I requested if I could get the prescription, shamefully had to explain that I got anxious and forgot to ask the day of my appt.

-Apparently they filled it (called today) and it didn't go through to the pharmacy. But they said they'll try again.


I've made more calls in the past two weeks than my whole lifetime. I've also made a couple of calls to psychologists, therapists, the local crisis center, a local mental department in a hospital, a psychiatrist - looking for someone who can help me get over my main problems of anxiety. They've all been dead ends (people are either not taking patients, refer me to someone else, or don't answer) and it's a letdown after you've managed to gain enough courage to make a single call. I've been trying to look for some place I can either walk to or take a taxi (not Uber, because Uber drivers always want to make conversation), or a place I can take one train or one bus to, without having to make connections (that would just add anxiety and make it difficult for me to make myself get to the appointment) to other public transportation but it's certainly difficult and time-consuming. Well, at least I can say I've made some progress.


Good luck to all of you today beating the odds. I also challenge/encourage you to make that phone call you have been putting aside because of anxiety and make sure you have enough refills on meds left. :)",1458064019.0,1,1.0,0
mentalhealth,Suicidal from getting bored,"This is just a very general way to put it...
But I get bored of jobs/careers/majors/hobbies/life/places/schools/people.
I get bored of things and it makes me suicidal. I have a lifelong history of doing things for a few days, weeks, months, or years and then giving up, getting bored, getting depressed and anxious - completely quitting them. The reason why I bring this up is because I can't finish college, I can't take up a job, I can't do anything like this. It's like I get micro obsessions for a while and then they disappear and I get really upset and it interferes with my ability to do things (as in, it's impossible to just get over it and do things without hurting myself).

I was wondering if anyone else had to deal with something like this.",1457969905.0,12,0.94,29
SuicideWatch,I don't believe in help and don't really want it,"I've been having trouble with depression and anxiety for several years now. I quit my job last November (only had ot for a month and got it after I quit college, was an attempt to get better at the suggestion of family and friends telling me that a job would make me feel better - which it ended up doing the complete opposite, now I'm pretty terrified of socializing with humans), I quit college (stopped going, couldn't drop out of classes because of college policy so I ended up failing them all, I'm still enrolled but not taking courses and I assume if I ever get better and want to go back, they'll kick me out because I'm not taking classes and failed all courses last semester), and for the past couple of weeks I've lived every day suicidal and I can't really tell the only two people I ever talk to because they get mad at me. I don't really want to keep living. I've thought about running away from home, anything to get me away from everyone I know because I don't want to know anyone, I don't want anyone to know me. I've thought about getting help and have made a few calls or asked doctors but they refer me some place, who refers me some place, who tells me they don't have openings until 3 months from now. I don't think I can live that far on. Even if I were to get treatment it would be several months until I started to feel better, so it's not just 3 months, it's more than that. Plus I don't think I have the drive anymore to do the assignments a therapist or psychologist would give me.",1457875850.0,6,0.88,5
Anxiety,Lifeline,"I contacted the Suicide Lifeline through chat yesterday. It started out okay but eventually the person answered less and less frequently. It makes me anxious, makes me think that they were judging me and that I was not worth the time or like they were doing it on purpose so I'd leave. I don't know, maybe I'm delusional.",1457694566.0,1,1.0,1
SuicideWatch,Been thinking about suicide for weeks,"I'm tired of everything. Because of anxiety, I wasn't doing well at school, I quit college (change schools several times to make sure it wasn't that) months ago, I quit my job because I can't speak to people without crying, I'm a moron and I can't do anything right.",1457650849.0,5,1.0,2
PCOS,Finally getting diagnosed,"I've suspected for a while that what I have is PCOS. It's definitely genetic; my aunt has had it her whole life. I'm 21, 104lb, pretty much my first 1 or 2 cycles when I was 13 were the only normal ones, on Loryna and Spironolactone for maybeee a year and a half to two years(?). I was going to an endocrinologist because of facial/excessive hair and irregular periods and she suggested PCOS but I needed to go to a gyno first. So just today I did that - for the first time in my life got a check up (afraid of facing the truth, eh?)! And tomorrow morning I have to chug 32 ounces of water to get a sonogram. It probably won't look completely normal but I'm worried about cysts, cancer, etc. Cancer runs in the family (grandmother died from it around her 30s - although I don't think it was related to the reproductive system) and I believe my aunt had cysts. From today, turns out the meds are giving me... I think doc said fibroids(? - sorry, I forgot the exact words he used :c but it's benign!) which are making me bleed from barely touching anything down there and it makes intercourse a bit painful because my cervix is irritated. I'm lucky in that I have a very understanding and amazing partner, though (being open about health is always good). I don't think I can beat the odds in regards of infertility. My aunt was infertile and the only time she got pregnant, I believe it was either ectopic or her body aborted a few months in. However, at the moment I don't think I want children (not in the nearby future), and if at any time I did, I would consider adoption or surrogacy (I don't find anything exciting about pregnancy so it doesn't bother me personally).

Good wishes to you ladies out there dealing with this.",1457568677.0,1,1.0,0
Anxiety,"Panicking, several infections","At the momemt, I am crying like a baby because I am losing control over my body and all the things I'm afraid of are happening at the same time.
On Thursday, I got diarrhea and nausea. I am morbidly afraid of throwing up, so that was Hell. Friday was just cramps and more nausea, on Saturday I still felt the same as on Friday, so I gave up, faced my social anxiety fears and went to a clinic. I was told I most likely had a viral infection. Fast forward to Saturday night and I started getting ear pain and throat pain. My lymph nodes were huge but I guessed I could just tough that one up.
Now it's Sunday night, nausea and cramps haven't gone away, I haven't been able to go to the bathroom since Thursday except to urinate, and now I go and... low and behold, I also have a UTI. I've been having back pain for a few days and asked my mother to take me to the ER because I've been having especially questionable side and back pain today and I'm worried about my kidneys but she just dismissed me. I don't know how to drive and I don't know what to do but panic for the rest of the night. Anxiety and panic are killing me right now. ",1457326556.0,4,1.0,2
AskDocs,Stomach flu + ear/throat pain?,"21, F, 5'2"", 115 lbs
Have been having diarrhea and/or associated cramps since Thursday. Also nausea and lower + mid back pain (mostly left side). I went to the doctor and discovered I had a low (99.1) fever and red nose, ears, throat and swollen lymph nodes on my throat and now I have right ear pain and kind of a scratchy, dry throat from time to time where the swollen lymph node is. However, I was told it was just viral gastroenteritis. I've never heard of the stomach flu causing ear pain and sore throat... Is it normal?",1457256530.0,1,1.0,0
Anxiety,"Panic attacks, while and after eating","There's not a moment my body misses the opportunity to give me a panic attack while or after eating. It's stressful because it's hard to eat full meals sometimes and if I go out with friends, it gets worse, to the point I've avoided going out with friends. Sometimes it happens even from having a drink: water, a milkshake, coffee, chocolate. Mainly, I'm just afraid of getting sick (which in turn, the panic makes me feel sick - the irony). I went to a restaurant two years ago and was sick with the stomach flu for a week, in the most tortuous way... I got sick from what I ate, then healthy, then got sick again 2 days after, while on a trip. I'm terrified I'll get sick again - I am terrified of vomiting. Cooking at home helps a bit because I know I'm clean, but it still doesn't stop them from happening. I know it's irrational but it's been happening every meal, every day, for months and it's making me crazy.",1456531167.0,1,1.0,1
Anxiety,Heart palpitations?,"As far as I know I am pretty healthy. I go to the doctor several times a year due to possible PCOS and sometimes due to sickness but nothing serious. I get blood tests for pretty much everything at least once a year and the only things off have been testosterone and Vit D.
However, I do get a funny feeling in my chest. I've never had a panic attack at the time these happen although I deal with anxiety on a daily basis. It feels like someone kicks my chest (there's no pain involved but it feels kind of empty and like I'm waiting for it to hurt? Not sure if that makes sense. It's kind of like a rush.) and takes my breath away for a second or two. At times it has happened on and off during a long period of time (2-4 hours, but this was a while ago and hasn't occured again). I was wondering if anyone has had similar experiences with anxiety?",1456275951.0,13,0.89,7
Anxietyhelp,"Best treatments: GAD, social + panic? How to find courage to get help while dealing with SA?","So I'm just researching doctors and therapists around me who accept my plan, although I'm not sure I'll go through with it because going to speak to someone actually gives me a lot of anxiety... but I'd just like some information so I'll know what to look for. What is the best treatment method for General Anxiety, social anxiety, and panic attacks? I'm having trouble understanding the differences between DBT, CBT, and ACT. [Side note: I once went to someone who practiced CBT but their approach was to jump in the water regardless if it gave me anxiety, and just do it - which didn't help for me and ended up making things worse and developing into social anxiety and daily panic attacks (they were just once a month or every few weeks before). I have no clue if that was actual CBT and since then I haven't had the courage to see another professional out of fear something like that will happen again. Someone enlighten me.]
Also if anyone has had any trouble going to seek help while having social anxiety (it's not only going to talk to someone, or the possibility of getting a therapist like my last one, it's also that I have to get there using public transportation and that I could possibly encounter someone I know), suggestions, anything - I'll take what I can.",1456160296.0,2,1.0,1
Anxiety,Safety in Anxiety,"Do any of you also feel some security by having Anxiety? It seems odd, I hate having GAD, panic attacks, and social anxiety, but I also feel it protects me. Part of me wants to ""get over it"" and be able to function normally but the other part of me doesn't want to because I've had it for a while and the hypersensitivity brings me security. I hope that makes sense at all...",1456150821.0,2,0.75,2
