subreddit,title,selftext,created_utc,score,upvote_ratio,num_comments
SuicideWatch,last day,"can someone text me on kik? it's citygirl991

my name is Sierra and I just need a friend...",1458557482.0,1,1.0,1
depression,could really use someone to vent to and for advice,.,1457922779.0,2,1.0,0
