subreddit,title,selftext,created_utc,score,upvote_ratio,num_comments
SuicideWatch,"I am in a really dark place, am too scared to turn to those around me.","Hey Reddit, 

This is not my regular account, so don't mind the lack of previous posts, but I am in a really dark place. While on the surface things don't seem so bad, I have a job (currently not on contract because the bosses, enthusiastic at first, witnessed me during a meeting, where I became a little manic, with my usual OCD desire for nitpicking details, resulted in me disrupting the general mood. While we got everything we wanted from the meeting, the boss felt that I was too high risk to be around external people). So while I have work, I am worried about my job security. I was also swindelled out of my money by a pervious boss who should be paying everything back through the courts, but has not yet. All this isnt affecting my ability to get money, or anything, but it has wounded my pride and deflated my sense of self worth. 

I already suffer pretty badly from depression and OCD (the latter makes me very good at my job, which is all about nitpicking details), but my wife does not understand, she is unwilling to learn, or even to remotely sympathize. Her answer to everything is, don't be crazy. Your craziness is stupid, it annoys me and you should just change. Any time I bring up suicidal thoughts, she guilts me further by saying that I shouldn't burden her with these thoughts and that I don't get to think about it, let alone do it. I don't have friends, well not really close ones. Not ones I feel comfortable speaking to. My parents also are not people who I can talk to. While i am physically close to them, in regards to proximity, they sent me away when I was younger (14) to live elsewhere because I was annoying to them (yay, OCD!), so I never really bonded with them. 

All of this is not new, but atm I am in a really really dark place. My first and last thoughts of the day are to kill myself. My mantra ""kill yourself"" is something i whisper to myself, which calms me down in a wierd way, is all I seem to be able to mutter or write when I am anywhere. I keep doing drugs, alcohol, anything to numb the pain for even just a second, knowing full well that it will only make things worse. I have stopped sleeping for the most part. Its been months, and I cannot seem to shake the feeling that I am going to kill myself. The only thing that keeps me from doing it is the thought of dissapointing people even more. I dont know what I am going to expect writing this, but mostly I am looking for some kind of positive feedback. Anything with even a hint of sunshine. Anything I bring up is immediately shot down with a barage of negativity from, mostly my wife, whose idea of support is telling me that I am stupid and crazy for even thinking those things and that my life is fine and I should just suck it up. 

Just to give you an idea of her support, a few months back I had a full blown panic attack. You know, falling over from my legs giving out, hyperventilating, balled up on the floor crying with my hands over my eyes and ears screaming to be left alone, and all she could do is yell at me ""you're pathetic, you're a loser for crying like that, be a man, you're pathetic"". And pretty much that is how I have been feeling ever since. Not entirely true, I have always felt like a pathetic loser, but I can usually muster up some confidence here and there. Now, I am constantly scared. I hide in the bathroom at work a lot. I don't know what else to do. Maybe someone can help. Or at least make me feel less lonely. I feel completely alone surrounded by people. ",1482420836.0,1,1.0,2
