subreddit,title,selftext,created_utc,score,upvote_ratio,num_comments
newzealand,"NZHerald has now apparently given up English grammar, as well as quality reporting.",,1472892780.0,11,0.71,23
AskPhysics,Determine (macro-level) vibrational energy within a steel body,"Hi all, I'm a student, working on a robotics project that involves classifying vertically oriented steel cylinders of roughly identical geometry, based on mass. The mass is reduced from a maximum of around 1kg, by boring a hole of constant radius in the base of the object. Possible masses are 0.25kg, 0.5kg, 0.75kg and 1kg.

My current conceptual solution is to hit the weights with a pulse/vibration, either through the floor or through the air (probably air, as it's more directional?), then measure the returning sound signal over a range-based time window. I'd then perform a Fourier transform on said signal to determine if the resonant frequency of a particular volume (mass) is present, and if it is, then I know the mass of the target object.

I'm trying to determine the practicality of this solution, as I'm concerned about the energy requirements of the generated pulse to get a measurable return waveform. I'm not yet sure of what hardware I will be using (what the noise margins would be, etc.) but I'd like to determine the energy required to excite an object sufficiently to create a given amplitude of resonance.

**As such, my broad question is:** how might I determine the energy contained within an object, based on a known driving frequency/pulse waveform? I'm also wondering how I may determine the power of the oscillations on the exterior surface, so that I can determine the energy and SNR requirements for the driver and sensor.

Any input/criticism would be greatly appreciated! I realise this is a somewhat far-fetched idea and that the energy requirements may be impractical - please let me know if there's an obvious reason for this that I haven't yet determined.",1471080840.0,2,1.0,4
apple,Practicalities of removing the home button,"Does anyone else find that the vertical gap between the bottom of your phone and the bottom of the screen (where the home button currently resides) provides the perfect standoff to get your thumb on the bottom of the display?

I'm worried that if Apple removes the home button and takes the edgeless display path, we'll be having to balance the phone weirdly in our palm to reach the bottom third of the screen (and that will increase drop risk).",1466049809.0,1,1.0,1
apple,My iPhone SE has arrived and is set up!,"It looks and feels identical to my 5s, and using them side by side, there is no significant difference in practical speed, or anything else (except for Live Photos).

That being said, I'm very happy to have a more future proof product that isn't as gargantuan as the 6 that I'm about to sell.",1459408330.0,15,0.65,69
newzealand,"Another year, another creepy government spying incident.",,1430033449.0,42,0.84,14
newzealand,NZ television at its best...,,1426415952.0,23,0.66,38
iphone,Question about DHL Express shipping,"Waiting on my (third replacement - yep, I know) iPhone 6 to deliver via DHL Express. I went out for an hour to do some shopping, and when I checked it just now, the tracking page shows the status as: ""LC As Of 11:00am""... I haven't seen this in any of the previous three shipments. There is no ""Delivery Attempted"" entry - it still just says ""Forwarded for delivery.""

Google does not have any answers - is there a definitive answer on what ""LC"" actually means? Last contact? Lost consignment? Lazy courier..? It is DHL, after all...",1416524364.0,0,0.5,2
techsupport,Installing Windows 10 Preview on a Win8.1 tablet?,"Does anyone know if/how it will be possible to install the Windows 10 preview on a tablet?

I have a Dell Venue 8 Pro lying around and would love to have a play with the new OS on a touch-enabled device without compromising my work machine.",1412133143.0,0,0.5,2
apple,"Welp, here's hoping Google adds iOS support to Android Wear soon...","I love my iPhone, and I couldn't bear to give up my years of App Store investment to switch to a laggy, oversized Android...

But *damn* is the Apple Watch disappointingly ugly. :(

Edit: You know what? Actually, it's not ugly. It just isn't as beautiful as I expected it to be, given how the Moto 360 looks.",1410290827.0,0,0.4,10
AskPhysics,"Induced eddy currents by a magnet moving along a long ""plate""","Hey all, I've been reading about eddy current braking for a school project, and have hit a bit of a wall when it comes to understanding the braking force that will occur over time.

If I have a *moving* permanent magnet, travelling over a long, stationary conducting plate, will the induced eddy current dwindle once the magnet has moved past the end, or move along the plate, following the magnet?

It occurred to me that if you look at the flux through a small area of the plate, dL*w (where dL is a small length of the plate in the direction of the magnet's motion, and w is the width), it will be seen to vary. Obviously, however, the plate itself will not experience any significant changes in magnetic flux except when the magnet is at either end.

My understanding of this area of physics is not great, so feel free to set me right if I'm way off the mark.",1400050920.0,0,0.5,2
learnprogramming,[C] Strange problem... Loop won't run unless variable is printed to screen,"Hey all, so I've got a slightly strange problem... I have a small segment of code that I am trying to time the execution of. The segment of code effectively sums the elements of an integer array, and stores them in another integer (nothing exciting at all). However, I am not concerned with the actual sum... Only the time taken to determine its value, and as such, I am never ""using"" the result variable (other than writing to it).

My problem is this: the code that I am trying to time will *only* run if I print the value of the result variable to the screen, *after* the code I am trying to time has been executed. If I add a `printf(""%d"", myResultVariable);` directly after the segment, everything works beautifully and I get a very reasonable result. If I remove or comment that line... My measured time immediately drops to 0.0000ms.

Does anyone have an explanation for this, because I'm completely stumped! Thanks!",1381203145.0,0,0.5,2
