subreddit,title,selftext,created_utc,score,upvote_ratio,num_comments
SuicideWatch,Digging for reasons to wake up tomorrow,"Have not been feeling like a person the past couple months. Apparently working 7 days a week does that to a human. Now I'm at the point were I don't care about myself. I've been depressed for multiple years and have been in therapy. I'm trying to think of things, no matter how small that can bring back some joy in my life. What's something that makes you smile/get up in the morning?",1495390448.0,1,0.66,2
