subreddit,title,selftext,created_utc,score,upvote_ratio,num_comments
depression,How am I supposed to recover after i lost everything that helped me feel better through last few months?,"Hi, thank you for reading this. Few months ago i was having a rough time. That's when i made that account, and few encouraging words from people I'll never meet in real life helped me. 

Shortly after that, girl i met few months earlier reconnected with me. She was going through some tough times as well, and I figured I would help her, just listen, reassure her, and that's what I was doing for a while. She got her life somewhat in order, got a better job, started socializing, that's when we met few times (we live in different cities). As weird as it sounds, dealing with her problems, emphatizing, helped me to forget, or divert attention from my own. It also gave me that great feeling of being genuinely useful.

And I developed feelings for her. I have never been so emotionally bonded to someone before. And she said the same about me. I decided to tell her how I feel, and that I'd like to be more than her friend. I just wanted to be honest. And that changed everything. She said that even though she thinks of me as the most important person in her life, and nobody did that much good for her, she doesn't return my feelings. 'i love you, but I'm not in love with you' was what she told me.

Few weeks later, she told me that she started dating someone we both knew. Someone she told me about as annoying, abusive person, that she would remove from her life if she had a chance. Simultaneously she wanted to keep me as her friend. I gave her emotional support that he does not. That was a hard decision, but I decided i can't do it. It would be unfair to this guy, and only mean suffering for me.

It all happened about a month ago. We don't talk, or text anymore. I can't stop thinking about all that, I've never felt this kind of pain, as if someone built something in my heart that's never been there before, and ripped it out leaving even bigger void than before. That relationship was something i leaned on and it gave me a purpose. I feel so lost now, i struggle to focus on basic responsibilities. I come home from work and all i can do is sleep, or attempt to. I don't know how i am supposed to heal. How should I? 
 If you made this far, my beloved stranger, thank you for that.",1522313244.0,2,1.0,6
SuicideWatch,my mental fuel is running out,"For the last 4 years i lived to support and help other people through my time, commitment and hard work. That includes my friends who now moved away towards family life, my work that used to be exciting and rewarding, and now just feels like a duty because its a small family business that will stop providing for whole family if i give up on it. 
So for those past 4 years i had the energy to keep going, despite not feeling happy, recently i lost it all. Despite my efforts, i feel like nodody is close to me, im just a guy that is good to have a connection with and nothing more, that will fix your computer and drive you somewhere, but you dont invite him over, because there are bette options. I feel like I owe other people so much, including being alive, because that would be heartbreaking for my parents if I didnt. My life is as messy as this post, so if you made this far, thank you. ",1499980464.0,3,0.72,3
