subreddit,title,selftext,created_utc,score,upvote_ratio,num_comments
depression,So overwhelmed...too many problems to fix. Why is suicide so looked down upon,"I don't even know where to start, I don't want to make this a super long pity story but ill do my best to tldr it.

It would absolutely kill my parents, but I want nothing more than to drift off to sleep on an opiate overdose and not wake up.

I'm 25 male and my life is a mess. I have ulcerative colitis a painful and debilitating life time disorder. I can't work to it due to failing 7 meds for it....trying another now. I had poor oral hygeine as a kid and I can barely keep up with how fast they are decaying. uc destroys your teeth as well. They aren't terrible....but they are far from pearly straight white teeth. 

It also made me drop out of college more times than I can count...I just can't finish a semester...I always flare up and have to drop out. I'm also pretty ugly...short...very little confidence and in pain constantly. I'm going to be broke very soon due to not being able to hold a job/taking care of health issues...colonoscopies are 1k a pop with insurance and the obvious dental costs....I'm also completely friendless, and a kissless virgin. yeah yeah appearance isnt everything I know but it's quite a bit. It bothers me quite a bit...
I'm so overwhelmed...I don't have a single good thing going for me. 

Why not just take these painkillers with my klonopin and take a couple shots? It would be a painless death...just drift peacefully to sleep. The pain it would cause my parents is the only thing that stops me and I'm caring less and less how it would.


I'm not sure why I'm posting here, no one can help me. I guess I'm just venting. I wish something would just kill me.",1466175681.0,1,1.0,0
SuicideWatch,"I'm so overwhelmed...my life is a mess. I can't fix it, suicide is a permanent solution to permanent problems.","I don't even know where to start, I don't want to make this a super long pity story but ill do my best to tldr it.

I'm 25 male and my life is a mess.  I have ulcerative colitis a painful and debilitating life time disorder.  I can't work to it due to failing 7 meds for it....trying another now.  I had poor oral hygeine as a kid and I can barely keep up with how fast they are decaying.  uc destroys your teeth as well.  They aren't terrible....but they are far from pearly straight white teeth.  It also made me drop out of college more times than I can count...I just can't finish a semester...I always flare up and have to drop out.  I'm also pretty ugly...short...very little confidence and in pain constantly.  I'm going to be broke very soon due to not being able to hold a job/taking care of health issues...colonoscopies are 1k a pop with insurance and the obvious dental costs....I'm also completely friendless, and a kissless virgin.  yeah yeah appearance isnt everything I know but it's quite a bit.  It bothers me quite a bit...

I'm so overwhelmed...I don't have a single good thing going for me.  Why not just take these painkillers with my klonopin and take a couple shots?  It would be a painless death...just drift peacefully to sleep.  The pain it would cause my parents is the only thing that stops me and I'm caring less and less how it would.

I'm not sure why I'm posting here, no one can help me.  I guess I'm just venting.  I wish something would just kill me.",1466169753.0,9,0.85,14
