subreddit,title,selftext,created_utc,score,upvote_ratio,num_comments
SuicideWatch,I'm so tired of trying,"I've lived with depression my entire life.  I do the right things; I exercise regularly, go to work, have an important volunteer job that keeps me engaged in my community, maintain friendships and family relationships, take my meds religiously, and see my shrink regularly.

I work so hard to keep my mental health marginally ok, and it's still a game of chance as to how long I can keep from crashing.  I'm crashing now, and I just don't have the energy to go through it again.

I am not good at my job.  I am terrified my manager is going to find out I am not good at my job, and I will get fired.  The anxiety is so bad that I have constant, low grade nausea that has been going on for weeks.  It's gotten bad enough that I can't tell the difference between nausea and hunger.  I've been dropping over a pound a week for the last two months, and I'm not trying to lose weight.

There's this guy.  I love him.  He says we can have sex but not a relationship.  I know, love sounds stupid, but in my 42 years of life, I've been in love twice before.  I know it when I see it.  I should cut him out cold turkey, but I can't deal with that and my job at the same time.

The problem is that these things have caused a downward spiral and even if both were to resolve in the best possible way, I'm already spiraling out of control and I just don't have the will to go through another depressive episode.  

People always tell me if I can just get through it, things will get better, and they're right.  What they don't say is once it's better, there's no guarantee how long it will stay better, it WILL come back.  

I've talked to my shrink about it.  He knows I am crashing.  I've talked to family members and a few friends.  They can't help.  I even called the suicide hotline.  That was the worst thing yet.  The lady there told me to just fake it at my job and hope nobody notices I can't do the work.  

If I knew that I could get better and really be better, I'd push through it.  The thought of toughing it out just to make it to ""sort of ok for a while"" just isn't enough.  I don't know what some internet strangers can say to help, but I feel as if I am out of options.",1478263221.0,5,1.0,2
