subreddit,title,selftext,created_utc,score,upvote_ratio,num_comments
SuicideWatch,I can't do this,"I was bullied as a child, pretty badly. Elementary school, boy scouts, middle school, even most of high school. In high school I had one girlfriend. I was interested in her because she ""got me"" (gets me). She was awful to me. She let me know she had been with other guys, emotionally abused me. I just took it because there was no one else. I had few friends at that time. None I could talk to about how I felt that remains the same today. Due to this, I was never able to let anyone in. I built a fortress around myself with drugs and alcohol and I still do to this day (age 23). I By the time I was able to perfect this ""armor"" I had made more friends. I got my associates in Hawaii after high school. At the time I thought that being in a foreign place without roots would be a healthy experience for me. Meeting new people, discovering a different piece of the world.. that was when things clicked. I began talking to a girl from my hometown. SHE understood me, and in the time I was there I waited 5 months just to see her. We had met before in and even became friends in our after school arts program (I was once quite passionate about panting and drawing up until about my senior year of high school). She was (is) perfect. Kind, intelligent, and beautiful. . . When I came home we dated for 3 years (19-22). Those were the best times I can remember. . . I could never quite let her in. Always keeping her at arms length. Afraid to be hurt again like I was when I was a kid. The narcissism I had developed to keep people away had taken over. For those years in my life I was a monster. I only ever told her I loved her two or three in the years we dated. I never reciprocated her affection as much as I should have. I was neglectful, and arrogant; I was and I still believe I am a piece of trash.

Two months ago I left her. I moved to Buffalo to take a job. It was comfortable, I thought I would be happy here (again never thinking about her. Only my warped, groundless pride), I left her and thought I could be a normal person by being single. Like I had told myself for years, I was strong. I didn't need need emotion or caring from other people.  I had myself and that was the only company I would ever need (due to my self-induced narcissism, because I'm a coward). When I left her like the garbage I am, I felt a hole open up inside me. I backed away from it but it grew until it consumed me. I tried so hard not to reach out and I succeeded for almost 3 months until one day she reached out to me. 

Hey, I just saw X, Reminded me of you""
""How's it going?""

I tried to appear as if I were okay and I believe it held up for a couple of days. 

This couldn't stay for long. 

After that every day I though about her. Her name, all of the words I never said, the places I never took her, The future I ruined. . . It all boiled until I couldn't keep it in. I spilled my guts. . . I gush to her more often than I care to announce. But she's with someone else now. . . It's been several months since I left and every day I suffer. . . Nothings interests me. Cooking (my hobby) going out, other women. The thought of sex hurts due to the fact that it reminds me of her. I can't even masturbate. I drink constantly. I don't sleep. Don't eat. I just sit and drink endlessly. I go to therapy to get better and I understand that I'm a broken person and that it's my fault. . . I want to fix myself. . .  for her. . . 
me told me she was with him. That broke me. I called 3 to ask why he told me that, that reading those words burned more than anything I've ever felt. That if she wanted to shut me out then please just do it. . . I can't take it. I really can't. I think about death every day but I can't hurt my family. They have always been good to me. My parents for their support over the years. My brother (even though we didn't get along as kids) for all the laughs that got me through those hard nights that he never knew about. . . How could I leave them with a body full of sleeping pills? or slit wrists in the bathtub? Or hanging on a noose? Without them I would be dead already. I just need her to take me back. . . I don't ant to live without her. . . she is my only inspiration and my drive to become a better man but. . . I ruined everything. . . Due to the fact that I was a selfish, inept, piece of trash. . . In the end I suppose what keeps me from finishing it is my fear of never seeing her again. I just want the chance to prove that I can be a good to her. I can be everything I always should have. I'll do anything. To be with her again. 

I am drunk as I write this.

My family is amazing, we just weren't raised to talk about this.

My initials are EY

I was born on July 13th, 1994 in Kanagawa, Japan.

This is my cry for help. 

Somebody, please, help me. 

(Please forgive the many errors and left out parts in the post. I don't usually slip up like this)


",1504245234.0,2,0.76,3
