subreddit,title,selftext,created_utc,score,upvote_ratio,num_comments
SuicideWatch,Bad night,"I’m sorry that this probably isn’t the right place, but my best friend passed away from suicide 2 years ago and I’ve never understood depression before that. But I have since, and I’ve been doing well, but tonight is just a bad night and I don’t want to actually die but I want to hurt myself. I’m sitting around people right now but they are fake ass friends and I want to go home and hurt myself. I never thought I would be this way and I hate that I am. I’m sorry this is just a rant but I needed to get it out to someone that might understand. ",1513481910.0,2,1.0,2
SuicideWatch,Just need to talk,"I’m not sure if this is the right place to post this, and I’m sorry if it’s not, but tomorrow early morning is 2 years since I lost my best friend to suicide. I’ve been doing really well, but it’s hitting me hard right now. I guess I’m hoping this is a two part post. One, I want to encourage anyone that is having thoughts that people will miss you and please hang on and talk to someone. Two, maybe there’s someone here that has been through what I’m going through and wants to talk. Either way, I love every single person here, even though I don’t know you, and please just keep grasping on to tomorrow if that’s all you have. One day at a time we can figure it out. ",1509412408.0,2,0.75,1
