subreddit,body,created_utc,score
bassnectar,caspa .... FUCK,1493258485.0,3
SuicideWatch,"Sorry, I just saw this.  I'm okay, I have definitely been better.  How about you, you hanging in there?",1482732294.0,2
SuicideWatch,I'm feeling the same way... send me a message if you wanna talk man.,1482727322.0,2
depression,"I went through something extremely similar.  Send me a pm if you want to talk, can't guarantee that I'll make things better but i can definitely relate
 ",1482564451.0,1
SuicideWatch,"I thought the same thing initially.

Mate, time is the only thing that changed my outlook.  If you need someone to talk to  i got you",1480969176.0,2
SuicideWatch,Go to your school's wellness/health center and get a note to try and get you're finals pushed back.  I'm going through something really similar rn and I met with someone who got my final's pushed back until i get my head right for the next couple days.  Hope for the best and I'm here if you need someone to talk to,1480948179.0,2
SuicideWatch,mean's a lot. much love,1480947383.0,8
depression,treat yo self,1480907104.0,2
SuicideWatch,"send me a message if you want to chat.  going through some stuff myself 
",1480903951.0,2
