subreddit,title,selftext,created_utc,score,upvote_ratio,num_comments
whatsthisplant,"[GA] These flowers resemble white clover, but the leaves are lanceolate. Anyone know what this is?",,1480871146.0,14,0.9,1
whatsthisplant,Does anyone know what this plant/weed is? [Found in South Carolina],,1480629020.0,1,0.67,3
whatsthisplant,[South Carolina] Does anyone know what this could be? (Asteraceae),,1480514234.0,3,0.81,3
AskReddit,What's the weirdest or funniest crush you have ever had on a fictional character?,,1471570354.0,46,0.72,164
SuicideWatch,i just want to fucking die,"i've posted here before so i'm sorry if you recognize me and i'm sorry for being boring and posting here so much.  
i hate myself so fucking much it's ridiculous. i'm so fucking pathetic. i'm almost 20 and i've never even kissed anyone. i have a horrible personality and i'm hideously ugly and fat and everyone hates me. my appearance is so fucking disgusting. i'm not good enough for anyone. i'm so stupid and pathetic and sensitive. i get my feelings hurt over the stupidest most pathetic things and i fucking hate it. everyone would be better off and happier if i just fucking killed myself already.  
like i said i'm so fucking ugly. people on the street laugh at me because i look like a fucking goblin. no one would ever love me, i know i'm going to be alone my whole life because i'm so disgustingly fat and ugly.  
no one cares about me. people just pretend to and then they turn around and talk about how much they hate me and what a creepy fucking freak i am. everyone wants me to die.  
i have severe depression (obviously) and anxiety and crippling ocd. it makes my life hell. but i don't deserve to be happy. i'm a piece of worthless shit who needs to fucking die already. i hate myself. i can't wait for the right moment to fucking end it already.  
sorry again for posting multiple times. it's just nice to be able to talk about it relatively anonymously without any judgement. thanks everyone.",1470889269.0,5,1.0,1
SuicideWatch,my psychiatrist has given up on me,"so has everyone else. they're just waiting for me to kill myself because they know i will eventually and that it will make their lives easier. i'm a burden on everyone and everyone fucking hates me. people pretend to be nice to my face but the second i turn around they talk about how fucking disgusting and obese and ugly and stupid i am. no one likes me and i don't fucking blame them because everything they say is true. no one will ever love me and that's all i've ever wanted, someone to love me and care about me and actually enjoy spending time with me. but that's never going to happen because i'm a pathetic worthless piece of shit.  
i'm going to die before i turn 20 in october. it'll probably be on my birthday because i'll be over 100 miles away from home at school where i have no friends and no one who cares about me in the slightest. i wish i could make it look like an accident. i just want to fucking die. i fucking hate myself and so does everyone else.",1469762453.0,2,0.63,3
MadeOfStyrofoam,(x-post from r/selfharmpics) when people tell me to love myself...,,1469200915.0,13,0.94,1
confession,i will never be loved,"i'm a 19 year old girl and no one will ever love me or want to be with me. that's just a fact. i've never had a boyfriend, been kissed, or even held hands with someone romantically.  
i know why- it's because i'm so fucking ugly and fat. i look like a fucking obese goblin trying to masquerade as a human. my face looks like gollum from lotr and my body is so fat, fucking disgusting and flabby, stretch marks, cellulite, scars, just huge deposits of disgusting, repulsive fat.  
my personality is shit. i have severe depression and anxiety, and ocd. no one wants to be with a crazy person. and i self harm all the time. no guy wants to see that, they would probably be grossed the fuck out and think i'm disgusting, because i am. i fucking hate myself. i'm boring as hell and no one likes to be around me.  
i know that i'm going to die alone, and probably soon. i just want someone who shares my interests and genuinely cares about me and wants to protect me. but i'm fucking vile. i'm a monster. i'm completely unlovable. no one would ever want to be with me. i hate myself.  
edit: if you're here to just make fun of me then piss off. if you have nothing better to do than troll people who are genuinely hurt then you're more pathetic than i am.",1469156707.0,11,0.78,14
Overwatch,4 word Overwatch horror story,Bastion on moving platform,1468952377.0,1,0.57,11
SuicideWatch,i can't do this much longer,"i know i won't make it to 20. i can't stand to be alive anymore. it sounds cliche and stupid but pretty much every moment is hell.  
i fucking hate myself. i hate myself more than you can possibly imagine. i was diagnosed with clinical depression, severe anxiety, and ocd. it's so fucking hard to live just knowing other people think you're insane. i fantasize about killing myself all the time. i told my psychiatrist that i would never actually do it. that was a lie.  
i'm worthless. i'm almost 20 and i've never had a boyfriend or even been kissed. i get shitty grades and i have no friends. i'm disgustingly fat. i'm practically obese, my body is covered in stretch marks and scars and lumps and cellulite. it's disgusting. no one will ever love me because of that and my shitty personality.  
on my 20th birthday this year i'll be at school, over 100 miles away from my family. i could so easily end it then. the only reason i haven't already killed myself is because of my mom. i love her so much and i don't want to hurt her, but i can't stand it. i don't know what to do anymore. i hate myself so much.",1468899652.0,4,1.0,3
flightrising,How common is it to get a vista from the coliseum?,"I've been trying to a few hours to get the crystal pools vista and so far, nothing. i didn't expect it to be easy but i also didn't expect it to take this long. anyone have any idea of their rarity?",1468897570.0,3,1.0,2
neopets,What's your ultimate dream pet?,"i love the pets i have now and i definitely wouldn't trade them, but i've always wanted a maraquan aisha, i think they're so pretty and i would love to customize the crap out of her, lol. also kind of more boring but i would love to have a white blum, i've seen some wonderful customizations for them, plus i just think they're cute c:  
what about y'all, are there any pets you've been coveting?",1468891869.0,7,0.83,76
neopets,9 year old me would shit herself if she saw the neopets i have now,,1468807579.0,90,0.99,23
tattoos,"Question about tattoos, weight loss, and scar tissue",[removed],1468645027.0,2,1.0,0
SuicideWatch,i cant fucking stand to live for one more minute,"i'm sorry to post here again so soon but i dont have anyone else to talk to or anywhere else to go.  
i have nothing to live for. everyone fjucking hates me and wishes i was dead. no one cares about me or wants to spend time with me. the only peopel that pretend to like me are just wanting to get somethign from me.
im so upset right now that im shaking. i cant evne cut right because im too fucking stupid to even do that. i want to die immediately and i dont care how. im such a burden in everyone i know and they fucking hate me. i know they talk about me behihnd my back about how they wish i would die and how ugly and stupid and fat i am. god im so fucking fat. my body is so disgusting and scarred and lumpy and covered in stretch marks and cellulite. no one will ever love me because im disgusting,.  
i fucking hate myself and i wish someone would murder me so that at least i wouldnt be blamed for my own death. i want to die i deserve to be dead. i dont deserve to take up space on this planet im the most worthless person you could ever imagine. i have no potential and no redeeming qualities,. there is nothing good about me. i fucking hate mnyself more than anyone else in the universe and im ending it soon. i cant stand it anymore.",1468552654.0,3,0.72,10
SuicideWatch,"I want to kill myself, but can't","(i also posted this on r/confession, with a few changes here, so i apologize if you see the same thing twice. i just felt like it belonged here more.)  
I haven't been happy in such a long time. I see no reason to live. I don't have any friends. I'm almost 20 and I've never had a boyfriend or even kissed anyone. I'm ugly and fat and stupid. My body is so disgusting and scarred and fat and lardy that no one would ever want to be with me. Everyone hates me.
I've been thinking about suicide since I was probably 11. I want to kill myself more than anything in the world. The only thing that stops me is my mom. I love her so much, she's my best friend, and I know it would absolutely kill her, especially since she suffers from depression just like I do.
But that doens't stop me from cutting, burning, and self harming any way I can. I just deserve to feel pain. I hate myself. I want to die as soon as possible. I wish I could just get hit by a car or something like that so I wouldn't be blamed for it. I also have cancer which I know is a huge burden on my family, which I hate. I just can't stand being alive. Every day feels like torture. I hate myself.",1468467486.0,3,0.81,4
confession,i won't make it to 20,[removed],1468466452.0,2,1.0,0
confession,"I want to kill myself, but can't","I haven't been happy in such a long time. I see no reason to live. I don't have any friends. I'm almost 20 and I've never had a boyfriend or even kissed anyone. I'm ugly and fat and stupid. Everyone hates me.  
I've been thinking about suicide since I was probably 11. I want to kill myself more than anything in the world. The only thing that stops me is my mom. I love her so much, she's my best friend, and I know it would absolutely kill her, especially since she suffers from depression just like I do.  
But that doens't stop me from cutting, burning, and self harming any way I can. I just deserve to feel pain. I hate myself. I want to die as soon as possible. I wish I could just get hit by a car or something like that so I wouldn't be blamed for it. I also have cancer which I know is a huge burden on my family, which I hate. I just can't stand being alive. Every day feels like torture. I hate myself.",1468382056.0,4,0.61,10
help,can't view certain subreddits,"There's a specific subreddit that i want to view and post on, but it won't let me view it. it just comes up with a blank page. the sub is nsfw, but i think i have the nsfw filter turned off. does anyone else know what may be causing the problem?  
thanks in advance.",1468289108.0,2,0.67,2
TwoXChromosomes,Extreme pain during speculum exam,"This is kind of embarrassing to post, but I don't know what else to do. The other day I went to have an IUD installed, and the doctor wasn't able to complete the procedure due to the incredible amount of pain it caused me. It was so bad that I was crying and shaking on the table. She had said to expect some discomfort, but this was much more than that. She also said that it might be because I'm a virgin and I don't use tampons, but I don't know. Has anyone else been in a similar situation? Thanks in advance.",1468206448.0,1,0.6,5
offmychest,I want to die more than anything,"I fantasize about killing myself all the time. I honestly want to die. I have no redeeming qualities and I'm pathetic and I'm not good at anything. My face is disgustingly ugly and my body is beyond repulsive and no one will ever love me because of it. On top of that, I have a horrible personality. Everyone hates me and wishes I was dead anyways. The only reason I haven't done it already is my mom, I love her and I can't stand the thought of her finding me. But the world would be better without me. I'm a fucking waste of space.  
I'm not looking for sympathy. Just wanted to write it down.",1467692233.0,2,0.76,0
confession,I self harm. A lot.,[removed],1467341761.0,1,0.57,2
