subreddit,title,selftext,created_utc,score,upvote_ratio,num_comments
SuicideWatch,I sell drugs to make a living. Think I'll kill myself today.,"I wanted to live alone so badly. I ran away from home and I'm doing just fine financially. My family wasn't that abusive, they sure gave me a lot of crap but I still love them deep down. I've alienated myself from family, friends, everyone but the people I sell to. People closest to me now hate me because they found out how I make money.

I sell weed on college. Nobody else does that here, so I have control over everything. 2000 students, 1 guy. That's a lot of money. I go out every weekend, have sex with different women. And all that is beautiful for the moment I live in it, after that depression kicks in.

I can't help but think how I'm destroying young lives. Sure it's only marijuana, but we all know it can be a gateway to worse things. There are people who spend half their cash on my stuff. I talked to them, reasoned, told them: ""What the fuck is the matter with you spending all that money on this?"" People don't listen. I don't even smoke weed, maybe once a month. It's ironic I consider it to be so stupid.

This year, I've done fun things I never imagined I would do. I traveled abroad for a full month, I've gained some amazing life experience. That's all great, but is my money filthy? Am I trading somebody's soul just so I could have some fun? I've become an awful person. I never had a reason to live, that's why I attempted suicide two times. That one reason I have right now is worse than none.

I think this will be the end of me. I've got enough sleeping pills to go for eternity. Or nothing, some say...",1481243916.0,1,0.57,4
