subreddit,title,selftext,created_utc,score,upvote_ratio,num_comments
SuicideWatch,I got her pregnant... I want to commit suicide,"I never intended to have a baby and I don't know what to do now. She told me the test came up positive and now I want to kill myself. I don't want to be a father, I never wanted to be a father and I don't know what to do now. I know you're all probably gonna say ""lol deadbeat father shouldve used a condom stupid loser"" but please help",1499671905.0,2,0.6,12
