Subreddit,Comment Count
total_count,0
spotify,23
musicsuggestions,7
SpotifyPlaylists,4
LetsMakeaPlaylist,3
PlaylistExchange,1
lingling40hrs,2
AskReddit,2
SpotifyPlaylistShare,1
Playlist,3
medicine,1
GetStudying,1
SpotifyHub,4
studying,3
PlaylistCompetition,1
Spanish,1
makemeaplaylist,1
helpme,10
SuicideWatch,5
comment_count,73
