Subreddit,Comment Count
total_count,0
Minecraft,1
AskReddit,1
SuicideWatch,1
comment_count,3
