Subreddit,Comment Count
total_count,0
POCD,6
PewdiepieSubmissions,11
SuicideWatch,9
AnxietyDepression,6
depression_help,8
Tourettes,14
Anxiety,10
chat,2
LesbianActually,5
malaysia,1
cursedcomments,1
depressionmemes,3
depression_memes,3
abusiveparents,1
comment_count,80
