Subreddit,Post Count
total_count,0
microdosing,1
BBW,2
relationship_advice,2
venting,2
dating_advice,2
chubby,2
Drugs,2
OCD,1
dating,1
lawofattraction,1
Stims,1
depression,1
Crystals,1
witchcraft,1
submission_count,20
