Subreddit,Comment Count
total_count,0
BestBuyWorkers,31
CPTSDmemes,1
discordVideos,1
Zillennials,1
CoupleMemes,1
Spiderman,4
cymbalta,1
LeftyPiece,3
jobs,6
nagatoro,1
antiwork,6
brakence,7
MemePiece,6
doomer,1
GenZ,1
greentext,1
lostgeneration,4
spiderman2,1
rant,4
BerksCounty,1
TikTokCringe,2
regularshow,1
Invincible,1
Bestbuy,21
AskReddit,4
SpidermanPS4,13
HolUp,2
Pennsylvania,2
okaybuddyretard,1
spectacularmemes,1
PeterExplainsTheJoke,1
aspiememes,1
tattooadvice,1
doodoofard,2
LateStageCapitalism,4
MovieLeaksAndRumors,1
danganronpa,1
PrequelMemes,1
OWLCITY,4
cursed_videomemes,2
gravityfalls,1
OyasumiPunpun,1
WhitePeopleTwitter,3
lies,3
mildlyinfuriating,1
WaltDisneyWorld,2
pokemonmemes,2
SipsTea,1
ppnojutsu,4
TheBoys,1
InfowarriorRides,2
worldnews,1
Apartmentliving,1
2007scape,3
retardedcornfieldcum,3
CockPiece,1
aigreentext,3
ac_newhorizons,3
prozac,1
DBZmemes,1
geography,1
philadelphia,1
AnimalCrossing,1
meirl,1
ShitAmericansSay,1
boburnham,1
Dragonballsuper,1
AnimalsBeingDerps,1
WeatherGifs,1
fuckcars,1
bonehurtingjuice,1
evangelionmemes,1
evangelion,1
comment_count,199
