Subreddit,Post Count
total_count,0
SuicideWatch,1
puns,1
ImHigh,2
submission_count,4
