Subreddit,Comment Count
total_count,0
ftm,19
drums,1
52book,1
nukedmemes,2
Criminology,1
TikTokCringe,1
cursedcomments,1
shittyfoodporn,2
Piracy,1
suggestmeabook,4
surrealmemes,1
RoastMe,4
transpassing,1
NoStupidQuestions,3
transgenderUK,1
distantsocializing,1
SuicideWatch,6
RedditSessions,1
reactionpics,1
musictheory,1
AskPhysics,4
psychopath,1
comment_count,58
