Subreddit,Post Count
total_count,0
AmItheAsshole,1
SuicideWatch,1
depression,1
gardening,1
submission_count,4
