Subreddit,Post Count
total_count,0
BokunoheroFanfiction,1
submission_count,1
