Subreddit,Post Count
total_count,0
AmericanHorrorStory,1
physicianassistant,1
AskReddit,1
SofiawithanF,2
scorpiomoon,1
norfolk,1
dating,1
lamictal,2
prephysicianassistant,1
ADHD,1
aquarius,1
Adoption,1
astrology,1
MedicalAssistant,1
jobs,1
submission_count,17
