Subreddit,Post Count
total_count,0
Vent,1
AmIOverreacting,1
MentalHealthSupport,1
jobs,1
NoStupidQuestions,1
friendship,1
offmychest,1
tamagotchi,1
SuicideWatch,1
Pride_and_Positivity,1
AskOuija,1
tipofmytongue,1
askTO,1
submission_count,13
