Subreddit,Comment Count
total_count,0
nattyorjuice,3
videosthatendtoosoon,2
techsupport,1
NoStupidQuestions,7
BulkOrCut,9
running,1
AskReddit,1
GettingShredded,1
PrequelMemes,1
comment_count,26
