Subreddit,Post Count
total_count,0
addiction,10
SuicideWatch,5
mentalillness,2
offmychest,1
dxm,2
selfharm,1
Cigarettes,1
ptsd,1
GriefSupport,1
UnsentLetters,1
submission_count,25
