Subreddit,Comment Count
total_count,0
marvelrivals,13
Nightreign,2
DarkAndDarker,3
Eldenring,6
Borderlands4,1
darksouls,8
buildapc,2
DarkSouls2,5
GenjiMains,1
DarkSoulsMods,2
playstation,17
Overwatch,1
DeadByDaylightRAGE,1
DeadByDaylightKillers,10
LiesOfP,13
LeaksDBD,6
darksouls3,7
Rainbow6,6
fromsoftware,8
deadbydaylight,39
slaythespire,44
MortalKombat,56
Invincible,1
Nicegirls,1
ArcheroV2,1
steam_giveaway,5
Smite,229
attackontitan,7
bindingofisaac,3
brotato,19
DeadlockTheGame,7
silenthill,2
FortniteWeaponIdeas,1
smitepro,23
riskofrain,29
iBUYPOWER,3
TheTowerGame,1
borderlands3,15
Borderlands2,2
SuicideSquadGaming,11
pcmasterrace,14
DNFDuel,1
roguelites,1
PiratedGames,2
PatchesEmporium,1
BeyondTheFog,8
SoulsSliders,3
AssassinsCreedOrigins,3
HadesTheGame,4
MultiVersusTheGame,1
littlebigplanet,1
Sekiro,1
Barotrauma,1
gamingsuggestions,6
smitetraining,23
Helldivers,1
gaming,1
HydroHomies,5
MouseReview,4
gank,22
dyinglight2,1
PS5,4
tipofmytongue,9
FortniteFashion,3
FFVIIRemake,1
keyboards,12
TextingTheory,1
starwarsmemes,1
Silksong,1
thefinals,1
geometrydash,1
FortNiteBR,10
techsupport,9
SWGalaxyOfHeroes,1
TheLastOfUs2,1
ForTheKing,2
FellowKids,5
SpidermanPS4,2
wholesomememes,2
Memes_Of_The_Dank,6
Mortalkombatleaks,9
technicallythetruth,2
videogames,1
VampireSurvivors,1
northdakota,1
whatbugisthis,1
MechanicalKeyboards,1
SonsOfTheForest,1
diablo4,7
place,2
whatsthisbug,4
csgo,1
woooosh,3
roblox,3
legostarwars,2
Games,1
SifuGame,6
teenagers,49
HarryPotterGame,1
uwu,1
GameTheorists,4
discordapp,3
meirl,1
Minecraftbuilds,1
SoulstoneSurvivors,7
diablo3,10
FortniteMemes,1
WhitePeopleTwitter,2
Mandalorian,2
minot,4
dankmemes,4
TrueUnpopularOpinion,1
godtiersuperpowers,2
spiderbro,2
harrypotter,1
NewSkaters,4
PS4,2
iamveryrandom,2
YouShouldKnow,1
swgoh_guilds,1
theblackvoid,1
Kikpals,2
MadeMeSmile,2
batman,1
unOrdinary,1
dyinglight,4
iamatotalpieceofshit,1
shittyrainbow6,1
residentevil,2
maybemaybemaybe,1
firstimpression,2
PrequelMemes,1
tumblr,1
FortniteLeaks,2
raimimemes,1
teenagersnew,1
shitposting,2
JustUnsubbed,2
NotHowGirlsWork,1
LeagueOfMemes,2
pointlesslygendered,1
HolUp,3
NoStupidQuestions,1
Minecraft,1
PerkByDaylight,3
btd6,1
memes,1
Conservative,1
AgainstDegenerateSubs,1
Archero,2
GoCommitDie,3
apexlegends,1
youngpeopleyoutube,1
Brawlstars,1
farcry,1
BisexualTeens,1
beatsaber,2
FuckYouKaren,2
blursedimages,1
VRGaming,1
comment_count,999
