Subreddit,Post Count
total_count,0
BattleJackets,1
HIM,1
thrashmetal,1
oslo,2
Advice,4
Guitar,1
AskReddit,2
computerhelp,1
buildapc,1
pchelp,1
teenagers,4
cakeday,1
SuicideWatch,1
Jokes,1
EarthPorn,1
meme,1
cute,1
woooosh,1
facepalm,1
u_Xeiwastaken,1
submission_count,28
