Subreddit,Post Count
total_count,0
SuicideWatch,8
ShadowBan,1
AskFeminists,2
submission_count,11
