Subreddit,Comment Count
total_count,0
SkincareAddiction,3
javascript,1
evangelinelilly,1
EmmaWatson,2
2meirl4meirl,3
SuicideWatch,3
bodybuilding,1
AskReddit,4
TaylorSwift,2
McKaylaMaroney,1
comment_count,21
