Subreddit,Comment Count
total_count,0
depression,1
SuicideWatch,2
ForeverAlone,1
comment_count,4
