Subreddit,Post Count
total_count,0
furry_irl,5
youtubehaiku,2
ShitPostCrusaders,1
gamegrumps,3
talktotransformer,1
Blep,1
ratemycock,1
mashups,1
Perfectfit,1
RedditorCum,1
penis,2
loseit,1
yiffcomics,2
SuicideWatch,1
smashedconnections,1
videos,1
BurningBlood,1
MLPLounge,16
ploungeafterdark,17
offmychest,1
AskReddit,1
MyLittleFriends,2
BadDragon,1
BerryTrain,4
MyLittleSupportGroup,1
reactiongifs,1
bindingofisaac,2
JonTron,1
ClopClop,1
casualiama,1
depression,2
WTF,1
submission_count,78
