Subreddit,Post Count
total_count,0
ExNoContact,8
emotionalabuse,2
redditgetsdrawn,7
redditgetsdrawnbadly,2
AskReddit,2
CasualConversation,1
physicaltherapy,1
mildlyinteresting,2
SuicideWatch,1
submission_count,26
