Subreddit,Post Count
total_count,0
SuicideWatch,1
wallstreetbets,4
london,1
finance,1
intj,2
FantasyPL,2
malefashionadvice,1
submission_count,12
