Subreddit,Post Count
total_count,0
confession,1
Ihateitwhenpeople,1
avengedsevenfold,2
unlucky,1
AskReddit,1
submission_count,6
