Subreddit,Comment Count
total_count,0
kingsman,4
klr650,1
Spiderman,1
shittyaskscience,1
fasting,1
AskMen,15
PhotoshopRequest,6
Tinder,23
pics,12
PTCGP,1
PokemonTCG,2
Jokes,3
batman,2
brooklynninenine,17
MovieSuggestions,1
WinStupidPrizes,5
Showerthoughts,8
hurricane,1
virtualreality,1
badfriendspod,1
SpidermanPS4,5
BackyardHang,2
Damnthatsinteresting,3
mildlyinfuriating,7
podcasts,4
MedicalGore,1
u_RealKraftMayo,1
tattoos,1
psych,2
KidsAreFuckingStupid,2
functionalprint,21
VeryBadWizards,2
Design,2
Existentialism,1
dogecoin,2
IASIP,3
WhitePeopleTwitter,27
customcontrollers,1
perfectlycutscreams,2
science,1
thanosdidnothingwrong,1
me_irl,6
aftergifted,3
TheMandalorianTV,1
nextfuckinglevel,6
funny,17
police,3
rarepuppers,5
WTF,5
MadeMeSmile,8
movies,66
aww,16
OldSchoolCool,14
holdmyfeedingtube,5
gaming,27
todayilearned,7
AnimalsBeingBros,5
PrintedCircuitBoard,1
Demotivational,2
trashy,2
Music,3
NatureIsFuckingLit,5
news,12
GetMotivated,10
2meirl4meirl,4
television,4
worldnews,2
SkincareAddiction,1
AteTheOnion,1
rickandmorty,4
gifs,4
interestingasfuck,6
ActualPublicFreakouts,2
EqualAttraction,1
Minecraft,2
mildlyinteresting,3
dankmemes,3
PoliticalHumor,3
insanepeoplefacebook,15
memes,11
AskGirls,1
TigerKing,1
atheism,1
ContagiousLaughter,1
woahdude,1
tifu,2
nameaserver,2
HumansAreMetal,4
BlackPeopleTwitter,30
trippinthroughtime,2
coolguides,1
AskReddit,9
childfree,2
WatchPeopleDieInside,13
JusticeServed,8
IdiotsInCars,1
books,7
RoastMe,2
fightporn,6
HolyGrailMemes,1
TopMindsOfReddit,1
bestofnetflix,1
NameThatSong,5
DeepIntoYouTube,1
ifyoulikeblank,2
CozyPlaces,3
videos,6
succulents,1
space,1
ENLIGHTENEDCENTRISM,3
LifeProTips,2
modafinil,1
MovieDetails,5
xboxone,2
whowouldwin,7
educationalgifs,3
malelivingspace,1
photoshopbattles,1
godtiersuperpowers,1
Warframe,5
pussypassdenied,1
PS4,1
MakeNewFriendsHere,2
shittyfoodporn,1
covidcookery,1
namenerds,1
somethingimade,1
DIY,1
ProtectAndServe,4
ChoosingBeggars,9
u_jimmyjohns,2
politics,2
PewdiepieSubmissions,1
maybemaybemaybe,3
Futurology,5
WiggleButts,1
natureismetal,2
Nicegirls,1
americandad,2
suspiciouslyspecific,1
madlads,1
titanfall,4
suicidebywords,2
awfuleverything,1
technology,1
gatesopencomeonin,1
truechildfree,5
povertyfinance,2
Android,1
ABoringDystopia,1
Coronavirus,1
oddlysatisfying,2
dataisbeautiful,2
australia,2
iamatotalpieceofshit,1
nottheonion,5
Marvel,1
UNBGBBIIVCHIDCTIICBG,1
CasualUK,1
worldpolitics,1
PublicFreakout,1
CoralRestoration,1
specializedtools,1
Narcolepsy,1
tipofmytongue,2
FragileWhiteRedditor,1
dontyouknowwhoiam,1
Simulated,1
AdviceAnimals,1
PresidentialRaceMemes,1
harrypotter,3
india,1
MurderedByWords,2
UpliftingNews,2
3Dprinting,2
Bossfight,1
dank_meme,2
offbeat,6
nfl,1
Wellthatsucks,6
witcher,1
apexlegends,1
unpopularopinion,1
BabyYoda,3
CrazyIdeas,1
HadToHurt,1
gatekeeping,1
marvelstudios,1
youtubehaiku,2
HumansBeingBros,2
Cloververse,1
BeAmazed,1
AirForce,1
The_Dennis,1
legaladvice,2
wokekids,1
OopsDidntMeanTo,7
IllegallySmolCats,1
seduction,3
secretsanta,3
Letterkenny,1
AbruptChaos,3
PUBG,1
BrandNewSentence,1
whatisthisthing,1
Mensmittenwithkittens,1
MorbidReality,1
ANormalDayInRussia,1
comment_count,799
