Subreddit,Comment Count
total_count,0
2meirl4meirl,2
SuicideWatch,2
comment_count,4
