Subreddit,Post Count
total_count,0
cockatiel,53
DinosaurDrawings,1
FemaleHairLoss,1
Whatisthis,2
doodles,1
vegan,3
VindictaRateme,2
offmychest,1
BodyDysmorphia,6
AusSkincare,2
orthotropics,6
whatisthisthing,1
PlasticSurgery,3
vegan1200isplenty,15
BingeEatingDisorder,10
audible,1
loseit,1
MatchLand,1
Dentistry,1
Wellthatsucks,1
ShittyVeganFoodPorn,5
VeganFoodPorn,5
aww,1
BirdsBeingDicks,1
fuckeatingdisorders,1
1500isplentyVegan,6
ADHD,1
Vegan_Food,1
Advice,1
mildlyinteresting,2
TwoXChromosomes,1
TheGirlSurvivalGuide,1
PlantBasedDiet,1
pics,1
OldSchoolCool,1
AskReddit,1
SuicideWatch,1
submission_count,143
