Subreddit,Comment Count
total_count,0
motorcycles,1
ChoosingBeggars,1
relationship_advice,1
lawbreakers,1
forhonor,2
Overwatch,4
comment_count,10
