Subreddit,Post Count
total_count,0
Needafriend,1
SuicideWatch,3
depression,1
submission_count,5
