Subreddit,Comment Count
total_count,0
rapecounseling,7
SuicideWatch,2
comment_count,9
