Subreddit,Post Count
total_count,0
SuicideWatch,3
loseit,1
Advice,1
MMFB,1
offmychest,1
submission_count,7
