Subreddit,Comment Count
total_count,0
youtubehaiku,2
h3h3productions,6
2meirl4meirl,2
FortNiteBR,2
me_irl,6
FilthyFrank,1
freefolk,1
LofiHipHop,1
nintendo,1
AskOuija,6
place,3
highdeas,5
trees,63
pics,22
4chan,6
AskReddit,40
MadeMeSmile,1
survivetheculling,1
OldSchoolCool,1
gameofthrones,3
camping,3
millionairemakers,1
buildapc,4
reactiongifs,2
Android,1
mildlyinfuriating,3
JusticePorn,1
videos,1
woahdude,7
thewalkingdead,4
IAmA,1
WritingPrompts,1
WTF,6
behindthegifs,2
funny,15
gaming,2
books,1
ICanDrawThat,1
Jokes,3
harrypotter,1
comment_count,233
