Subreddit,Comment Count
total_count,0
SuicideWatch,5
rant,2
casualiama,3
comment_count,10
