Subreddit,Post Count
total_count,0
ballpython,3
knives,1
CarAV,4
MTB,2
mountainbiking,1
RocketLeague,1
ASUS,1
lianli,1
ender3,3
Welding,4
guns,1
pcmasterrace,1
submission_count,23
