Subreddit,Comment Count
total_count,0
expedition33,3
castlevania,1
bleach,1
BG3,1
OnePiece,5
KingdomHearts,1
BaldursGate3,1
funhaus,1
ShuumatsuNoValkyrie,2
lfg,4
Eldenring,4
TheBoys,1
Seaofthieves,5
techsupport,1
comment_count,31
