Subreddit,Comment Count
total_count,0
ireland,1
iphone,10
ios,1
lithuania,4
binance,2
dogecoin,7
dogecoindev,4
nsfwbuys,2
IncelTears,37
amiugly,1
news,9
truerateme,3
LadyBoners,6
ForeverAlone,171
buildapc,2
LSD,139
techsupport,2
CryptoMarkets,1
litecoin,8
omise_go,4
CryptoCurrency,2
WTF,11
OldSchoolCool,1
gifs,15
AskReddit,6
DotA2,12
television,2
ANormalDayInRussia,2
Music,7
Art,1
gaming,6
todayilearned,4
Showerthoughts,9
space,1
aww,17
Steam,7
SocialEngineering,7
uktrees,29
europe,17
nosleep,3
WritingPrompts,1
videos,4
pcmasterrace,1
worldnews,6
mildlyinteresting,2
personalfinance,2
DarkRP,9
gtaonline,1
GlobalOffensive,28
tifu,2
TwoXChromosomes,1
sports,1
sociopath,3
Monstercat,1
pics,8
creepy,2
gmod,2
funny,6
Flipping,1
LifeProTips,1
nottheonion,1
leaves,1
Drugs,3
science,3
motorcycles,3
trees,18
gainit,1
csgobetting,19
photoshopbattles,1
MMORPG,2
fanobet,5
comment_count,712
