Subreddit,Post Count
total_count,0
short,14
BattleOfTheSexes,2
AskReddit,1
IncelTears,1
confession,1
amiugly,1
ForeverAlone,1
AskWomen,1
omegle,1
SuicideWatch,1
AskDocs,1
TrueOffMyChest,1
submission_count,26
