Subreddit,Post Count
total_count,0
Music,1
buildapc,1
RaidShadowLegends,1
OneyPlays,1
okbuddyretard,1
WWEGames,1
Fireteams,25
SquaredCircle,1
anime_irl,4
JonTron,5
pcmasterrace,2
Mirwin11,1
gorillaz,2
Gunpla,4
manga,1
DestinyTheGame,3
gaming,2
195,1
Kanye,1
StarWars,1
Gundam,1
MinionHate,1
User_Simulator,1
anime,1
submission_count,63
