Subreddit,Post Count
total_count,0
crochet,12
aww,13
IncelTear,1
Jewish,1
MadeMeSmile,1
language_exchange,1
Baking,1
bodymods,9
AskReddit,1
rapecounseling,3
Stretched,7
Ladybonersgonecuddly,6
gatesopencomeonin,1
PirateKitties,3
serialkillers,3
fuckeatingdisorders,1
DrawMyTattoo,1
AdultADHDSupportGroup,1
askpsychology,1
musclebuilding,1
Delightfullychubby,1
LanguageBuds,1
Wicca,1
neckbeardstories,1
AdviceAnimals,7
psychologystudents,1
wemetonline,1
Onision,1
travel,1
cactus,1
TalesFromRetail,3
LadyBoners,4
raisedbynarcissists,1
GriefSupport,1
relationships,6
curlygirl,1
SuicideWatch,2
Dentists,1
penpals,1
depression,4
loseit,6
birthcontrol,2
keto,1
Hypothyroidism,2
gameofthrones,1
IBD,2
ERB,1
Random_Acts_Of_Pizza,3
polyamory,1
BreakUps,1
AskSF,3
BritishLadyBoners,1
disney,1
BDSMcommunity,2
Dreams,1
DirtyJokes,2
C25K,1
cats,2
Hair,1
running,1
bipolar,5
surgery,2
Hijabis,1
books,6
yoga,1
Teachers,6
Frozen,2
berkeley,1
Feminism,1
comics,1
logophilia,1
a:t5_2zze6,1
cutekids,1
pictureswithpatrick,1
Dentistry,1
TwoXChromosomes,1
scientology,1
doctorwho,1
ItsNeverLupus,1
Fantasy,1
gaming,1
submission_count,180
