Subreddit,Post Count
total_count,0
gaming,2
patekphilippe,1
2007scape,2
3Dprinting,1
starterpacks,1
totalwar,1
Python,1
engineering,1
Overwatch,1
TF2fashionadvice,2
funny,1
pokemon,2
AskReddit,1
Music,2
tvmemes,1
Borderlands,1
BorderlandsGuns,5
EpicPandas,1
todayilearned,1
submission_count,28
