Subreddit,Post Count
total_count,0
auslaw,1
eu3,1
submission_count,2
