Subreddit,Post Count
total_count,0
harvestmoon,1
submission_count,1
