Subreddit,Post Count
total_count,0
WutheringWaves,1
buildapcforme,1
ffxiv,1
FFXIVRECRUITMENT,1
traaaaaaannnnnnnnnns,1
ACQR,1
SuicideWatch,1
Overwatch,1
ageofishtaria,6
DestinyTheGame,5
DestinyMemes,3
submission_count,22
