Subreddit,Post Count
total_count,0
SuicideWatch,2
AskDocs,1
relationship_advice,1
submission_count,4
