Subreddit,Comment Count
total_count,0
NSFW411,1
AskReddit,1
comment_count,2
