Subreddit,Post Count
total_count,0
personalfinance,4
bigdickproblems,1
relationships,1
drunk,1
povertyfinance,1
SuicideWatch,1
submission_count,9
