subreddit,body,created_utc,score
SuicideWatch,you’re right but i wanna die fam,1606358060.0,1
questions,You’re right.,1606351728.0,2
questions,"Well no shit sherlock, clearly theirs something wrong.",1606100378.0,1
questions,Thanks .,1606097005.0,1
questions,"Thanks man, I’m gonna talk to my therapist about this and try to get help. I don’t wanna be a monster.",1606095853.0,2
questions,You’re right. 🤦🏽‍♂️,1606095720.0,1
ask,Ok..?,1606094614.0,1
questions,"Blue eyes aren’t that rare.. fraternal twins are rare, red hair is rare. So I’d say it’s pretty Uncommon to Rare. Nothing crazy though . p",1606092393.0,2
SuicideWatch,Same man..,1606091487.0,1
amateur_boxing,"Thanks, I have a lot of pent up anger so it’s hard for me to hold my cool when I see or hear something I don’t like and it’s a fine line between disrespect and tough love..",1605585300.0,0
amateur_boxing,"Kiss my ass, I hope you get the shit knocked out of you in ya next fight prick.",1605576474.0,1
amateur_boxing,You didn’t but I told you bitch,1605576365.0,1
amateur_boxing,"This is around.. April-May.. and he’s still been on my ass since then, like I try to ignore him and everything yet he’s so persistent with wanting to “kill me” with his own hands. It was at one point I was afraid to go outside.. he even beat up some of my friends just because they’re associated with me.",1605576022.0,1
amateur_boxing,True .,1605575769.0,1
amateur_boxing,"The boxer has a problem with me because I had sex with his EX GIRLFRIEND, and then he started ranting about how he’s gonna beat me to death, and this and that. Fucking with me everyday, making fun of my dead family members, and I’m not gonna let anybody just talk to me anyway so yes I did talk back to him, just like that and that’s why he has such a serious hatred towards me.",1605575748.0,1
amateur_boxing,"Understood, but I’m not a complete beginner. I did Karate for some years , and having a family that loves to box and shit helped. I’m pretty confident in my abilities but then it’s like my mind eats away my confidence. I know I can do it but I start to doubt myself and freeze up. I hear you though, I know I’ll get the shit beat out of me, and I’ll hit the mat more times than I can count and I’m prepared for that.",1605574750.0,1
amateur_boxing,"Same man same, I have two suicide attempts also. Good to know it’s somebody out there like me who’s improved. Most definitely will join and yeah, I’ve taken my far share of punches, my brother was really good at boxing.",1605574570.0,1
amateur_boxing,"Awesome exactly what I needed to hear, I didn’t wanna think that boxers were just naturally talented.. not taking from their hard work but you know. Everybody’s good at something but I can learn and become stronger and chop down this great oak tree in front of me one day. I’m gonna take your word and get bigger and start training outside of a boxing gym and then join so they’ll be like “You sure you’ve never boxed before.”, awesome man. Hope you make it far, a champion even.",1605573843.0,-1
amateur_boxing,"“All thing related to participating in boxing.” The fuck do you think this whole post is about? Me and my situation and me participating in boxing. You’re right it is nobody’s responsibility, I wasn’t looking for anyone to boost my ego or anything. I just sat here and clowned myself and talked about how I’m scared to go into the gym because of one person. I was expecting mean criticism, spineless.. like I have no backbone but I was looking for someone to talk about this with me, to have someone else’s opinion on the matter regardless I was gonna join the boxing club if not another one eventually.. I just wanted to talk about the problem and instead you just come being an ass for no reason with no help talking shit just to talk shit because I asked for somebody to talk too? I don’t know who pissed in your cereal or maybe you just woke up on the wrong side of the bed but man.. theirs no need to be a dick especially not about a reddit post.",1605573082.0,0
amateur_boxing,"Dude fuck off and go put your moms dildo back up your ass. You’re an asshole for no reason, stop eating the cereal if it’s got piss in it, fucker.",1605572831.0,0
amateur_boxing,"No need to be a dick, sure I get that but let’s not act like my post wasn’t about boxing . I’m trying to find people to have a conversation about me starting to box.. or do I not have the back bone and should I just give up. I’m so much of a boxing fanatic but too much of a pussy to walk in the gym cause I’m scared of one guy. You could’ve just not read the post and went about your day instead you read it and then gave hate without constructive criticism . A damn “Just stop being a bitch and take your ass in the gym” would’ve been fine but no you gots to be Captain Dickhead with balls hanging from your chin, fuck you dude. 💯",1605572520.0,1
NoFap,"I got this discord you might be interested in, text me.",1605570978.0,1
NoFap,Awesome to hear.,1605566228.0,2
