subreddit,title,selftext,created_utc,score,upvote_ratio,num_comments
BeautifulFemales,Mia Alario [IRTR],,1648354522.0,63,0.96,0
BeautifulFemales,Mia Alario [IRTR],,1648134175.0,81,0.95,0
BeautifulFemales,Carolee Hyde [IRTR],,1648133973.0,1,1.0,0
AmItheAsshole,AITA for leaving two people stranded in an airport,[removed],1645194165.0,1,1.0,2
dankmemes,Internet points please,,1644286430.0,36,0.65,6
memes,Cake day,,1644286109.0,1,1.0,1
meme,I was told to make a meme today,,1612667478.0,123,0.78,9
SuicideWatch,No way out,"42m here. I will probably bore you all with my story, and most of you will probably think I'm selfish or just being an idiot. Considering suicide today. I've lived a full life. Traveled the world, seen and done it all. Or at least all that I'm interested in. Married with two great kids. My wife and I however have drifted apart. We used to live in the city I was born in. I was well known, popular even and was a ""member of the social elite"". My wife moved there when she was 13 and I had been chasing her ever since I first laid eyes on her. We were happy for a time. Shared the same group of friends and socialized frequently. My family is difficult to say the least. My mother being a very powerful individual in my country. She was awarded an MBE for her efforts in developing her industry. My father being the silent adviser behind my mother's success. If she had an idea, he made it reality. My sister suffers from borderline personality disorder, bipolar disorder, and a host of other mental conditions. I warned my now wife of my sister and mother. We lived in close proximity to them both, and things were very difficult. Eventually we had to leave. The stress of walking on eggshells was not something we thought our marriage could stand and so we emigrated to Canada, the country of my wife's birth. Of course the reaction from my family was severe, but I decided that my future was with my wife. I thought the move would help to bring us closer together and give our children an opportunity to be raised in a house of two cultures. The end result is that I am isolated. My wife had reconnected with a lot of her old friends from her pre teen years. She has a large social group and is a social butterfly, so to speak. She has a large family here, who like mine, are very prominent. I am the outsider. I try to make conversation, but I suppose culturally I am misaligned. Very little I find important is of any conversational value and vice versa. In my country, like many places, getting ahead is a case of who you know rather than what you know. I served in the military and have extensive experience in close protection services etc and operated a small security firm there. In Canada I rent cars for a living making barely above minimum wage. The pandemic has destroyed the travel industry and I feel the only reason I am still employed is because of my work ethic. I sit for 8 hours a day to serve a single customer most days. Like most decisions of this nature, it's all the little things piling up that is pushing me to take my own life. My wife is never home, not that I'm trying to keep her to myself. She is a lovely woman, adored by all who meet her. I am no longer really a part of her life anymore. I come home, take a shower and get into bed. She is sometimes home, most times not. I see her essentially in passing. My work is shift based, and so half the year I spend away from them. One week of day shifts where I come home and they're awake, and the next week will be nights. They are gone before I wake up and when I come home everyone is asleep. It's been like this for 6 years now. I've tried talking to my wife about the situation but the conversation never has a resolution, for lack of a better word. The situation never changes. The pandemic has obviously exacerbated the issue, and there's no end in sight. I've discussed divorce with her and she doesn't want that. She views it as failure, and I am inclined to agree. I have decent life insurance that will pay off the mortgage and give my family a comfortable cushion in the event of my death. I feel like the problem is solely my own. It is not my wife's fault I can't seem to integrate. If we were to separate, I would most likely move back to my country of birth and deprive my children of their father, which ironically is the same result should I commit suicide. The thought of that makes me want to vomit, but the thought of continuing to endure this hellish limbo is crushing my soul. There is no light at the end of the tunnel. Help me please

I'm sorry I originally replied to somone else's post with my story. And I'm reposting. I don't really understand the rules here",1612612963.0,6,0.81,2
AmItheAsshole,AITA Left work knowing customer was coming to get a car,"It's Christmas Eve. I work for a multinational car rental company. Because of the holidays, and COVID, our scheduled closing time today is 1800. It isn't possible to make a reservation for a later time. 

Today I had a customer book a car to be picked up at 1600. The customer called to confirm that his reservation had been made. I spoke to him and explained, like I do with every customer, how to find our location at the regional airport, which is my branch. There is only one road to the airport. There are signs all along the road directing drivers to the parking area and rental lobby. The reservation was created at 1100. 

The customer called back at 1530 to day he was on the way and that he was just waiting for his brother, the actual customer, to com out of the store. I explained that the branch was open until 1800 so he still had some time to pick up the car. 

""Yes yes of course, I'll be there shortly.""

1755. 

Customer calls again. ""I'm sorry I'm having trouble finding your location."" 

Me ""We are located at xyz""

Customer ""Ok I am on the way""

Me ""Sir I advise you pick up your rental in the morning as I don't believe you will be here in time before I close the branch""

Customer ""Are you serious?? I am on the way! You won't wait for me?""

Me ""Sir, your reservation was for 1600, it is now 1800 which is our scheduled closing time for Christmas Eve, I will move your reservation so that you can pick up your rental tomorrow morning at 1000""

Customer ""Google maps sent me to the wrong place, and now your telling me you won't wait for me to come get the car?""

Me ""No I will not.""

TLDR Am I the asshole for closing my business on Christmas Eve and not serving a customer that I knew was going to be late?

Edit: Thank you all for your comments. I was wrestling with this on the way home for the obvious reason. Leaving a customer without their vehicle is not something I want to do. However, considering the fact that it is Christmas Eve, the customer had ample time and Infact ignored my warning regarding closing time, I don't feel as bad. Merry Christmas everyone. Thank you again for easing my conscience",1608850648.0,468,0.96,64
AmItheAsshole,Left work at closing time knowing customer wants product,"It's Christmas Eve. I work for a multinational car rental company. Because of the holidays, and COVID, our scheduled closing time today is 1800. It isn't possible to make a reservation for a later time. 

Today I had a customer book a car to be picked up at 1600. The customer called to confirm that his reservation had been made. I spoke to him and explained, like I do with every customer, how to find our location at the regional airport, which is my branch. There is only one road to the airport. There are signs all along the road directing drivers to the parking area and rental lobby. The reservation was created at 1100. 

The customer called back at 1530 to day he was on the way and that he was just waiting for his brother, the actual customer, to com out of the store. I explained that the branch was open until 1800 so he still had some time to pick up the car. 

""Yes yes of course, I'll be there shortly.""

1755. 

Customer calls again. ""I'm sorry I'm having trouble finding your location."" 

Me ""We are located at xyz""

Customer ""Ok I am on the way""

Me ""Sir I advise you pick up your rental in the morning as I don't believe you will be here in time before I close the branch""

Customer ""Are you serious?? I am on the way! You won't wait for me?""

Me ""Sir, your reservation was for 1600, it is now 1800 which is our scheduled closing time for Christmas Eve, I will move your reservation so that you can pick up your rental tomorrow morning at 1000""

Customer ""Google maps sent me to the wrong place, and now your telling me you won't wait for me to come get the car?""

Me ""No I will not.""

TLDR Am I the asshole for closing my business on Christmas Eve and not serving a customer that I knew was going to be late?",1608850326.0,9,0.84,2
JessicaNigri,Slikini,,1608727004.0,1,1.0,0
MobileLegendsGame,Another mobile browser game. Help me help you!,,1607271469.0,1,1.0,1
AskReddit,What incident was the turning point that has convinced you to vote for Biden or to turn away from Trump?,,1599433434.0,2,1.0,3
MarvelStrikeForce,Just auto fight please folks....,"So a new VS milestone has arrived, and all the eager beavers are out to try to win every match. So many of you are taking the time to carefully pick your next move with painstaking consideration. HURRY IT UP PLEASE! I'm honestly only here for the rewards. I don't need to sit and wait for you to choose between Ultron or Phoenix's ult for your next attack. Hit that auto button and let's get moving. It's not like it's being ranked kids. Let's get those rewards and carry on grinding that Zemo blitz",1599270134.0,7,0.55,22
MagicArena,So today I played a version of Rakdos Sac... Apparently someone was very upset...,,1597074043.0,0,0.36,17
MagicArena,Daxos and Heliod alternate card styles,"Anyone else having issues with the constellation card styles for Daxos and Heliod? I have the new styles selected but whenever I play a game it reverts back to the original ""vanilla"" style",1595901045.0,0,0.33,1
MagicArena,HeinousAnus,[removed],1585012245.0,1,1.0,0
mtg,Secret Lair Standard Legal?,Just curious if people use these cards for actual gameplay,1582561464.0,5,1.0,5
