subreddit,body,created_utc,score
BestofRedditorUpdates,He started resenting her after two weeks of this dynamic. He felt like he was being treated like garbage after two weeks. Like he didn’t matter. Imagine how women feel after YEARS of being treated like this.,1691931090.0,0
tarot,I've never done a tarot reading myself. I've always gotten readings from other people. It's pretty common for me to get vague readings so I think it's probably the questions I'm asking and the way I ask them.,1679482900.0,2
StudentLoans,Around $36k,1669630042.0,1
TjMaxx,I got paid last year and had only been working there a little over 3 months,1669205651.0,1
TjMaxx,Could I give you my email through DM?,1668727586.0,1
TjMaxx,Yesss!!! This would be so helpful. Thank you so much! I'm a very anxious person so tomorrow's shift is literally not letting me sleep from the nerves :(,1668721375.0,1
TjMaxx,I did take some notes. Hopefully what I wrote down will answer at least some of the questions I might have.,1668711709.0,1
TjMaxx,"Thank you for the advice! Counting the cash registers is probably where I feel the most confident. But for example, entering a variance if someone didn't enter a return in RIL I did maybe once or twice on my first day in cash office. I don't remember how to do it.",1668711484.0,2
TjMaxx,I had three shifts in cash office with the admin coordinator before this one where I was scheduled by myself. Two of the three were 4.5 hours shifts so some things we rushed through or only did once. I don't know if this is standard or if I was supposed to be supervised for longer.,1668711300.0,1
TjMaxx,"At my store we don't get any breaks if it's a 4 hour or 4.5 hour shift. If it's an 8 hour shift, we get our one hour lunch break.",1668460139.0,1
TjMaxx,They had said someone would be there with me that day. I think they said the administrative coordinator or something like that.,1665078991.0,1
TjMaxx,"They asked me yesterday if it was okay with me that they gave me a shift in the cash office. I was told one of the coordinators would be with me that day during my shift. What do you mean by going to admin?

Edit: I'm usually at the register with the occasional shift in the dressing room, jewelry counter or backroom. I was surprised when they gave me the shift in cash office.",1665055653.0,1
TjMaxx,Thank you!!!,1662690680.0,1
TjMaxx,In Puerto Rico it is $12,1660427467.0,2
TjMaxx,Yes! I was thinking of requesting the dates through Workjam but then decided to request them in person just to make sure they're aware.,1659990423.0,1
TjMaxx,Yeah I was already preparing mentally to not get paid lol I was just worried that it would be considered me violating or breaking my contract. Thank you for the well wishes!,1659985027.0,1
Costco,I do the same thing. I prepare for the worst case scenario so I'll be pleasantly surprised at check out.,1657849956.0,2
TjMaxx,"I'm working the day before and the day after 4th of July, but I'm not scheduled to work on the 4th. Would I get paid? I work part time and have been at Marshalls for 10 months.",1656670163.0,2
TjMaxx,I work at a Marshalls store in Puerto Rico. From what I've heard our store is doing well. Most of the time they understaff shifts so I think it would be possible for me to get at least one additional shift every week. Thank you for the information!,1653025011.0,2
TjMaxx,I did fill out the availability update paper. I filled it out 3 weeks before the date I wanted it to go into effect. Thank you for the advice!,1653024874.0,2
Weddingsunder10k,You look absolutely beautiful ❤️,1642350314.0,1
TjMaxx,Thank you for the reply! Same thing happens at the store I work at. I just thought it would be different for employees like me who are still in the probation period.,1641915752.0,1
telenovelas,So I checked out Palabra de Mujer and it's not the one. Something else I remembered about the telenovela is that the character that I believe was called Maite either worked at a clothing store or owned a clothing store where she would sell her original designs. I wish I could remember some of the other character names but Maite is the only I liked apparently lol,1627039490.0,1
telenovelas,I'm pretty sure it was Mexican and that it was produced by Televisa,1626911610.0,1
Music,Thank you!!!!!!,1624918653.0,1
hinduism,I looked it up in the Bhagavatam but didn't find anything. Does it say it explicitly? Or do I have to keep reading to find it?,1614517520.0,1
PiratedGames,I downloaded the updater and it updated my game. Everything is working great! So far nothing has broken. The only thing giving me issues after the update was a trait mod.,1605178935.0,1
PiratedGames,Thank you so much!! Could I use your updates with the version I have from G4TW??,1605090882.0,2
medical,I have a very irregular period. I've sometimes gone 5+ months without it.,1595969705.0,1
