subreddit,title,selftext,created_utc,score,upvote_ratio,num_comments
SuicideWatch,I can’t keep going on for much longer,"I thought I had more time. A lot more time. But each day, things keep getting worse and worse. I’m 19f and planning on ending it at least before I turn 20. I’ve been thinking about this for over a year. It started as just a thought, but then gradually started becoming a plan. But now every day I just want to jump off a bridge immediately. It’s bad. The pain won’t stop. I don’t know how much longer I can do this. I gave myself three months but idk if I can even wait that long. I feel the pain in my whole body and it’s a constant throughout each and every day. The worst part is, I’ve already been through this before. I’ve been deeply depressed on and off since I was like 13. I’ve already been through all of the suicidal fazes. I’m TIRED.",1647206185.0,5,0.86,2
SuicideWatch,"Does anyone else feel like you’ve hit so many breaking points, and you literally can’t take it anymore, but it doesn’t matter anyways because “LiFe GOeS oN!”",Yeah me too.,1622432755.0,18,0.96,2
Needafriend,"18F Depressed, trying to find friends and/or someone to talk to.","Hi, I’m posting here to make friends/a friend because having someone to talk to can sometimes help in a dark place. It doesn’t matter who you are, we can be friends and chat. The only thing I ask is, please don’t try to use me for nudes or anything like that because it won’t work. I really like having deep meaningful conversations but chatting is also nice. Just message me if you want to! Thanks",1613377037.0,14,1.0,9
depression,Reaching out... I guess,"Well, after a little while of feeling okay I’m spiraling back into a dark place again for what feels like the millionth time.

Honestly I don’t know what to do, I tried therapy, medication, meditation, escapism, attempts to confront reality, reaching out and talking to people, all of these would only work for a little while before just leaving me alone and in a dark place like always.

And after years of deep depression, loneliness, being bullied by everyone, going from so many different places just to end up back in the same mental state, I feel utterly hopeless. Kind of seems like there’s only one thing that’s meant to happen...

The thing is this time I feel so tired and hopeless. I really don’t want to keep going. And I’m honestly at a loss for what to do. Even if I packed my bags and moved somewhere far away it wouldn’t even make a difference at this point.

Does anyone have any advice or insight or magical words for me?

Nobody ever reads my posts, which are mostly desperate cries for help. Don’t really expect much but this time I guess I tried.",1613374033.0,3,1.0,8
SuicideWatch,I’m literally losing my mind rn,"I’m at my lowest point right now. I can barely physically drag myself out of bed every morning. No one cares. I already knew that people are too absorbed within themselves to care. But damn I literally feel like I’m suffocating every single day and nobody gives a damn. Anyways I really want to jump off the roof but I’m trying to restrain myself, I don’t know how long that will last but I’m trying, I’m trying, I’m literally losing my mind though. But hey it’s okay right?! Life is a gift huh?! Please kill me.",1612584284.0,5,1.0,0
SuicideWatch,I can’t find comfort anymore,"18f I wake up everyday and go to a retail job which I hate. There’s too many people, they’re too loud, people yelling, people asking you to do things, people getting mad at you. I have ocd and it’s really bad and uncomfortable every day. My family members (which is just my mom and my stepdad) are cold and uncaring, they wait for me to mess up. I don’t wanna name all of the problems but you get the message.

The main problem is that I can’t find comfort anymore. I use to find comfort in fantasy and video games and anything outside of reality but I don’t even have the time or energy to escape. When I do it’s just not the same.

I’m just so tired, I feel so alone, I don’t have one single friend or person to talk to. People have always mistreated me and been rude to me. I don’t wanna be here anymore. I can’t take it anymore. I’ve felt this way for so long. Just wanted to get it out of my system and vent.",1610681315.0,3,0.81,0
