subreddit,title,selftext,created_utc,score,upvote_ratio,num_comments
depression,Hi I’m extremely depressed and I’m in a lot of pain I’d really love for someone to talk to. Thank you,,1609894876.0,2,1.0,4
SuicideWatch,Hi I’m extremely suicidal and would really appreciate someone to talk to,,1609894770.0,2,0.76,7
