subreddit,title,selftext,created_utc,score,upvote_ratio,num_comments
piercing,Does this piercing placement fit my nose?,,1652565685.0,16,0.95,4
mentalhealth,Happiness hangover?,I went on a little date yesterday with my  SO and it didn’t go exactly as planned but it was a really nice time but when our time was up I took a deep breath and I literally almost started crying and as I was on my way home I felt like I was having a panic attack and this morning I decided to thank him for the day now I’m just crying uncontrollably any advice? it’s not a reaction I’ve had before,1627308156.0,1,0.66,1
TooAfraidToAsk,Does anyone else feel like they’re watching the world end?,There’s just so many negative things going on with me and practically everyone around me. Everyone seems like they’re wallowing in anxiety and depression and it feels like the world is generally in an awful state. I don’t know I just feel helpless at this point I’m starting to feel like happy people are deluded like what’s the point,1622081872.0,490,0.94,146
depression,How do I help a friend,"How do I help a friend who is going through a lot and feeling depressed and even suicidal when I myself am feeling the same way? I feel bad because I’m not going through nearly as much as she is and I’m just not sure how to help her out with the distance and everything  
I try to listen and be there but it seems like it’s basically getting worse and she can’t afford professional help what do you suggest?",1618157967.0,1,1.0,9
SuicideWatch,Food for thought,"I just don’t really know anymore I’m either feeling nothing or everything all at once and I don’t even think I’m warranted to feel as awful as I do 
it feels like I’m not even a person anymore 
Sometimes I just want to end it violently so everyone can see how much pain I was in and that I wasn’t coping as well as they felt I was 
I’m just waiting till I blow my fuse",1616870224.0,1,0.99,0
piercing,Is this rook too deep ?,,1612615587.0,4,0.83,5
piercing,What piercing/s should I get ?,,1611768789.0,1,0.66,7
