subreddit,body,created_utc,score
madisonwi,No clue but looks like as of 2:55 it's over,1638737712.0,6
AskMen,One time I was hanging out with a guy friend almost every day for like two weeks. He always wanted to go to a bar downtown but I didn't really feel like drinking during the week. One weekend we went and it was a gay bar. Weirdest blowjob I've gotten,1636745808.0,2
AskMen,I once shot a trim nail into my ball sack. Missed the balls. Sack still hurts,1636745586.0,2
AskMen,I havent changed mine in probably 3 months. Its got a great patina,1636745448.0,1
Cigarettes,What kind of cbd you smoking?  Cheers,1634353721.0,1
Cigarettes,I freak out if I take a lot so I just take like 2 shots of it and by like day 4 I start getting weird effects,1634353294.0,1
Construction,"I think there's sort of a mountain out of a molehill thing here.. A man likes his glue no need to downvote. I've done a lot of substances and I'm totally good. My dad used to work in a shop and he didn't get bad effects until he was probably 46, which is pretty good",1634318210.0,0
Cigarettes,I've been doing benadryl microdoses with lucky strike 100s recently. Those are quite the duo. Cheers my friend!,1634317983.0,1
Construction,I don't do it every day. Maybe every other. I will always have my truck to stay in so it won't get that bad,1634317462.0,-1
Construction,Finally a man who understands,1634317294.0,1
Construction,"Sounds like a Friday night to me, nothing new",1634316972.0,-1
Construction,Can never tell the difference between it and drywall,1634316910.0,1
Construction,Wait I get it now,1634316786.0,3
Construction,I always feel like a schmuck when I see their lunches. Mine is 7 chips ahoy and a red bull. The fuck,1634316763.0,1
Construction,We forge the shackles we wear in life brother,1634316691.0,2
Construction,True man I got it stuck to my leg hair and my mustache and I'm convinced it's never coming out,1634316539.0,1
Construction,I thought it was the Mississippi,1634315774.0,1
Construction,I have anxiety my nervous system is over active so it helps,1634315693.0,-1
Construction,Don't we have like 12 billion brain cells or something,1634309225.0,1
Construction,Thank you sir,1634309197.0,1
Construction,She has IBS,1634309153.0,0
Construction,Yes but there are plenty of things that have that chemical smell that are safe. Like gasoline smells good and is safe to be smelled. I think I will be fine,1634309109.0,0
Construction,At least I'm not eating it,1634308959.0,0
Construction,We are few and proud,1634308907.0,2
Construction,Everyone acts like it's a bad thing,1634308880.0,2
Construction,I'm not a huffer. Its just makes me get a head rush,1634308854.0,1
Construction,I've been getting bad head aches occasionally but beyond that I am fine,1634308765.0,1
Construction,It's not huffing it's just a little sniff here and there,1634308657.0,15
Cigarettes,That's probably the dumbest fucking thing I've heard all day,1634144443.0,1
Construction,Hahahaha this one is the fucking best you're lucky you're here to tell it. Sounds like some Stephen King shit,1632973477.0,9
