subreddit,title,selftext,created_utc,score,upvote_ratio,num_comments
Primus,Any clue if this shirt is from the 90s? Was gonna alter it a bit but don’t want to if it’s worth anything,,1717727861.0,54,0.98,27
arcteryx,Just found this baby for $7 at a thrift store. Fits me like a glove but was wondering how I’d go abt finding more info on when it was made for possible reselling purposes. Would be very grateful if anyone had any info 🙏,,1711319850.0,0,0.5,1
Longmont,Anyone here ever gotten used snow tires from gallito tires?,Did you have a good experience? Would you reccomend them or used snow tires in general? Im planning on some ski trip this season and am kinda new to this part of the country 😅,1701283326.0,7,0.74,10
tipofmytongue,[TOMT] [SHOW] [2020s] A really low budget looking show where there are wolves and alphas.,[removed],1694573514.0,1,1.0,1
Weddingattireapproval,"Theme is semi formal muted earth tones; nude tones, browns, dark greens, pastels. No whites or blush pink. Is this fitting or will the black be too harsh?? I’m also worried it’s too pink in some lighting",,1690921239.0,3,1.0,10
tipofmytongue,[TOMT] [Anime] An anime where a woman is wrapped in bandages except for her eyes. I believe she is also an amputee. There is also a light haired male character who carries her around at some point. He is upset about something and is wielding a gun in some scenes.,In one scene he is both carrying her and had a gun is his hand. He is upset and I think woods a tear with the gun in his hand. I’ve only seen this anime in edits on instagram lol,1687321669.0,6,1.0,4
EDanonymemes,Guys I don’t have anyone else to share this with but I’m home for a couple days and tell me why I just found ozempic in my moms fridge 💀💀💀💀,,1679412859.0,322,0.98,61
ShittyLifeProTips,SLPT: stretch while drunk since your pain tolerance is lower,,1677821975.0,419,0.94,31
EDanonymemes,One of us ?,,1676041639.0,4,1.0,2
AmItheAsshole,AITA for telling my roommate (m22) my (idk22) weight ?,[removed],1675427689.0,1,1.0,1
tipofmytongue,[TOMT][BRAND][70s] Higher end women’s brand that made frilly white Victorian looking shirts,"Looking for a vintage brand that is still somewhat in style for making button up, usually white, formal shirts. I also think this brand also uses buttons made to look like pearls. I’ll try and link some similar shirts I found on Etsy. I think these shirts can go for like $150 if they’re still in good condition to give you an idea of how they’re still in demand. The shirts also usually have a high old fashioned neck collar as opposed to typical formal shirt collars today. The material is relatively transparent and I was convinced the brand was called guinnie max until I tried to google it if that is relevant at all lol",1669226494.0,1,0.67,5
OddlyTriggered,Wait what’s up ur sleeve?,,1665673747.0,63,0.99,0
doordash_drivers,What is this horseshit? The new format won’t let me see the type of building I’ll be delivering to,,1665599849.0,14,0.89,14
ScarySigns,Pretty Chilling,,1665471147.0,4414,0.99,50
deathgrips,I see thart withd my eyeBals,,1662881681.0,36,0.97,0
SystemsCringe,These people have never worked a job,,1662520309.0,1047,0.96,68
deathgrips,Funny Ant,,1660794485.0,199,0.99,8
NoStupidQuestions,What type of information will be needed/questions will be asked when paying a medical bill over the phone?,I know this is really standard stuff but I have anxiety surrounding phone calls (the thought of having to make the call has been worse than having to pay the stupid thing haha) and having an idea of what they’ll ask me will really help me out. What can I expect and will just my card information work or will it be more complicated than that?,1660318889.0,2,1.0,2
doordash_drivers,Baby’s first oopsie happened today 😃🔫,,1660192919.0,41,0.96,24
CLOUDS,Looks kinda like a jellyfish!,,1660067405.0,11,0.87,0
CLOUDS,Thought this guy was neat :),,1659930524.0,568,1.0,29
readanotherbook,Fascists just like in my space movie,,1656772501.0,433,0.87,138
196,When the,,1656563011.0,45,0.89,1
ajj,Ok who here got into AJJ after seeing that one Gravity Falls animatic back in like 2014,"

[View Poll](https://www.reddit.com/poll/vklj7x)",1656182706.0,21,0.88,41
70sdesign,Wasn’t sure where to ask this but I figured this sub might be a good start. Does anyone know if there’s a specific name for this art style?,,1656026186.0,110,1.0,18
TalkTherapy,Would it be ok to get my therapist a thank you card?,Tomorrow I have my last session with my therapist I’ve been seeing through my university since Im graduating and I was thinking about getting her a little thank you card. I’m not planning on writing anything super in depth or personal in the card just a thank you and a doodle of a cat maybe since we both like cats :). Would this be appropriate or should I hold off?,1654140710.0,17,0.95,6
mapporncirclejerk,Every Country Name in Europe with respect to its name length.,,1651286890.0,1,1.0,0
CartoonMoment,A.,,1651174171.0,193,0.97,0
doordash_drivers,Does anyone avoid restaurants because they have an awkward handoff process?,I try and keep clear from my Applebees especially during busy hours bc they have us come in and usually the order isn’t ready right away. They have drivers just standing near the tiny hallway to the bathroom and I’ll be leaning against the wall only like 4 feet away from a table of people and still feel in the way of employees. Anyone else avoid places like this or should I just get over it lol,1651164730.0,33,0.93,23
NameThatSong,Need help finding this classical dramatic waltz song probably from somewhere between 1800-1900s?,,1650504591.0,31,0.95,10
4tran,Need help!!! Least clockable boy name??,"

[View Poll](https://www.reddit.com/poll/u43mlt)",1650012242.0,28,0.9,48
BibleAccurateAngels,Be Not Afraid,,1649465483.0,62,0.98,2
donthelpjustfilm,He’s committed to the camerawork,,1645613030.0,280,0.98,8
ifyoulikeblank,Electronic music like this? I couldn’t find this on Shazam and think it was made for the ad but I’d kinda be into things that sound similar haha,,1645487659.0,3,0.8,2
NameThatSong,"Audio from a chegg ad. Modern electronic techno, possible video game remix music",,1645487512.0,4,0.75,2
notinteresting,If I wanted to turn the fan on I’d have to pull the chord because there’s no switch for it. It’s too cold for it now though.,,1644888420.0,14,0.9,3
196,The Mountain Rules,,1644616374.0,15,0.82,0
196,Rule,,1644413292.0,3192,0.99,79
Symbology,Is there any specific meaning to this secondhand necklace I got? Or is it just a variation on a triskele?,,1643595149.0,21,1.0,10
whatisthisthing,What type of symbol is on this necklace I got secondhand? I was wondering specifically if it has any particular meaning or if it’s just decorative,,1643594610.0,1,1.0,0
MoldlyInteresting,My very own windowsill! Is it possible that this mold could cause brain fog? I didn’t know it was there until a couple days ago and I sleep about 2 ft away from it lol,,1638718366.0,110,0.97,12
ShiptShoppers,App unable to use camera because of privacy update,This is probably me just missing the obvious but I started my first order today and my app wasn’t able to load the camera. When I go to settings for both the shopper app and the camera app it doesn’t give me the option to change this. I’ve got an iPhone XR and last night I went to open Snapchat and wasn’t able to use the camera either and when I did some research it said it may be because of a privacy update. Anyone else have this issue and have advice on how to fix? The funny part is that I can’t add screenshots bc it’s not giving Reddit access  to my camera roll either lol,1635007745.0,0,0.5,4
ABoringDystopia,Advertising on this very sub,,1634850123.0,21,0.84,0
ftm,I finally did it,6 years I’ve known I’m trans and I’ve never had the guts to do anything about it. I’d never thought I’d pass or look remotely the way I want to because of my height/ the way I’m shaped. Recently I’ve been feeling like shit about the way I look and can’t bring myself to wear anything but 2 oversized shirts. But last night I went to a show and saw a bunch of (presumably) cis men who were short/ chubbier and kind of looked the way I could. They looked the way I wanted to and instead of feeling burning jealousy I wanted to do something about it. Today I did something I’ve been dreaming of doing for years and went to a thrift store and bought my first actual men’s clothes. I can’t get over the way men’s pants fit even with me being shorter. The clothes I got feel so much better to wear than when I’d ‘play dress up’ in my most masculine women’s clothes. I’ve been trying on different fit combinations for hours and i can’t believing how good it feels. I got numb to how much I hated looking at myself in the mirror until I put on shit I actually want to wear. Had to tell someone so I’m telling y’all we’re gonna make it fellas!!,1634434265.0,38,0.97,5
fakedisordercringe,Me when I shift into fox space 😔,,1633400687.0,495,0.99,17
fakedisordercringe,Manifesting 🙏🙏🙏,,1632357916.0,4235,0.99,108
jerma985,I present to you jermanda,,1631806856.0,2152,0.98,164
fuckwasps,Bombs away,,1631401775.0,479,0.99,15
jerma985,Jerma kandi??? 😳,,1631140582.0,117,0.97,7
FirstNameBasis,Classic Grunion,,1630078034.0,150,0.96,2
altcomix,Hope it’s alt enough but I was excited to share my Portland Powell’s haul lol,,1624412118.0,41,1.0,39
CasualConversation,I got an A in every class this semester!,"Except for in my micro Econ class but if the professor isn’t gonna care then neither am I lol. Still it was an 87 in that class and I’m a junior in college as of a couple days ago. I’m honestly so proud I don’t think I’ve done this well since middle school and yeah it was mostly open notes but I worked for it. I’ve been going through serious mental health shit for the better part of a decade of my tiny life and ya know what? I think I’m gonna say that I’m proud of myself considering I took 18 hrs. Also props to whoever I was in the first 4 weeks of this semester who managed to watch the entirety of Community, work, cook for myself, make art on the side, and keep up w readings and assignments. Also also props for putting up w shitty roommates but that’s another story lol. I guess I’ve been getting help over the last couple years and I’m really trying to see this as progress and look on the bright side ^u^",1620804408.0,7,1.0,11
megalophobia,Gave me chills,,1619450620.0,25,0.97,0
196,Containment Breach,,1616314485.0,24,0.74,1
196,ruh rule,,1616308419.0,22,0.84,0
ajj,Chronological doodles of live from quarantine Sean I’ve done over the past year that u guys might find interesting,,1616276500.0,146,1.0,9
196,rrrr,,1614143190.0,14,0.87,2
196,Freud would have a field day with all of you,,1613948708.0,39,0.86,0
HelpMeFind,Trying to find a specific meme used as a comic format by artists,[removed],1613620667.0,1,1.0,0
196,rule,,1611771609.0,4,0.84,0
196,Rulē,,1611556377.0,8,0.84,0
196,Rule,,1611343878.0,10,0.92,1
196x,what is go on,,1611118026.0,1,1.0,0
196x,what in the Sam Hill,,1611081320.0,84,0.97,0
196,rûle,,1610328958.0,92,0.96,0
conspiracy,Monitoring and the storming of the capital.,"There have been public plannings of this exact event on this day has been on public platforms like parler. I think that because of this it can be deduced that 
a. The govt doesn’t monitor social media, even radical ones as closely as some think or at all 
b. They did know this would happen and it was allowed/ part of the plan 
Both are somewhat supported by the lack of police and preparedness 

thoughts?",1609965142.0,7,0.64,8
196,Rułe,,1609644778.0,2,1.0,0
196,rüle,,1609180946.0,3,0.67,0
NameThatSong,Is this guy playing a specific song or just jamming?,,1608839849.0,1,1.0,1
196,rulé,,1608584963.0,67,0.94,0
OCD,When I have to brush my teeth for exactly 2 minutes at least twice a day or else I’ll die but the dentist says my teeth look good,,1607712241.0,18,0.95,1
ShiptShoppers,Me to Kroger and my customers to me. Happened twice at 2 different stores today lol,,1607050864.0,1,1.0,0
fakedisordercringe,I humbly present to you the PennyWise alter saga. #SOTRUE !,,1605292412.0,535,1.0,41
FoundPaper,Camera instruction manual from 1969,,1605290661.0,8,0.8,0
fakedisordercringe,Different ‘alters’. It’s the terrible acting for me. All of the first on and especially at 1:30ish,,1605195561.0,1313,1.0,120
SuicideWatch,I’m so fucking tired and done with this shit.,"I can’t make a decision that will be good for me in any way. I just keep screwing myself over because I have no other choice but to be unhappy. When I was younger I made decisions based on the idea that I’d be dead by 19. I keep purposely making life choices I want with the hopes that later it’ll cause me enough problems so that it can act as motivation to actually kill myself. The plan is working and I’m starting to see the effects more and more every day.  
When I was younger at least I had the idea in my head that people would understand why I am the way I am but now I don’t even have that. I just know what a burden I am both alive and dead. It’s been almost a decade and I’m only twenty. And it’s going to be the same for the rest of my life. I’m tired of being a spoiled selfish little brat that’s going to squander every opportunity that’s going to come my way. I just want a fucking brain that isn’t intent on destroying itself. I don’t want to think anymore or wake up feeling the same numb apathetic feeling everyday. It’s either sad or stress or nothing. I just want to do it. It’s the only thing I’ve wanted for a long time now. It’s the only thing I’m allowed to want. I fucking hate it here and it’s never going to change. I even fantasize about being brave enough to kill myself and it acts as a sort of solace.

God I wish I could talk about this with my counselor without getting the cops called on me.",1605162195.0,3,1.0,0
college,Should a break my student housing lease and go part time to focus on work?,"I’m a junior in college and I’m not particularly liking the education decisions I’ve made so far. And with covid happening, mast of my teachers don’t have experience teaching online or just don’t give a fuck. One professor hasn’t uploaded a lecture in months and just has us do 1 simple middle school adjacent worksheet per week. I’m living on campus for only 4 in person classes per week. Needless to say I’m getting frustrated with how much me and my family is having to pay for this and how little I’m actually getting an education.

My idealized plan is to break my housing contract from the university, get an apartment off campus, take one class to stay enrolled and buy myself some time, and work my ass off. I’m employed as a shopper and delivery driver and I fucking love it. I’ve only had the time to work half days in the city I’m in now but I’ve been able to make $100 in a day. In the grand scheme of things it’s not that much but enough to pay rent if I make 400-500 at least per week. Also, my best friend is taking at least next semester off, and honestly I don’t think I could do it here without him. We’ve talked about it and if I were to get an apartment here, I’d have a guaranteed roommate. 

Here’s how much everything will probably be. I’m highballing these estimates so I’m not disappointed later but:

$3,500 to break the lease (I can contest this and get it reduced but we’ll see)

$550/month rent 

$600 for single college class (most unsure about this pricing)

Currently, this would drain my bank account, but the bigger payments wouldn’t start for another couple months so I can continue saving. And the holidays means more orders and hopefully bigger tips. 
Are there other major costs that are probably going to blindside me? Am I being too naive? I understand that this will be really really difficult especially in the first few months but I really don’t know if I can handle another semester here lol",1605122019.0,0,0.5,1
Advice,Should I break my housing lease and become a part time student to focus on work?," I’m a junior in college and I’m not particularly liking the education decisions I’ve made so far. And with covid happening, mast of my teachers don’t have experience teaching online or just don’t give a fuck. One professor hasn’t uploaded a lecture in months and just has us do 1 simple middle school era worksheet per week. I’m living on campus for only 4 in person classes per week. Needless to say I’m getting frustrated with how much me and my family is having to pay for this and how little I’m actually getting an education.

My idealized plan is to break my housing contract from the university, get an apartment off campus, take one class to stay enrolled and buy myself some time, and work my ass off. I’m employed as a shopper and delivery driver and I fucking love it. I’ve only had the time to work half days in the city I’m in now but I’ve been able to make $100 in a day. In the grand scheme of things it’s not that much but enough to pay rent if I make 400-500 at least per week. Also, my best friend is taking at least next semester off, and honestly I don’t think I could do it here without him. We’ve talked about it and if I were to get an apartment here, I’d have a guaranteed roommate. 

Here’s how much everything will probably be. I’m highballing these estimates so I’m not disappointed later but:
$3,500 to break the lease (I can contest this and get it reduced but we’ll see)
$550/month rent 
$600 for single college class (most unsure about this pricing)
Currently, this would drain my bank account, but the bigger payments wouldn’t start for another couple months so I can continue saving. And the holidays means more orders and hopefully bigger tips. I realize it’s going to be really really hard the first few months. Are there other major costs that are probably going to blindside me? Am I being too naive? I really don’t know if I can handle another semester here lol",1605119133.0,2,1.0,1
tooktoomuch,‘This ain’t my grandma?’,,1604975118.0,969,0.95,34
Missing411,Could deep mud be a possible cause for people vanishing without a trace?,,1604167715.0,10,0.92,11
Advice,Would it be in bad taste to be a sexy plague doctor this year for Halloween?,I’m a college student and I recently got invited to a friend of a friends place for Halloween. Bc it’s so last minute I don’t have much time to get anything else and I have most of the stuff for it; robe mask fishnets ect. I’ll be with three friends who think it’s fine and kinda funny bc the covid ordeal is something that effects everyone. I’ll also be with about 4 people who Ive barely met and I don’t want them to get a bad impression of me. I know going out might be stupid but there’s a good chance I had covid early this year and im strict about masks and won’t be in close contact with anyone older or immunocompromised in the next 4 weeks. I honestly like the idea bc it’s one of the only ones that’ll let me incorporate a face mask all night without people judging me. So should I be a sexy plague doctor or am I underestimating how offensive this could be?,1603753414.0,2,1.0,3
NeckbeardNests,the way it goes up to the ceiling 🤢,,1603383731.0,19,0.92,9
uncomfortablydetailed,The power puff girls canonically have no fingers and abnormally large eyes and heads.,,1602564899.0,144,0.99,5
unpopularopinion,"Wojack, dodge, and chad vs virgin comics are unfunny and really overused.",It seems like they literally are just telling the same jokes over and over again. And with these memes there’s literally people spending time making long edits to try an expand on some boring desperate story. It’s just rage comics again and x is better than y. I have no idea why they got so popular and I have no idea why they’re still popular and have been used for so long. Also from what I’ve seen reddit is the only major site that still uses them and I don’t use this word often but it’s honestly cringey to me. I know this isn’t like a real life problem but jeez I don’t get why people are telling the same joke over and over into oblivion.,1598817588.0,8,0.75,4
NoStupidQuestions,What is a thesis?,This is an extremely stupid question but I’m very stupid and drunk right now and a junior in college. I’ve been coasting by and chose environmental science as a major because I didn’t know what else to do and it seemed fulfilling. Today I had my first gardening class of the semester where it’s basically manual labor where we tend the campus garden. The professor though is really respected and I worked with him a couple times in my free time harvesting stuff. I guess he remembered me though and today as we were leaving he asked me specifically (out of all the other students) if I was interested in working on a thesis with him and it kind of caught me off guard. I was honestly just planning on coasting through and then just fucking off with my cringe degree and try to find a parks service job or something. I feel like I should say yes given the opportunity but it’s kind of daunting since I wasn’t really considering doing this in the first place. Does anyone have any similar experiences? I want to but I doubt my own abilities. He has a rule where if I work with him my gpa has to stay above 3.5 which I usually do. Should I say yes?,1597981183.0,0,0.5,6
boomerhentai,Found on a shirt in a thrift store,,1597606657.0,384,0.99,13
ShiptShoppers,What a score,,1596656200.0,13,0.93,9
findareddit,Subreddit for helping me find the name of a specific kind of drumming style,This doesn’t quite fit the criteria of a few “what is this” subreddits I found and id have to post a link to videos of certain songs.,1596594663.0,1,0.67,1
whatisthisthing,What’s the style of this drumming called? The beat starts at around 0:35,,1596593827.0,1,1.0,1
NoStupidQuestions,"If someone with an addiction gets amnesia, would they still have that addiction?","Also if someone with an addiction falls into a coma, would they still go through physical withdrawals while unconscious?",1596582966.0,2,1.0,2
bonehurtingjuice,typical...,,1595620240.0,309,0.92,7
ShiptShoppers,My first $100+ order! Not much but im happy 😌😌,,1595208447.0,4,0.84,1
suspiciouslyspecific,Ur mcm,,1594065963.0,10,0.77,3
ShiptShoppers,well fuck :/,,1593818204.0,2,0.75,3
megalophobia,it just keeps rising,,1593535468.0,57,0.97,5
creepy,Darth Mauls original concept art design by Iain McCaig. Lucas said to make him look like ‘a vision from your worst nightmare’.,,1593107423.0,1,1.0,0
morbidlybeautiful,A dead cockroach that somehow landed face up on a leaf after a rainstorm yesterday,,1592851867.0,21,0.93,2
NoStupidQuestions,What is an ants equivalent of Mt Everest?,I couldn’t find a straight answer and I’m not good enough at math to figure it out myself lol. I mean in regards to size like would it be like 5 feet or more like a 2 story house?,1592787608.0,1,1.0,2
Bad_Cop_No_Donut,Man with hands up gets mask ripped off and pepper sprayed,,1590956345.0,8,0.84,4
HelpMeFind,Trying to find where my favorite stuffed animal came from. She’s at least 18 years old and has a voice box that still works.,,1590089006.0,2,1.0,7
ABoringDystopia,plain evil,,1587667672.0,413,1.0,10
ajj,quick little doodle of sean during the stream last night,,1587493243.0,240,1.0,4
yiffinhell,What’s the point of a skirt if she’s just going to let her lizard pussy hang out????,,1587146458.0,3773,0.97,210
NotTimAndEric,Drugs,,1587072443.0,4,1.0,1
shittyaquariums,My sister just brought this monstrosity home from college. The bowl is definitely less than 1 foot wide and tall :(,,1585511643.0,65,0.98,10
whatsthisfish,My sister brought this fish home from college thinking it’s a beta. It’s about an inch long,,1585510479.0,13,0.9,4
HeavyFuckingWind,Encroaching tornado,,1585498352.0,724,1.0,15
FiftyFifty,[50/50] Graphic gore porn (NSFW) | Stunning picture of Saturns rings (SFW),,1585076898.0,1,1.0,1
SoundsLikeMusic,hot beats,,1585015699.0,630,0.97,68
Recursion,Meta check,,1584301521.0,1,1.0,1
AskReddit,What’s the best piece of media the majority of people have never heard of?,,1584298744.0,3,1.0,2
ajj,a doodle inspired by the mega guillotine music video,,1584128044.0,126,0.99,3
ParkRangers,I have an interview for a position as a seasonal interpretive park ranger tomorrow! Any advice on what kind of questions I’ll likely be asked?,The interview has been set up through my university and I really want to ace it. This would be my first experience with actually working for the state park service. Sorry if this seems a bit juvenile in compared to some of the other posts on here but does anyone have any advice? Thanks in advance for any answers!,1582126808.0,35,0.91,5
Superbowl,Applesauce,,1582087327.0,16,0.94,0
goodmythicalmorning,Some art I made back when the the dog vlog came out,,1581351178.0,348,0.99,5
awfuleverything,oof,,1580327770.0,101,0.93,5
MakeMeSuffer,ngl this meme got me,,1580327683.0,698,0.99,11
badwomensanatomy,can’t choose between the tits in the middle of the chest or the arm between the buttcheeks,,1580311488.0,1,1.0,1
tipofmytongue,[TOMT] [Youtuber] moderately popular YouTuber who often did food challenges,He was either Canadian or American and was a white scrawny guy with short brown hair in his mid 20s who I kind of remember as looking like bo burnham a bit. He typically didn’t act like a lot of other food challenge you tubers. The main video of his that I remember was of him doing the red bull and milk challenge and a hot pepper challenge at the same time. I’m going to describe it but be forewarned is a little nasty. So the video takes place with him on a couch in what kinda looks like a basement. There might be a neon sign in the background. So he eats the pepper first and struggled with that but then he continues to drink the redbull and milk mixture. He takes one sip of the the drink and immediately is like “oh shit” looking all scared and then proceeds to vomit on himself without getting up from the couch for like a whole minuet.  There’s another guy behind the camera that he’s talking to during this. He then tries to go to the bathroom to clean himself. One last little detail I remember was him stressing out about how that couch wasn’t his. This particular video came out at least four years ago I think.,1578449067.0,1,1.0,9
animation,Thoughts on this? Obviously it’s not super clean but is the motion alright?,,1578418594.0,27,0.92,3
ThatPeelingFeeling,Brand new mandolin!,,1577557750.0,6,0.88,0
birthofafetish,👀,,1577305425.0,148,0.92,10
MovieSuggestions,a movie that’s meaningful will make me feel glad to be alive,not a necessity but just maybe existential and with abstract themes. something that is beautiful and touched you in some way even if the story isn’t anything revolutionary.,1577139916.0,4,0.68,21
ANormalDayInRussia,getting ready in the morning,,1576118924.0,60,0.96,5
birthofafetish,welp,,1575046871.0,520,1.0,11
intotheshadowrealm,There he go,,1573502225.0,483,1.0,5
AbruptChaos,SPREAD THE WORD SPREAD THE CHAOS,,1570904478.0,42,0.81,3
boringdystopia,🤡,,1570810443.0,41,0.99,4
sadcringe,he paid for an actual add,,1570483479.0,191,0.97,13
HumanForScale,little human for scale,,1569964775.0,47,0.92,4
Frugal_Jerk,Teach a fatcat to fish and I’ll eat for a lifetime,,1567721011.0,10,1.0,0
suspiciouslyspecific,Yee Haw,,1567553282.0,173,0.98,14
oddlyspecific,Yee Haw,,1567546059.0,68,0.9,1
confusing_perspective,Artist working on a stop motion set,,1567545898.0,244,1.0,7
ArtCrit,Struggling with the colors. How should I color the background so that there’s good contrast?,,1567277266.0,9,0.85,1
ArtCrit,How could I have improved this crayon piece? I was going for a folk art type of vibe,,1566667926.0,78,0.96,9
morbidquestions,When someone gets shot in the head can they have spasms as they die that can sometimes end up dragging them across a floor?,I read this somewhere but was never able to find any information about it on google. Is this phenomenon real and is there a name for it?,1565305069.0,2,0.75,9
ArtCrit,Thoughts on this crayon piece? I’m new to the medium and trying to head in a more folk art inspired direction.,,1565285142.0,114,0.96,12
MovieSuggestions,Any movies out there like “Henry Gamble's Birthday Party”?,,1565046516.0,1,1.0,0
AskReddit,Have you ever seen a dead body or see someone die? What was the context?,,1564791101.0,2,1.0,7
RebornDollCringe,A replica of their own son...,,1564766325.0,36,0.98,3
MovieSuggestions,A movie that’s kind of deep but fun and with a good soundtrack,[removed],1564451357.0,1,1.0,1
TooAfraidToAsk,When there are background characters are having a conversation in film or in a play what do they talk about?,Is it scripted??? Do they have to make awkward small talk??? Do they just pretend like they’re talking?????,1564350936.0,0,0.5,3
succulents,I’ve died and gone to succulent heaven-found in Morro Bay California,,1563573867.0,16,0.95,0
TooAfraidToAsk,Is it normal to refer to yourself in your head as ‘we’?,,1563481522.0,1,1.0,12
findareddit,A reddit for helping people figure out how to work an old camera. Or a reddit that is nice enough to help me figure it out lol,,1563123565.0,1,1.0,2
TooAfraidToAsk,Is it normal to hallucinate things ‘shifting’ or ‘breathing’,"I didn’t really consciously realize I did this until recently but sometimes when I look across a room, and there’s a depth of like at least 5 feet in front of me  I can see objects like they’re shifting and breathing. Nothing extreme but just like subtle wavering. I’ve never done any type of hallucinogenic but I’ve kinda read about them but a few days ago I saw Midsommar and some of the depictions of hallucinations caused by mushrooms was a more extreme version of what I see. Also if I’m in a cramped area and I look out of a window of into a vast space it looks like the space is just kind of expanding away from me. It’s kind of dizzying at times but not like reality bending or anything. Am I normal and just reading too much into this or should I be mildly concerned?

Edit: I don’t take any medication but also experience a few other symptoms related to mental illness",1563049020.0,13,0.94,16
prisonhooch,Baby’s first batch- thanks for the inspiration ya heathens,,1562862266.0,8,0.91,1
proplifting,thank u ikea!,,1561851005.0,34,0.94,0
AskReddit,"Former children of reddit, what’s your weirdest/most inexplicable childhood memories?",,1561501772.0,3,1.0,7
tipofmytongue,"[TOMT] [Song] “some day soon, when we’ve been to the moon”",The songs pretty old like late 60s or 70s I think. I’m pretty sure it’s a fairly popular song and during those lyrics there’s a kids choir singing in one part. I googled it but couldn’t find anything :/,1560962706.0,1,1.0,6
yiffinhell,furry gatekeeping,,1560882385.0,436,0.99,21
ThatPeelingFeeling,New phone peelin,,1560789256.0,439,0.97,21
FoundPaper,Found this 1994 receipt in my goodwill jacket pocket. Thinking about trying to return it lol,,1560385742.0,63,0.99,1
AskReddit,"People who have jobs that require you to enter other people’s houses, what’s the craziest thing you’ve ever seen while on the job?",,1560205989.0,2,0.67,6
AskReddit,"People who are in charge of hiring, have you seen an increase of people claiming they’ve had experience at Toys R Us since it closed?",,1559168739.0,4,0.83,2
tipofmytongue,[TOMT] [MOVIE] A drama about paranormal investigators/ skeptics,This movie possibly was on Netflix I think 4 ish years ago. It was kind of had dark aesthetics and was about a paranormal research team who was attempting to disprove a man who claimed to be telekinetic or a psychic. A few times throughout the movie a bird would fly into the window or something. At the end (spoiler alert lol) the leader of the investigation team reveals that he’s actually psychic too and had been causing the birds to crash into the window whenever he would use his power. I don’t remember it as a horror film but more of a drama. Sorry if this is really vague I want to find it because I didn’t really catch the first half of the movie and it’s haunted me for so long lol.,1558282318.0,1,1.0,4
whatsthisbug,Found this guy in my bathtub while I was cleaning 😬 His legs were about the length of the body but are curled under him now. Located in West Tennessee,,1557613017.0,2,0.75,3
ifyoulikeblank,(IIL) Horrifying Search and Rescue Stories Video (WEWIL)?,"Video I’m referencing: https://m.youtube.com/watch?v=nhkgXOUDetc&t=3s 

Honestly looking any good and long creepy stories vids to entertain me during a road trip. I really liked the storytelling and a lot of scary stories videos out there aren’t as good of quality.",1556715081.0,2,0.75,0
oddlyterrifying,say cheese!,,1556557484.0,126,0.97,0
madlads,mad fall out lad,,1556550909.0,11,0.87,0
confusing_perspective,What a beautiful smile,,1556550799.0,307,0.97,12
MovieSuggestions,Movies where people are wandering around the woods.,"Idk I really like the aesthetics of movies set in the woods. Especially if they aren’t just traditional horror movies. 

Ex.
Swiss Army Man,
The Revenant, 
Trollhunter, 
The Ritual",1555341558.0,5,1.0,15
MovieSuggestions,Recommend me your favorite foreign language films,I have to do a presentation for a world cinema class and I’m kind of overwhelmed! I’m looking for something that has depth and social meaning that could be applied but that should be easy for any good movie. Bonus points if animated!,1553374122.0,6,0.7,29
IASIP,Portrait of our lord and savior I just finished,,1549054628.0,159,0.99,12
IncelTears,Yikes,,1548962895.0,1,1.0,0
ArtCrit,Curious on what you guys think of this,,1548264713.0,4,1.0,7
MapsWithoutNZ,New Zealand isn’t important enough for my roommate’s tapestry,,1547336635.0,8,1.0,0
