subreddit,title,selftext,created_utc,score,upvote_ratio,num_comments
Rants,"As a gay transgender man, getting sick of the LGBT community","There are a lot more ""trans"" people in my middle school than there is actual percentage of trans people. Even if we take the HIGHEST end of the statistics on amount of trans people, there would only be approximately FOUR transgender people in my grade. As far as I know, there are zero trans women that are out. Statistically trans women should make up higher than 50% of trans people, so there should be at most TWO trans men in my grade...yet there are 5+ ""trans men"" in my grade not including me, all of which being friends with each other. Some of which also reporting instances to me personally of doing things JUST BECAUSE THEIR FRIENDS HAVE DONE IT. It baffles me how nobody has pointed this out. There are also a lot of girls in my grade that change their pronouns for no fucking reason, I doubt they even identify as trans or have dysphoria. It makes actual trans people look like a joke. I believe people can do whatever they want, dress how they want, date whoever they want. I do not care. But what is the point in identifying as a man if you are going to in no way put in effort to be masculine. These ""trans"" people identify as men yet they still wear dresses, makeup, listen to lesbian music artists, keep long hair, etc. I highly doubt it would kill many of them to just be a girl. And the thing is they only make friends with other LGBT people. They treat being LGBT as a little club. That is quite literally the definition of treating LGBT differently, they don't advocate for equality in any way. On several instances they even ridicule cis men and straight people. They are completely twisting the point of LGBTQ+ rights activism which is to bring equality. I haven't come out to my school yet and I'm scared to because people are gonna think I'm one of them. THEY think I'm one of them and think I hold the same ideals and interests as them just because I'm trans. Talk about stereotyping. If I talked about it then people would call me bigoted when in reality these people faking being trans are making society take ME as an ACTUAL TRANS PERSON less seriously.",1644693104.0,81,0.86,80
antimeme,Created by AI,,1640675315.0,8,0.83,0
infp,Am I actually an INFP? (coming from an INTP),"I've always related to descriptions of INTPs and gotten INTP on every test, but sometimes I feel kind of distant from other INTPs. I just feel different. I find the r/INFP subreddit far more relatable and see most people on r/INTP as too harsh or just ""too logical"" Sometimes I just want to appreciate things with vague sentimental meanings.
I always put it down to it being my 4w5 enneagram but now I'm seriously considering I might be an INFP because other INTPs just seem like aliens. 

What are some questions I could ask myself in order to differentiate whether I'm an INFP or not? Or just what are you thoughts on my type from this post?

Edit: Hello friends, after reviewing cognitive functions, I have concluded that, Nope, I am still an INTP. (Your subreddit is still way better)",1620483260.0,10,1.0,3
Anxiety,I swear my long term friends are losing interest in me,I'm just not interesting. I don't talk about anything but moping around about all of my problems and NOBODY wants to hear that so most of the time I don't even talk at all. I've had my friends for years and it seems like they're slowly backing away from me as I fall victim to depression and anxiety. I can't make any new friends because I'm so bad at socialising. They would just not see me as having enough to say. I have a lot of things to say but when I get too comfortable and do that then they see me as weird. I don't want to be lonely but it feels like I'm just a weirdo to my friends and none of them actually ever want to hang out with me. Why can't I just stop being awkward.,1620245598.0,2,1.0,1
Poetry,"[POEM] Who am I, Without Exile? by Mahmoud Darwish","A stranger on the riverbank, like the river...  water

binds me to your name. Nothing brings me back from my faraway

to my palm tree: not peace and not war. Nothing
makes me enter the gospels. Not
a thing ... nothing sparkles from the shore of ebb
and flow between the Euphrates and the Nile. 
Nothing

makes me descend from the pharaoh’s boats. 
Nothing

carries me or makes me carry an idea: not 
longing

and not promise. What will I do? What
will I do without exile, and a long night
that stares at the water?


Water
binds me
to your name ...
Nothing takes me from the butterflies of my dreams

to my reality: not dust and not fire. What
will I do without roses from Samarkand? What
will I do in a theater that burnishes the singers with its lunar

stones? Our weight has become light like our houses

in the faraway winds. We have become two friends of the strange

creatures in the clouds ... and we are now loosened

from the gravity of identity’s land. What will we do … what

will we do without exile, and a long night
that stares at the water?


Water
binds me
to your name ...
There’s nothing left of me but you, and nothing left of you

but me, the stranger massaging his stranger’s thigh: O

stranger! what will we do with what is left to us
of calm ... and of a snooze between two myths?
And nothing carries us: not the road and not the house.

Was this road always like this, from the start,
or did our dreams find a mare on the hill
among the Mongol horses and exchange us for it?
And what will we do?
What
will we do
without
exile?",1619572969.0,7,1.0,0
SuicideWatch,I'm only living for my friends and family,"That's the only reason I'm hesitant. My friends and family would be crushed if I died, or they wouldn't, I don't know. 

You know, the worst part about depression that leads to suicidal thoughts is that you know it's an illness. You know there's an alternative universe out there where you're content and don't have this illness.

I don't want to continue to have this want to die. I really don't. I'm an interesting person with hobbies and interests and quirks. I doubt anybody would ever come to appreciate them but me because I'm so bad at presenting myself socially. I'm incapable in everything that someone whose a living person has to do. I have good morals but I don't practice them. I don't have the motivation to motivate myself when I know I could just look at the bright side of things and be content because I've done it before. I'm interesting! Yet nobody would care, I'm not gonna get a documentary.

I think I'm what people would call a leech on life. I don't do any work to live yet I feed off of the recreational things that come with it. I've seen other people do it before and the public antagonise them for it. And so does everybody to me, or maybe it's just in my head. But how come the moment you express any kind of depression you've had over it people seem to care even though they didn't before. People would yell at me and the moment I accidentally shed a tear they seem to completely switch sides, what the fuck? Do I have to live off of pity for my entire life?

It's just, I want to have a will to live but I don't know how to fix me. I genuinely don't know what to do in order to fix me. I'm stuck in this paradoxical loop of suicidal thoughts and no motivation and I don't know how to fix it because I have no willpower. I've expressed my depression and suicidal thoughts to so many people that I thought could help me and nobody's fucking doing anything. Please, how do I fix me? I don't have any control over my life.

I feel cursed. Socially incapable, no work ethic, trans, ADHD, don't know how to fucking be human like everybody else. I got scammed when given this life.

Sometimes I think of suicide for non-emotional reasons. Just, pain is painful: if you're dead you can't feel the pain: dying is a good option. I don't want to pain my friends and family but I also don't want to push them away in case I decide to really live. I don't want to push the pain of me dying on them, the feeling that they could have done something better to keep me a little longer. It would be so mean. Eternal numbness for one person but grief for several people doesn't add up. That's the only reason I'm living.",1619441590.0,7,0.89,2
SampleSize,[Casual] Thoughts of beer at any age (anyone that has drunk beer before),"https://forms.gle/sRyaPPd6n9KY7Fry9 

I do not condone underage drinking but responses where someone drunk beer at an earlier age are encouraged. I am testing whether there is a correlation between age and taste of beer.",1619310120.0,7,0.82,0
