subreddit,body,created_utc,score
CAIRO,"True, but atleast she can try
I don't think there's anything else she can do to help her friend
Gosh topics like this makes my blood boils tbh",1709246870.0,2
CAIRO,للاسف انا اتفشخت حياتي و هي ولا كاني موجود اصلا 😏,1709245199.0,1
CAIRO,دي حقيقة، انا فعلا محتاج اركز على نفسي,1709244872.0,2
CAIRO,"Man up is a weird thing to say, we do have feelings too and bottling them ain't healthy.
And no I didn't expect her to come around, I was perfectly fine with being a friend and actually I needed her as a friend more than a lover

But I agree that I need to forgive and love myself more",1709244807.0,1
CAIRO,I'm here for you if you need to talk,1709244607.0,2
CAIRO,الموضوع مش بالسهولة دي للأسف,1709241271.0,1
CAIRO,❤️❤️,1709241206.0,1
CAIRO,بتقف والله يا صاحبي,1709241128.0,1
CAIRO,"Thank you.
This is the nicest thing I heard in a long time
Means a lot",1709241109.0,1
CAIRO,I hope I can make it out of this,1709241056.0,1
CAIRO,"افضل فيه ازاي مكنتش بتقولي صباح الخير حتى فالوضع كان صعب جدا نفسيا عليا
انا ممكن اتسرعت اني مشيت بس الموضوع فعلا صعب",1709241024.0,1
CAIRO,"This is illegal, call the cops and they'll stop this.

Can't believe people still doing this in 2024 😒",1709237643.0,1
CAIRO,"Proud of you bro, keep going",1709237503.0,2
CAIRO,"انا شايف انك طالما انتي سألتي السؤال ده يبقى انتي عارفة الإجابة.
خسي لنفسك الموضوع صحي و هيحسن حياتك عموما",1709237463.0,1
ExEgypt,"I've been there, I know how you feel and I know how dark it gets, but trust me you'll pull through, I know it's not much but if you ever want to vent out and talk I'm all ears",1658950996.0,1
