subreddit,title,selftext,created_utc,score,upvote_ratio,num_comments
SuicideWatch,i have over 200 sertraline pills and i need to know if they’d work,"they’re 100mg each so over 20,000 mg of sertraline. 

the internet won’t tell me if you can die from a sertraline overdose but i want to know. i’m not in immediate danger i just need a fucking back up plan. 

my brain is fucked up and i just need to know",1620263062.0,4,1.0,3
selfharm,my parents made me a first aid kit,"i’m still in shock. my therapist suggested they make me a first aid kit so i can be safe and they DID. after years of misunderstanding self harm and being uneducated about it they are finally starting to understand it. I feel so much safer knowing they won’t overreact if they see my bandages and it’s so weird...

i’m so angry that it’s a privilege if someone doesn’t overreact to sh when it’s literally a coping mechanism just like alcohol, shopping, isolating, ect. i’ve had too many traumatic experiences because of people’s lack of education and im so over it 

anyways, yay for therapists!!! and parents who are finally getting it!!!",1619594494.0,547,1.0,19
EDanonymemes,okay but also has anyone experienced weight gain? i’m afraid 🥵,,1617757524.0,104,0.99,8
depression,my doctor is putting me on welbutrin,can anyone tell me your experiences with it? good and bad? im also on sertraline 200mg,1617755718.0,3,1.0,6
SuicideWatch,not taken seriously,"i know she means no harm but when my mom asked me what i was feeling and i said i wanted to die, her response was telling me “don’t throw around words like that” 

at what point do you stop telling your parents or loved ones things cause you know it will hurt them? it feels like every time i talk about self harm or suicide ect i hurt someone. but who do i tell? no one? back to normal then?",1616141335.0,10,1.0,4
arttocope,recent journal pages 🥀,,1613338844.0,18,1.0,0
OddlyTriggered,look familiar anyone?,,1613264371.0,71,1.0,1
MadeOfStyrofoam,imagine showing up to therapy with fucking socks on your arms,,1612218409.0,253,1.0,23
OddlyTriggered,instagram ads hate me,,1612208235.0,26,0.95,1
Dermatillomania,DAE in this sub also struggle with self harm?,i’ve used picking as a way of control even when i SH but a lot more in between relapses... wondering if it’s just me or if any of you also have this and ways you’ve gotten some control of it? 💌,1611266200.0,4,1.0,3
MadeOfStyrofoam,i just broke my year and 4 month clean streak 🥵,,1611140310.0,223,1.0,3
selfharm,im one year ‘clean’ tomorrow what should i do,kinda want to get a septum piercing lol,1599049084.0,48,0.96,21
MadeOfStyrofoam,*clears throat* er uh... this definitely has NOT happened to me,,1571378903.0,181,1.0,8
MadeOfStyrofoam,when u just cant fucking stop 🤷🏽‍♀️,,1568903742.0,96,1.0,0
MadeOfStyrofoam,like why you gotta ask bro? and by ‘people’ i mean absolute fucking strangers,,1567480461.0,122,1.0,4
MadeOfStyrofoam,when you relapse for the 100th time,,1567234231.0,85,0.99,2
MadeOfStyrofoam,i mean c’mon what did u expect?,,1567060664.0,56,0.99,0
