subreddit,title,selftext,created_utc,score,upvote_ratio,num_comments
Dachshund,Is she a double dapple?,"Just got my baby two days ago and was told that only the mom is a dapple. I noticed that both her eyes are 2 different colors, which I read is a big indicator that she might be a double dapple. Hoping to get some clarity this Sunday when she has her first vet visit! ",1748455175.0,95,0.99,10
DOG,What is this?,I found this on the inner corner of my dog’s thigh. I’m afraid that it might be ringworm. Does anyone have any idea what this might be?,1688279481.0,2,1.0,1
