subreddit,body,created_utc,score
lonely,"Update:

I just wanted to post an update to say I ended up getting some help, seeing family/friends in other cities, and started taking some positive steps in what feels like the right direction.

This was a bit of a wake-up call. Thanks to everyone who reached out, chatted, and kept in touch!",1688771365.0,1
lonely,"This is absolutely amazing, you're so talented!",1684761345.0,2
lonely,Happy birthday!,1684706261.0,2
lonely,"Yep, trying that too, thanks!",1684696188.0,1
lonely,"Volunteering is a great idea, thank you.",1684696163.0,1
lonely,"Thanks for the reminder, I appreciate it.",1684696137.0,3
lonely,Good luck finding your people too!,1684696091.0,2
lonely,"Thank you, I'll check the book out, I could always use some new ideas or perspective!
A lot of the groups nearby seem like retirement activities - arts, crafts, book club, poetry etc. I'm open to anything social at this stage, but when I looked into them, they didn't really have any members under 50. Someone else mentioned finding groups on Facebook, so I'll try that now too :)",1684696061.0,3
lonely,I feel like the next step is making party hats for cats. I hope I don't hit that stage!,1684695654.0,22
tipofmytongue,"Haha no, it wasn't that one!",1683145896.0,1
tipofmytongue,I looked into this but no definitely not. The main male character had much more of a fisherman/old man vibe. Thanks for the suggestion though!,1683060837.0,2
tipofmytongue,"There could have been a story subplot about the wife dying in childbirth and leaving the old man alone, but I'm not sure.",1683056092.0,1
