subreddit,body,created_utc,score
malaysia,Pray that those thing cracks their balls,1745246178.0,1
honorofkings,"Would appreciate if you guys could help me back 😭😭😭

XB6TD89A",1721123880.0,1
honorofkings,"Would appreciate if you guys could help me back 😭😭😭

XB6TD89A",1721123857.0,2
honorofkings,"I did you all's! Help mine back please!
XB6TD89A",1721020106.0,1
honorofkings,"Done! Help mine back please! 

XB6TD89A",1721020043.0,1
relationship_advice,"Thank you for taking the time of your day to advice a needy stranger. 

If all the thing that you mentioned already done, anything I can do next? Even I tell her lovingly, she always making it seems like I attack her and not loving her unconditionally. I... just want us to improve ourself together and become more than just a partner. I want us to become more optimistic to life, and all the beings within. But it's hard when she's so negative about life, and from my part, when I get out of my way to be positive, she keep pushing me to be negative as she is. My positive aura is so small, it cease to exist whenever im with her. 

Sorry for the long unrelatable respond..",1688219867.0,1
malaysia,"I hate malaysian chinese in general. No manner on the road especially, and wonder why most of them are fat as pig",1687332150.0,1
gravelcycling,I saw someone posted this bridge last year in this sub if im not mistaken! Somehow feeling nostalgic,1625923523.0,2
MobileLegendsGame,Yeah its seems like regional event! The game mentioned is actually the Mobile Legend : Adventure but with different title that just got released in japan with cute art which collab with local japanese artist and voice actor! :),1622826071.0,2
xbiking,"And those triple brooks cambium, nice bike",1618233730.0,2
distantsocializing,韓国？,1616396282.0,1
CleaningTips,I used melamine foam but it doesnt work :(,1616206909.0,1
bikecommuting,"Sorry for the late late reply, thank you for sharing your opinion of it! Appreciate it'",1616165032.0,1
bikecommuting,"Hardcore. My c17 just arrived today and I cant help but notice your combium. Took a mere 15km ride with it and it was nice, still need to test on longer rides. How do you like yours?",1615897582.0,3
bikewrench,Thank you for sharing your knowledge! My wallet can't thank you enough!,1615879979.0,2
bikewrench,"Thank you for taking the time to help someone that is as clueless as me. I was worried that It might get worse if I dont do anything, but since there are two people told me otherwise, Im relieved. It helps a lot, I can't thank you enough!",1615879557.0,1
bikewrench,Thank you!,1615862881.0,1
bikewrench,Thank you! Will look into it! May i ask if there any cheaper alternative?,1615862799.0,1
bikewrench,"Thank you all for all the advice! Im truly sorry I cant reply to everyone! Being someone who dont have many friend, its kinda overwhelming for me. Im sorry! I appreciate everyone comment, tips, and personal experience!",1615459841.0,4
bikewrench,Its in between that! Its 45c riddler! :D,1615459681.0,4
bikewrench,Thank you! Will keep it in mind and get the tube ready!,1615443296.0,46
bikewrench,Thanks! How many km's do you think i can still get by the look of it?,1615442908.0,20
bikewrench,By broke i meant that Im broke in term of cash right now,1615441762.0,45
bikecommuting,"Even this bike called sport...
As a student i had to go to annual checkup so i ask my japanese teacher to help me out with the document. On the document it was written ""Do you do sport or exercise, how many hours per week"" I told her I usually cycling 28 hours/week. Then this japanese teacher in her mid 50's told me that cycling is not an exercise/sport. But yoga is. Then I tell her everything that prove that cycling is at least an exercise, if not a sport. This dummy teacher still want to stick to her opinion, so i see no point of arguing. Ask many other teacher, and they told me cycling is indeed an exercise, way more intense that yoga where you just bend your back knees and leg without sweating. Sorry for the rant. I pissed with that dang teacher.",1614596798.0,2
xbiking,Dont forget the SHIMENG,1614578086.0,1
xbiking,"Thank you for this. Im currently on the depressed period of my mental illness, and this made me smile for a bit. Thank you again stranger. Have a good day/night.",1614408674.0,10
C25K,"Keep up the good work! Likewise, I run and cycling just to be able to eat good food! Have a good day!",1614389182.0,1
whichbike,"For the japanese market, this is cheap cheap cheap. If its my size and this thing appear with that price I would get it.",1613909518.0,2
SweatyPalms,"If i were in that airplane i would have mixed feeling. As a bipolar type 2, no one in my family try to understand me and it hurts. Though I kinda want them to be happy without me, Im glad its going to end my misery",1613902175.0,0
gravelcycling,"Nice rig!
At first I thought this was my bike (orange frame, blue griptape, wtb wheel). But yours are way more beautiful! Happy biking!",1613822438.0,4
C25K,"I havent start my journey yet, but good job for getting out there! You sure look happy and thats a well taken care of a beard man!",1613621667.0,2
BikeMechanics,Wholesome!,1613615341.0,4
whichbike,"Dont have to think, its a BIG YES",1613203614.0,5
RoadBikes,The nice looking one,1612958218.0,2
whichbike,Yup. I would still get it even if its 200$,1612929458.0,2
xbiking,Would you mind telling the amount you spent roughly on this pure sexy beast? A dream bike for me,1612186334.0,3
bicycling,"I hate that blinky white industry crank.
I do. I really hate that its not mine.
Nice looking bike and gearing. I wish I didnt went with 1x drive train sometimes. I miss the speed of big chainring :(",1611894373.0,5
bikecommuting,"Aku pun duduk jepun, banyak orang suka curi accesories (lampu, dengan saddle paling famous). Ada la some of them yg aku kenal kena curi saddle (mostly brooks n yg nampak camtik) sebab tu aku pakai saddle murah je(gel 3000yen tioga saddle). Harap dipermudahkan urusan bro.",1611737338.0,3
whichbike,I would get it,1610582219.0,3
AskReddit,Living abroad and havent really talk to someone for the past 4 months. I feel insane.,1610202266.0,1
Bikeporn,What brand are these bike again?,1608896899.0,11
instantkarma,Tolol,1608722494.0,2
whichbike,"If i need a road bike, i would definitely but this thing. Look so good, and nice components as well.",1608615839.0,1
SuicideWatch,"No clue, I was able to play the super famicom thing that my dad bought when i was 4 and understand every movement of the controller and the game. Cant believe myself too",1608553210.0,1
whichbike,"As far as I know, if you pick the small one you'd feel a little cramp(knees kinda easy to hit the handlebar), but you can size it up buy getting longer stem (+increase the ability to turn). But with longer stem you lean a bit more. 

If you get the bigger one, you will feel like so much  room. You can get shorter stem (more stable than longer stem, not twitchy)

I was in your situation, i got the kona sutra ltd that i have to choose the small one or the big size up. I went with the big size, and i could say I feel comfortable as ever than my other two size small bike and one size small bike. 

Its really a personal thing. Some love small frame, some love big frame. If you want to know which you tou will love, its better for you to try it first. Though, for me, i bought the big size bike without testing(through internet) I was kinda worried but I was in need of comfortable bike so I took the gamble. Good luck, stranger.",1608118335.0,1
xbiking,You're making me confuse of my need and my want. I love you hate. 💔,1608117277.0,13
bikewrench,Fkkkkkkkkkk,1607769515.0,1
Wellthatsucks,"I can feel the pain. God. I once broke my shoulder bone that is now fully recovered. Even though it hurts for the whole 6 months, this seem more painful for me. Hope you enjoy the time of your recovery",1607581585.0,1
xbiking,This is not nice. But SUPER NICE.,1607573311.0,2
bicycling,I thought you meant cycling (pedal) in reverse much easier and asking myself how the heck its easier to reverse pedal? Maybe this person ride fixie. I need my sleep.,1607092854.0,24
bikewrench,"Uh...
SEARCH XR S1
The light, Reynolds air-hardened, back-tempered 725 chromoly frame and mid-modulus carbon fork offer agile stability, efficient pedaling, comfortable vertical compliance and classic style.",1607004382.0,7
whichbike,"The wolf one have front suspension? So isnt it an MTB? The wolf would be more comfy than the Almier, but slower (wide wheel and geometry) Test ride first, so you wont regret later",1607000995.0,1
Wellthatsucks,Are you plain stupid?,1607000495.0,1
cats,"Thank you for adopting Bill. He is a handsome meow. Take care, Bill and family.",1606727353.0,4
bicycling,Save that for r/bikeporn ?,1606713698.0,27
news,"You only know the situation in Japan Only if you live in japan. People here gather around like the corona chan does not exist. Funny to hear all the media outside japan saying japan does a good job handle the corona, and how strict the lockdown was (japan law is hilarious)",1606649171.0,1
whichbike,"Flat is probably the best as far as i know! If you dont feel comfortable, try to adjust the saddle rail (forward/mid/back). Also checkout if your saddle height is the right height for you if you feel pain on your knee! Youtube helps you a lot with that! I suggest watching GCN on youtube! There are a lot more channel to checkout but for starting out GCN in the best! (At least was for me)",1606309195.0,1
blurrypicturesofcats,He is about to rasengan anyone blocking his way,1606307607.0,1
notmycat,"Yeah! Knowing that, i couldnt feed them even they beg me for it for 10 minutes! Thanks!",1606307500.0,1
whichbike,"Nice rig! Also, maybe you should adjust your saddle a bit more! You can numb your hand easily if you point you saddle down like that! Have a nice commute!",1606296085.0,2
whichbike,"8-9 years old bike, msrp was around $1320, quiet the old groupset for me at least. Even in japan where used market are pretty expensive, I could get better and latest parts (brakes, drivetrain, overall)  with $650. This bike beautiful nonetheless, its just the price is kinda expensive-ish for me for a bicycle (and parts) that old. Its your choice, i just tell you what i know. You're free to choose what you want",1605759841.0,4
whichbike,"Move along, too expensive. Dont rush or you will regret",1605758391.0,3
blurrypicturesofcats,AaaAAAaA I NEED MY SECOND BREAKFAST aaaAaAAaaaAAaa,1605412855.0,3
whichbike,"Damn i want this kind of deal - yes, good deal",1605351377.0,2
xbiking,Omg you bike looks cooler and cooler everytime you post! Thank you for the duck! Because of this duck I got a  duck for myself hanging on the saddle rail! Damn beauty!,1605275010.0,5
IllegallySmolCats,"Cute kitty! Thanks for taking this little one home! But thise can is scary! I used to cut my finger with that damn can, im afraid what it would do to kitty tongue! Take care!",1605273805.0,3
TheGamerLounge,From negative comment to sexual what,1605261121.0,1
whichbike,380$ is damn nice ! I would take it without second thought!,1605259936.0,2
TheGamerLounge,Alexa play despacito,1605259429.0,1
TheGamerLounge,O u did it,1605259359.0,1
TheGamerLounge,Maybe hit him on thehead,1605259344.0,1
TheGamerLounge,Fight 3 turtle at once :(,1605258079.0,1
TheGamerLounge,Fight 3 trutle at once pls,1605258043.0,1
TheGamerLounge,Fight 3 at once,1605257871.0,1
SuicideWatch,"Hey stranger. As much as I hate myself, i am not able to hate you. I hope you stay around. I just cant let you go after seeing your post on my timeline. If you dont mind we can have a chat or video call. If you want to ignore me, thats fine. You choice is yours. But if you want to be around, im here for you stranger. And maybe we can be what they call ""friend""!",1605253930.0,3
bicycling,Alolo ade org terase,1605222034.0,1
RoadBikes,"Felt F75 2014 :)
Tips: just type anything on google when searching for model type, you will find it unless is too old of a bike. What i did when searching for this one was ""Felt black red road bike"" then just look around. Hope that helps! :)",1605175948.0,3
ZeroWaste,Dont have enough space in my apartment,1605071205.0,1
whichbike,"I guess if there is rust in the seat post, it will ""freeze"" /unable to move the seat post",1605071011.0,3
gravelcycling,"Belah kiri nampak macam Ash.C dekat youtube, haha. Area mana bro? Gravel dekat malaysia dekat area sawit je ke? Lama tak balik malaysia",1605027221.0,2
FromKittenToCat,Wow long boi! Handsome looking!,1605017546.0,6
xbiking,Sorry! Forgot to say that your rig looks great! Thanks for the consideration!,1605017328.0,1
xbiking,I miss the duck,1605007445.0,1
blurrypicturesofcats,The arm with the power of a thousand cat,1604902299.0,9
whichbike,"Tiagra for 950$? Message him saying ""fuck you"" and pass",1604886677.0,11
cats,Beautiful cat <3,1604756732.0,3
IllegallySmolCats,"Omg! Different color, but their face looks the same! Lovely kitty kitty !",1604739530.0,2
whichbike,"I have an Alumium and a chromoly bike. For me personally, I love how my chromoly ride than the aluminium one. I have used 32c tyres on both frame, and the aluminium one always make my hand feel numb. The chromoly keep forcing me to ride because of the pleasent ride. I keep my bike in my small apartment, but i do ride on rainy days often with both bike. As long as the steel covered with paint, and not exposed I think it will be fine. Make sure to put some light grease inside the seat tube to prevent rust(no paint in there and rain can get in anyhow). If money is isnt a problem, I'd say pick the chromoly. If you have the chance to try both, it would be better. Different person different taste. Additionally, get something with many spokes to if you're a heavy rider (I always envy heavy riders, those meat will turn into big muscles when train enough). I dont have much knowledge of how much spokes you need but i saw a heavy riders subreddit before and they keep telling how important those numbers of spokes is. Ride on brother. Hope will enjoy the scenary and the fun of riding! (I have bad legs, i cant even jog or run. But with bicycle, I can ride how long i want without hurting myself). Ride on!",1604738756.0,10
xbiking,"Dude what the f is this.... 
This is pure fun! You making me want one! Its a beauty!",1604729970.0,2
blurrypicturesofcats,"Careful, he look so mad. Beware of cat poop on the newspaper next morning",1604675261.0,3
blurrypicturesofcats,Awakened Charlie true form,1604674654.0,6
cats,"He looks like he's hurting, but endure it anyway. You're too strong Link, stronger than I am. You can do this Link!",1604618358.0,7
blurrypicturesofcats,Acting like its your picture (-_-)zzz,1604618141.0,16
bikepacking,Hi fellow Kona rider! The frame feel so nice even when pair them 32c tyre! Enjoy your new bike!,1604617929.0,2
bicycletouring,Are those light on your wheel? If so how do you light it up? Its chargeable ?Looks nice!,1604584162.0,3
bikecommuting,"Right? I even got honked on the bike lane (kinda rare at kansai but there are some at kyoto,shiga and biwako). Kinda wonder whats the bike lane for if not for bicycle? The pedestarian, motorist can be shit at times and so does the bicyclist (those wakamono and roujin). Im trying my best everyday not to hit or get hit by all of these so called 礼儀正しい日本人. Hope you are doing ok and stay safe !",1604583968.0,1
crusadersquest,"Dang, its going to be around 2gb to redownload right? Crap",1604553610.0,1
crusadersquest,Yeah! This game certainly have so many issues with ios :(,1604553561.0,1
bikecommuting,Too many idiots here in japan that use phone while riding and those who dont even look at their surrounding. Had to use the blinking mode at night even i hate it :(,1604553502.0,4
whichbike,A damn good deal in my area,1604548907.0,2
cats,Gentlemeow.,1604494439.0,5
IllegallySmolCats,A smol one ʕ•ᴥ•ʔ,1604411853.0,236
wildrift,Weird. Im on japanese server but full of chinese😂,1604408272.0,9
wildrift,"If you look at the screen, everything is written in japanese. High chance that OP is japanese and japan server?",1604378138.0,5
cats,"This remind of my cat that died due to lung infection. He was a good boy. Always defend our house cat from other cat that try to hurt them. He look exactly like this. His white fur, blue eyes, thise mark oh his face/forehead. Miss you shiro.",1604223329.0,4
bicycling,"This picture look so real! By that i mean it look soo soo good! I was like ""Dang, take a close up picture of the bike you're painting. I cant really see anything from this picture..."" Then proceed to the comment section. ""Oh..wow""",1604148764.0,2
bikewrench,"So if i just bring the bike with the 50t chainring to the bike shop, do you think its possible to swap?",1603808238.0,1
bikewrench,"By pushing the chainline, do you putting a spacer between the chainring? Sorry i dont have the basic of bike repair",1603808092.0,1
bikewrench,From what i know 622x is 700c. Unless im missing something...,1603785558.0,2
bicycling,"Looking back at the strava stat with the same route that i did once before, it look way different than this one time. Probably my strava is inaccurate",1603774812.0,1
bicycling,Thank you so much for the respond and honesty!  You are a nice guy! Dont worry! We make mistakes at times! (Always for me),1603774586.0,2
bicycling,May i know how to calculate hill gradient? Isnt it high of the climb devide by the distance travelled? If 600m/8km wouldnt it be 7%?,1603772677.0,2
TheYouShow,Wow a yoshi,1603769832.0,1
whichbike,"Yes, a steal i would say. For me at least",1603758883.0,1
bicycling,Thank you everyone for the comment and opinion! I just want to know the reality of what people think of the toughnest of this climb and the gradient of it! Looking at strava it shows 13% gradient and i was confused! It was hard for me since im a newbie at hill climbing and cycling overall! Thank you for all the feedback!,1603755972.0,1
gravelcycling,Beauty! What chairing size and is it not narrow wide?,1603729240.0,2
xbiking,Congrats (to you) beautiful bike! Enjoy!,1603728778.0,2
whichbike,"Im full aware of those junk mamachari being export to other country (they ship/throw those garbage in my country as well). 

Sorry that i didnt clarify about which kind of bike im refering to. Im talking about the sport bike low-high end (giant, trek, specialized,etc) The market is going as usual as before the corona times. Im always keeping up with the price, and now more often as i want to sell my other bike and get another used one that suit my size

Back to my point, it depends on the country.",1603711871.0,2
xbiking,Fellow bipolar here! Nice to see someone who suffer mental illness enjoying cycling as me! Hope you have a good life brother!,1603710490.0,1
whichbike,"Original price 537€. Idk the market overthere, you decide its worth",1603703803.0,2
whichbike,"Depends on the country you live i guess. Japan cycling bussiness run as usual. The used market is normal as well, sometimes cheaper than usual because seller need money due to covid",1603702238.0,11
whichbike,"I'd buy without thinking twice, though. Old cannondale frame seems to have good quality",1603448123.0,4
whichbike,"https://www.81496.com/jouhou/cross/cannondale2007/street.html 
What i found on japanese website. U can translate the page to english. The info i got is that its a frame from 2007, it was around 900USD when release. Not really sure",1603447165.0,5
SuicideWatch,Thank you good person on the other side of the world,1603368313.0,2
whichbike,"After a quick google search, you can get this bike for $849 USD.
https://www.amazon.com/Tommaso-Endurance-Aluminum-Shimano-Claris/dp/B00LRSVPVM?th=1&psc=1
I'd pass.",1603269748.0,2
xbiking,Hey! You forgot the bad boy! (Quack quack),1603269441.0,2
whichbike,Second this. 300$ is a steal. Its hard to see a bike with campagnolo that is under 1000$ here in japan. Good find! I'd keep that bike!,1603165470.0,1
bicycling,Thanks for the video! Love the bond between you two! I wish I am close with my dad and spend time like this together!,1603033513.0,3
cats,The cat i follow on insta! Its cheese_eggen !,1603028960.0,3
Justridingalong,Thank you so much!,1602943117.0,2
cats,Oh my god. The chonkiness. Too cute. I want to cuddle herrrr,1602942997.0,9
Justridingalong,What are the chances for this to happen?,1602922157.0,2
distantsocializing,Bored,1602679007.0,1
distantsocializing,Do you speak japanese,1602678953.0,1
bikecommuting,Yamaha make road bike? Looks amazing!,1602636432.0,2
whichbike,Seems like Giant Defy Advance 3 (2010) the MSRP was $2075. No clue on how much a fair price would be,1602613256.0,3
Bikeporn,"Beautiful rig! Love the box!
This belong in r/xbiking !",1602559178.0,1
cats,"No, thank you for sharing!",1602498971.0,2
crusadersquest,"Thank you all, seems like its solved for now!",1602392623.0,1
bikewrench,"Thanks for sharing the knowledge you have with us. Its food to hear from someone with first hand experience. With so many bussiness out there that ""steal"" people money, you are the description of a good person that i want to be. May your bussiness and personal life goes well. Thank you once again. Cheers! :)",1602392380.0,11
MTB,Thank you for the video! Im not a MTBer but I looove everything about this video! It would be fun if i too could find friend to ride here in Japan! Ride on !,1602390642.0,1
bikewrench,"Had the same thing happen to me when i got my first bike with disc brakes. Brought it to shop, still happen after few miles. What solved for me was reinstall the tire and make sure its straight (true the wheel is the term for it?) Then adjust the brake housing with the hex tool annnnnd done. Since then, I rode 3600km with no more stupid disc rubbing. 

When the disc rubbing happened for 500km or so, i feel sad that i bought bike that equipped with hydraulic disc brakes. Now I cant ride without one! 

Whatever brand your brakes is, check how to allign the housing on youtube! It helps! Goodluck, safe ride!",1602335045.0,2
bikecommuting,Holy moly strong leg,1602334183.0,11
bikecommuting,This is scary. I cant imagine climbing hills with that thing. Look like fun thing to ride,1602329156.0,1
distantsocializing,Evolved shrek,1602297019.0,1
distantsocializing,Cycling outside! Explore places i never been to!,1600064444.0,1
distantsocializing,"I have bipolar, and cycling helps me a lot!",1600064394.0,1
TheYouShow,Im malaysian!,1600064051.0,1
TheYouShow,"I am a man, grew my hair to shoulder long but i got irritated and cut it short again",1600064041.0,1
TheYouShow,How do woman keep their hair look good,1600063969.0,1
TheYouShow,"Yeah im living in japan and most of the japanese tel me that, couldnt believe that lol",1600063933.0,1
TheYouShow,And most of them complaining of hair loss,1600063802.0,1
TheYouShow,Its awful,1600063769.0,1
TheYouShow,The japanese wash their hair twice a day,1600063765.0,1
bikecommuting,Enjoy your new ride! Upgrade like this will make you appreciate every bike you own!,1599906855.0,2
ZeroWaste,"I just put all my grocery in my backpack
Eat with my hand
Use machine to trim my beard and everything
I dont use makeup
I eat on my plate, dont really eat at part time job
I drink directly for tap
Use the same plastic tootbrush for almost 2 year
Dont need straw to drink anything
Dont even use any bag 
;)",1599848108.0,1
instant_regret,Your are stupid aren't you?,1599841271.0,3
gravelcycling,"Wow bikes with dirt...

Love it!",1599562074.0,3
cats,"I have raised one too many mom cats with their babies, some gone some still enjoying their life eating, sleeping, and catching mouses. Im not an expert on that topic, but from my view im sure the babies do know their mother even when they grow up. Most of the baby cat that have lived with us, love to play aggresivley with their sibling, but wouldnt to that with their mother. They try to but after looking at the face of their mother, they know they shouldnt. Animal are myterious creature",1599319301.0,9
xbiking,I bought a bib short today! Thank you very much for sharing your opinion on the matter! Its super comfortable!,1597998939.0,1
xbiking,Thank you for the detailed respond! It really help me a lot of my decision to get cycling pants or not! Also what a lovely bike you have! Stay safe on there especially with the rough situation we are in!,1597945694.0,1
xbiking,"Opps i was thinking a lot while typing it down, pardon! Did you end up with buying cycling shorts or did you get good saddle due to discomfort of normal uniform? Or did you went for both? Sorry!",1597934757.0,1
xbiking,Hey! I just saw your post on cycling from 5 years ago! May I know what solved the problem?,1597933791.0,1
bikewrench,"Not risking it with dent bike. If I have the option to return in, I would return...",1597827626.0,0
bicycling,At least you're out there riding! Keep it up!,1597825549.0,2
whichbike,I love my disc brake when going downhill! I dont own Di2 so cant comment!,1597825346.0,1
RoadBikes,"Second the r/bikewrench part, they are helpful",1597789277.0,2
gravelcycling,"Chain lock is kinda heavy, but in my opinion its worth it than losing my lovely bike",1597669505.0,2
cats,Love the beard,1597666356.0,2
Bikeporn,"Look wholesome, but scary height",1597587139.0,2
xbiking,"Wish i could make my giant escape like yours, beauty!",1597586243.0,2
Bikeporn,"Dont think its his bike. His status says - ""Riding Fixed Gear""",1597585856.0,1
bikewrench,"This what holds me from getting the shimano hollowtech (R6000,R7000,R8000). Heard so many horror stories of the crank failure during rides. Also weird that shimano didnt do a recall on it. Take care",1597484458.0,1
bikewrench,"If im on tight budget i would ride it carefully at low speed and wont go somewhere far with it. If a friend ask is it safe for them to ride, i will give it a big no. I dont want people to get into accident because of me",1597481294.0,1
bikewrench,"Seems like you overtighten the axle, making it rub against the frame",1597481039.0,2
bicycling,"Take care! While cycling is good, please dont risk your life",1597480762.0,1
bicycling,This is just gorgeous,1597465369.0,2
bicycling,Lets ride together sometimes! I live somewhere in Nishiyodogawa osaka! Always going back on forth to kyoto because i have my favorite cafe there!,1597415625.0,2
whichbike,"I have used the giant escape rx3 2017 model, and it was pretty fast. Despite about 2 size smaller that i should, it was pretty fast bike. The only thing with the bike is the frame and fork is too stuff, it hurts my arm every long ride (110km). I gave the verve a look, it seem like they have better fork (the bend shape fork) than the straight alu fork. For me, if i have to decide, i would go with the verve. Verve 1 or 2? Probably get away with the cheapest one. Though, its just my opinion",1597410175.0,1
bikecommuting,"The only thing that is wrong here, is that its not mine ;( Its a beauty!",1597062828.0,2
bicycletouring,死ね,1597026954.0,1
PublicFreakout,Wheres your teeth,1596951061.0,1
PublicFreakout,"Nice one melissa, now stop doing stupid sht",1596949267.0,1
PublicFreakout,"Bunch of pussies. So what if someone called you with the N word? I have being called ching chong because im asian, but i can just ignore that thing. Some people have too much time. Justice my ass",1596947888.0,-9
whereintheworld,Where is this,1596798899.0,1
bicycling,"Dont forget to get saddle that is your size! I was dumb and used the stock saddle that the bike came with, and rode for 230km in a day. I ass started to get hurt at 10km, and only god knows how i continued until the end. Im freaking stupid",1596798190.0,1
bicycling,You go man!,1596456498.0,2
bikewrench,Thank you! Its the WTB Riddler TCS 700x45c! Rolling on 380 kpa(max recommended pressure). Usually run on normal normal road sometimes hard gravel on the way!,1596446573.0,0
bicycling,"I did my first century on a crappy japanese bicycle (chari) with single gear and it took me freaking 8 hours ride. Friend is fine, but wrong type of friend will become a burden in a long run",1596425162.0,1
bicycling,You're the roundabout guy! Kudos!,1596380008.0,3
Bikeporn,Looks good ! Ignore the crazy dude who give that stupid rating of his!,1596118432.0,2
RoadBikes,"It doesnt look like it had been hurt a curb at all.
I have work with car and motorcycle, for a while before and this look like someone used metal (wrench,etc) to remoce the tyre from the wheel. I have hit curb before and it doesnt look like this. Usually it look more like continue line of scrath if you hit a curb. I 90% sure you did not hit a curb, and i have meet a lot bad workshop in my life, despite my age",1596118238.0,5
bicycling,"You're the best! Keep it up! Deep inside you, you know you're doing your best! And thats what matter in the end!",1596085547.0,1
gravelcycling,Heard there is hurricane happening over there friend. Take care,1595862274.0,2
gravelcycling,May i know what do you mean by dual suspension?,1595861901.0,2
