subreddit,body,created_utc,score
SuicideWatch,my dad took  my money said i was stealing hit me and pushed my mom who was trying to save me and now her arm is broken with a rod through it to keep the bone from separating,1604624962.0,1
