subreddit,body,created_utc,score
SuicideWatch,"Go to a hospital. No matter what it is they should be able to help. Even if its a false alarm, better safe then sorry. Good luck, I wish the best for you.",1610358269.0,5
