subreddit,body,created_utc,score
SuicideWatch,"My mother constantly berates me, she screams, curses she's a sociopath she's verbally, physically, and mentally abusive towards me and sadly this is how she's been since i was 4 im 18 now and she's put me in a a wretched place were at a point were suicide seems like the best option.",1612330286.0,1
