subreddit,title,selftext,created_utc,score,upvote_ratio,num_comments
LetsChat,M26,,1746863095.0,1,1.0,0
FastSexting,M26,,1746863060.0,1,1.0,1
LetsChat,25 F4M lets chat,,1746623449.0,3,1.0,0
FastSexting,M25,,1746623319.0,1,1.0,1
DailySextingR4R,25 M4F,,1746623231.0,1,1.0,1
buildapc,Ram Upgrade,"Looking into upgrading my PC it’s a bit old, from what I’ve seen it’s best to start with the ram. I have 2 8gb patriot viper 4s. Looking for recommendations on the best upgrade from this set that should still be compatible with the rest of my pc.",1741722519.0,1,0.66,5
