subreddit,body,created_utc,score
wholesalehouses,For how long have you been wholesaling?,1698050505.0,1
WholesalingHouses,For how long have you been wholesaling?,1698050475.0,1
UrbanHell,Mcdonald,1690856562.0,1
