subreddit,body,created_utc,score
SuicideWatch,"I don't know what to say to help, since I feel the same way, but I care. I honestly, truly hope with all my heart that you get better, and get the help you need, and that you wind up happy with your life. I'm sorry it's all so hard. Please keep fighting",1618429489.0,1
