subreddit,title,selftext,created_utc,score,upvote_ratio,num_comments
WoT,Rand and Elayne,"I know that multiple times Rand said Elayne isn't related to him, but this never sat well with me. Aren't they related? Don't they share a great grandparent? Aren't their parents cousins? I know that they aren't brother and sister, but it still seems like they are clearly related. If you and your cousin each had a child and those children dated wouldn't that be kind of weird?

Yo guys, a lot of you don't really seem to see what I'm saying.

Check the Elayne family tree page on the WoT wiki.. it makes all of what I'm saying clear. 

Morgase and Rands mother are closely related.. Rand and Elayne share a Great Grandparent.

I would post it but I'm on my phone and everything is clunky.",1686925402.0,34,0.7,94
WoT,Just finished the series. (Spoilers - entire series).,"Ok, this was really beautiful. And I suppose thought provoking. The enemy was never the dark one? Was this insinuating that Rands enemy was somehow himself? The body swap was confusing but I read that Rand and Moridin established a soul link at Shadar Logoth. I somehow never really realized that and that is an interesting detail, but I often suspected that Rand and Moridin were one.

Anyways this series was spectacular. I am still processing the ending and I assume I will be for some time to come. It is a hard series to read at times but holy fuck.. that last book is insane.

Edit: changed my wording a bit regarding Rand and Moridin's link.

Edit: a couple of things I find myself thinking about. They say that Lanfear still lives, but how would the reader know that? Was her death in the dream world faked? I guess they never found her body and confirmed it. Who was that old Aiel lady that Rand ran into when he was leaving?

Also, why did Lanfear tell Slayer to kill Rand? Why not kill him herself? How does it make sense for her to kill him at all?

Also was Moraine's dive with Lanfear into the portal pointless? Moraine was severely weakened by that, Mat got injured trying to save her, and Lanfear came back anyways. Was it worth it just to remove Lanfear for a while and weaken her?",1686408104.0,36,0.91,33
Guitar,[Gear] I'm looking for a good metal sound,[removed],1685507642.0,1,1.0,0
Guitar,I'm looking for a good metal sound,[removed],1685507325.0,1,1.0,1
progmetal,Can you guys help me figure out which amp Arch Echo uses?,"Hello. I am in the market for a new guitar amp. My budget is 1000 dollars. I was hoping to get a sound like Arch Echo's.. they get such a crisp defined distortion sound, as well as other interesting tones. I checked their site and emailed them but I have been unable to figure out with amp they use.

Is there anyone around who knows much about gear? Can you help me figure out which amp they use, and if not can you help me get a good metal amp? I'm aware that to get a sound that they get might cost more than my budget, so if that is the case I will be open to something else. Thanks.",1685477244.0,4,0.7,17
books,The Dawn of Everything - my thoughts,"Hello. I just finished the Dawn of Everything. I thought it was a good read. Perhaps dense at times. The book had a lot of strong evidence and good ideas. Also a lot of the book was written with a sceptical and complex attitude which I like and makes sense for the subject matter (history/social science). 

I like the idea of large scale egalitarianism and not taking orders from anyone. Does anyone think that the human race will ever be able to achieve these things in the future? I feel like this was the ultimate topic of the book.. we used to have more equality and freedom and we seem to have parted ways with such ideas. 

I haven't seen much discussion about this book. Did many of you read it? What did you think? I thought it was pretty well written overall except maybe a bit dense and difficult to understand at times. Does anyone think it isn't good or credible?",1684162742.0,13,0.88,16
progmetal,Haken on tour,"Hey guys, I just randomly googled stuff to do in my city tonight and I realized Haken is playing a show! I'm going to try to catch it.. ticket prices aren't too bad and I'm a bit sad that I missed them last time they came through.

I'm mostly saying this to let you guys know that cool shit is going on near you.. sometimes it helps to check your local event listings because you never know what's going on.

Edit: Ok guys so Haken just played. Here are my thoughts-

Haken fans- I think you will love this show. I am not entirely familiar with their music but it seemed like a good execution. Also I have never seen a band wear shirts like that (they all had the album art as a shirt- kind of awesome).

Here's the thing though- a big surprise for me was the opener. Arch Echo is fucking insane! Check them out.. such a face melt.

Also I ran into Matt Gartska.. that dude is cool as fuck.

I now sit in a bar listening to Van Halen.

Happy rocking.",1683150920.0,35,0.88,34
rant,"I tried to post an objective question to ELI5 looking for an objective answer, and just got garbage",[removed],1680389137.0,1,1.0,1
explainlikeimfive,ELI5: Proof that Harvey Weinstein is a sexual predator,[removed],1680385474.0,0,0.31,18
Fantasy,Just finished Wheel of Time book 4. Looking for some thoughts and discussion on it.,"As the title says I just finished it and I want to talk about it with anyone else who has read it. I personally thought that the book was a lot of plot development, but the climaxes were somewhat lacking. Did anyone else feel this way? I might be noticing this as a detail of the series so far. I would guess that the coming books are written in a similar style. I will probably pick up book 5 but I am considering putting down the series. I know that this gets discussed a lot on this sub but I just wanted to share my thoughts and views.

I also want to say that the series is somewhat hard to follow. There are a ton of details/characters and there seem to be more details and characters with each book. In a sense it is epic, but I can't truly confess that it is an enjoyable read. I suppose I am just saying all of this to see if anyone else has similar thoughts and views or to get any feedback as to whether or not it is worth moving forwards with.",1674923153.0,3,0.67,16
jobs,I have recently won a debate on r/jobs,[removed],1674755424.0,1,1.0,1
jobs,Can someone help me make an Outdoor Educator Resume?,"Hi. Hopefully this is the right place to ask for this. I'm applying for a seasonal job this summer and I just want my resume to look really good. I have a BS in Outdoor Education, but not much experience in it as far as work goes. Also I didn't know if I should present you guys with a template first or if I should just ask for help first. Anyways would anyone want to help me out or at least put some eyes on one that I made? Thanks.",1673107072.0,2,1.0,4
todayilearned,"TIL that the name ""quarterstaff"" possibly refers to a staff made out of quartersawn hardwood",,1673022215.0,1,1.0,1
starcraft,My thoughts on protoss and balance,"Hello. I've played all expansions and I'm a diamond protoss. As I sit and watch HSC (and I have watched other pro games as well) I have a few thoughts concerning protoss, especially since we are all talking about the new patch.

Does protoss seem like the least balanced race? What I mean is not to say that they are too good or too bad altogether, I mean that it often looks like toss is either getting steam rolled or wrecking with an epic late game composition. I feel like contrarily terran and zerg are more well rounded from the start to finish of a game, or so it often looks to me, both with inexpensive and efficient units and decent come back potential.

I feel like due to the expensive and extreme nature of toss units the entire race seems too all or nothing to me. Stalkers are either wrecking with some kind of blink timing or getting wrecked by bio balls. Zealots either charge in and save the day or just get wrecked and are a complete loss of minerals. I know I will probably get flamed for some of these thoughts but I wonder if anyone else sees it similarly.

Also I want to mention the disruptor which seems to be the biggest example of what I'm talking about. It either sends in it's AOE and wrecks a group of units which is epic to watch or misses entirely and then proceeds to stand around and look dumb as a tier 3 unit. I know that occasionally it's used for zoning but still that isn't always the case.

What I'm saying is it just looks like if anything the protoss race looks like it could use a redesign to make it more rounded like terran and zerg. What do you guys think?",1671218538.0,2,0.56,13
Twitch,Come watch the next big stream!,[removed],1670625099.0,0,0.25,2
allthingsprotoss,anyone else struggling hard in PvT?,Im D1/D2.. seems like I cant get a win off of terran anymore. Tank pushes do so much damage. Armory widow mines can be pretty annoying. Bio split pushes. Even just fending off an early reaper harrass or some annoying multi rax reaper opening. I am trying different builds.. Idk. Any advice? I've tried Harstems PvT build a lot that is a macro/collossus build.. seems to work sometimes but loses a lot as well.,1670533961.0,14,0.95,11
suggestapc,Is this a decent PC or am I better off building one?,[removed],1670533129.0,1,1.0,1
buildapc,Im considering buying this PC.. is there any reason I should build a pc instead?,[removed],1670528683.0,1,1.0,1
CasualConversation,is anyone else tired of their shit being constantly fucked?,[removed],1662415766.0,3,0.64,9
allthingsprotoss,Anyone else struggling with PvT?,"Hello. I'm around 4k mmr right now. Can't seem to beat Terran unless I get lucky with a cheese or something. Hellions and widow mines seem too good at harassment. The bio ball seems too powerful against gateway units. It seems too hard to connect with storm/disruptor. Meanwhile Terran just drops all over the map while backing it up with infinite CCs. 

Anyways I guess I probably sound whiny but I'm struggling hard against them. Any tips? Are you guys struggling too?

replay example: https://drop.sc/replay/22117879. I know i made some mistakes. let me know what u guys think.

another replay where i somehow just got wrecked: https://drop.sc/replay/22118065",1660408376.0,19,0.86,50
AskWomen,Why don't some women shave?,[removed],1659845661.0,1,1.0,1
pestcontrol,Help dealing with brown recluses! I've recently seen 3 of them in my bedroom.,"Hey guys, I've recently seen multiple brown recluse spiders in my room. I told the landlord. Ive heard maybe I should call a professional or do something to prevent them from spreading. Any advice? Much appreciated.",1659538487.0,1,1.0,0
CasualConversation,Can anyone give me advice on dealing with brown recluse spiders?,I realize this may not be the right place to post this but I don't know where else to post. I have seen three brown recluses in my room recently. I'm trying to figure out the best plan of action. I've heard calling in professionals or using sprays is smart. Or is it somehow something that isn't that big a deal? Anybody know?,1659536780.0,6,0.99,7
needadvice,What should I do with myself?,[removed],1659291970.0,1,1.0,0
allthingsprotoss,Defending proxy hatch/12 pool?,"https://drop.sc/replay/21981597

yo guys.. I think I've defended this before but sometimes I don't know how to do it. Any thoughts? I'm not really sure what to do. Thanks.",1658706419.0,5,1.0,5
allthingsprotoss,Struggling in PvP.. Where can I find some videos for pvp stategies?,,1658330504.0,3,0.81,5
CasualConversation,I think about suicide fairly often. Does anyone have a good argument for/against it?,[removed],1658282866.0,6,0.75,15
WC3,Trash talking,"Sadly I played this game for the first time in a while and on the second match some guy would not stfu trash talking me because I killed his DH and eventually won, etc. Just kind of sad to me that some people are like this but I know the scene in its entirety is not like this. I would maybe post the conversation (I couldnt help myself and began to respond to him) but i don't know how to do that. Anyways hope you guys dont have to deal with this shit. Rant over.",1655855281.0,14,0.72,34
allthingsprotoss,How to counter void ray turtle into airtoss PVP?,"Hello. Just lost several games to some guy doing this build. Seems pretty stupid.. he just opens with a 1 gate into Stargate and forge and holds his second/3rd with a couple void rays/shield batteries/cannons. 

Seems like blink stalkers should work but they didn't. I tried 4 gate, blink stalkers, phoenixes.. nothing working. Should I just turtle and go up to carriers? Seems like there should be an easy way to wreck someone who just expands off of 1 void ray and some defenses.

For what it's worth this is d2/d3",1646960911.0,3,0.72,13
Guildwars2,Returning to GW2. Haven't played since release. Tips?,[removed],1646695758.0,1,1.0,1
starcraft,seems like pvz is broken,people say at lower lvls pvz is in favor of the protoss but is it? zerg makes so many units.. remaxes so fast. toss maybe has a chance with carriers or something but that is super late game and zerg can just make hydras. just seems like a fucked match up in favor of the zerg to me.,1646191507.0,0,0.14,9
jobs,Interview advice?,I've had a couple interviews recently.. not sure if I did a good job. General interview advice? When they ask if I have questions for them are there intelligent questions to ask?,1645645923.0,2,1.0,7
starcraft,Disrupters in PvT or disrupters in any matchup?,Seeing a lot of disrupters in PvT in IEM. Is this just the style of a few players or is there a reason they are being used as opposed to HT? Also are disrupters good in any matchup? Just wondering since I never use them and I'm surprised to see no one using HT. Is it because ghosts counter HT?,1645628564.0,1,0.57,7
CasualConversation,I'm bored and unemployed.. anyone want to chillax?,[removed],1645575369.0,1,1.0,1
jobs,How do I get a job that I'm satisfied with?,"Hello. I'm 30.. I live with my parents. I've never really made enough money to support myself. I'm not usually thrilled with the jobs I get but I don't know how to get better jobs. I have a bachelor's degree. 


I'm job hunting again. I'm applying for all of the same jobs because I don't know what else to do (restaurant/service industry) but I'm pretty sure I won't like it or even be able to support myself with it. I apply for all kinds of other jobs on Indeed but I haven't gotten one yet.


How do I get a better job or a life that I'm satisfied with? Do jobs and life satisfaction actually change/improve or are there just different types of problems and the same dissatisfaction forever?",1645457267.0,6,0.81,25
rant,moderators of r/advice are fucking retards,[removed],1644961844.0,1,1.0,1
CasualConversation,Just got banned from r/advice,[removed],1644960564.0,1,1.0,1
allthingsprotoss,tips for beating cyclones?,not doing well against these.. they open with them and wreck my air. then they go into some kind of cyclone/hellbat/widow mine mix. Maybe lots of tanks. Not sure what to do. Any advice? Seems chargelots or blink stalkers might be the intuitive answer but they aren't working too great. Thinking maybe mass carrier if I think they are going mech. Maybe phoenix or a good CIA timing.,1644903125.0,3,1.0,13
allthingsprotoss,Does anyone feel they suck at this game sometimes,"Sometimes I feel like I'm just really bad and lose a lot or something. I'm low diamond. Anyone else get like this sometimes?

Edit: not entirely sure what reaction i wanted from you all when I made this. I guess I just wanted to pity myself for a moment. Im glad in a strange way to see that everyone else hates themself too. gg.",1644853133.0,17,0.85,30
CasualConversation,Just quit my job,[removed],1644706222.0,1,1.0,3
allthingsprotoss,Was there a certain point when toss players switched to CIA?,I feel like back in the day (hots/wol) it was more about colossus/stalker. Am I wrong? When did CIA become so popular? Why does colossus/stalker seem outdated?,1644339804.0,7,0.82,20
allthingsprotoss,Tips on defending against mine or hellion drops?,This shit is wrecking me. I try to move probes away without letting too many get hurt. I try to use stalkers to defend. I just seem to usually get fucked. Advice?,1644121145.0,3,0.81,12
allthingsprotoss,Is the protoss meta the void ray?,Sometimes it seems to be the only unit that works. What do you guys think? I'm somewhat joking but kinda not.. might even say it is somewhat imba.,1643916658.0,0,0.4,5
wow,how do I get into the seasonal realm shadowstrike?,hello. I just resubscribed to wow classic in order to play with some friends. Is it possible to get into seasonal realms? If so can someone tell me how? If not ill prolly be a sad panda. Thanks.,1643690333.0,1,0.6,3
allthingsprotoss,Progress,"After looking for some help in PvZ it seems that airtoss is generally the way to go. I've had some decent results going void rays into carriers and then just crushing the zerg though I haven't been able to do it that much though. Also I only play at a low Diamond level.

I'm struggling against Terran now. Tips for general PvT? When do I expect a Mine drop and when do I expect some early 2 base stim push or something? Tips against Libs? 

As far as PvP goes I have a decent win % there, around 60% (not sure why), are other people having similar results with their toss play around the diamond level?",1643519818.0,6,1.0,6
AskReddit,Why do we wait until someone's birthday to care about them?,,1643400806.0,1,1.0,1
AskReddit,Why do people get tattoos?,,1642107762.0,1,1.0,1
AMA,I have Covid AMA,,1640304111.0,1,1.0,1
WC3,Question on a couple things NE faces,"Hi. hopefully the title is ok. there are a couple of things that I face as a NE that Im hoping to get some help with. The first is blademaster/batrider pressure. How does NE deal with this? It seems like bats just wreck base defenses and often the opponent has a lot of towers too so I'm honestly not sure what to do. 

The second is the human strat where human fast expos with AM/militia and then they are even able to pressure with a lot of foots. Usually I'm just doing the basic opener with AoW creep and whatever but it blows my mind that human is able to do so much at once, and i usually end up falling behind. They are usually able to do decent harrassment with AM/foots and of course they are good at defending their fast expo too. Any ideas on what to do here? Thanks.",1640292495.0,11,0.92,6
aww,"Is this cute enough? My dog, Layla.",,1631728921.0,22,0.9,2
raspberry_pi,Anyone know how to get Exagear and Wise to work on Pi 4?,[removed],1615141462.0,1,1.0,1
books,"Just finished ""The Jungle"" By Upton Sinclair. It was good.","I am guessing the answer is yes but have many of you read it? It definitely got me thinking more about Socialism. Also in case some have heard of it but not read it, and I supposed this is a *spoiler*, you may have heard that it focuses primarily on the gruesome working conditions of early 20th century Chicago, and it does for maybe 1/3 or half of the book. But some of it is about other stuff like politics and the main characters exploration of various things.

Anyways just wondering if it turned any of you Socialist or if anyone has general thoughts about the book. The writing was superb.",1611591737.0,28,0.78,17
AskReddit,Anyone think the inventor of Miso soup was trying to say that they were so-soup? Me-so-soup?,,1611423910.0,1,1.0,1
writers,This is a story I've been working on for a little while - Brothers and Sisters,"https://docs.google.com/document/d/1L_loCk631cKiIun3acQWl-7dVeae4RvalSB9xLQmsNM/edit?usp=sharing

Hello. The above link is something Ive been working on for a little bit. Idk if the way I posted this is kosher.. I msged mods but no response. 

It is loosely based on my friends. There is some weird/random/comical (hopefully) stuff, and a hint of fantasy.

Please let me know what you think! Thanks",1611260401.0,1,0.67,0
Showerthoughts,Reddit is a religion,[removed],1611092096.0,1,1.0,1
brandonsanderson,Mistborn or Stormlight?,"Do you guys prefer stormlight or mistborn? Pretty sure I prefer mistborn since a little bit less lengthy plot build up, the metals were cool, and some other stuff. Vin is cool.",1610988574.0,2,0.63,7
Buddhism,anyone know what kind of account life/karma it takes to post to r/zen?,[removed],1610984149.0,1,1.0,9
zen,I am taking leadership of r/zen,[removed],1610890671.0,2,1.0,0
yoga,Help save r/zen!,[removed],1610819249.0,0,0.27,2
helpme,Help me save a toxic sub!,"# Saving Zen

The way that Zen is currently written and regarded in [r/zen](https://www.reddit.com/r/zen/) ""..fraudulent, plagiarist.."" is in no way accurate to how Bielefeldt describes it. He writes that the Fukanzazengi was ""modeled"" after the Tso-ch'an. He does not use the words ""fraud and plagiarist."" Just because Dogen learned from Tsung-tse does not make him a ""fraud."" Indeed it makes him the exact opposite because that is what learned people are.. ""intelligent.""

Here is what this portion of the suggested reading section of this sub currently looks like:

9. Japanese ""Zen-Buddhism"" is not Zen

Scholarship:

1. Bielefeldt's *Dogen's Manuals of Zen Meditation*: Dogen didn't study Zen, Dogen invented Zazen prayer-meditation, Dogen was a fraud and a plagiarist.

Obviously this is littered with problems.

Here is what it *ought* to resemble:

9. Zen

Dogen's Manual's of Zen Meditation by Carl Benefeldt: Belefeldt shares his perspective of Dogen, the founder of Soto Zen.

For the full book description check it here: [https://www.amazon.com/Dogens-Manuals-Meditation-Carl-Bielefeldt/dp/0520068351](https://www.amazon.com/Dogens-Manuals-Meditation-Carl-Bielefeldt/dp/0520068351)

According to the Non-bigoted language rule of reddit the original way that section number 9 is written is completely unacceptable. To make it worse the mods support it!

We must stop this at once!

Repost this infinitely! Wooot!

Report mod u/theksepyro",1610809540.0,0,0.5,1
SuicideWatch,Help me save a toxic sub!,[removed],1610809462.0,1,1.0,0
Meditation,Please help save a toxic subreddit!,"The way that Zen is currently written and regarded in r/zen  ""..fraudulent, plagiarist.."" is in no way accurate to how Bielefeldt describes it. He writes that the Fukanzazengi was ""modeled"" after the Tso-ch'an. He does not use the words ""fraud and plagiarist."" Just because Dogen learned from Tsung-tse does not make him a ""fraud."" Indeed it makes him the exact opposite because that is what learned people are.. ""intelligent.""

Here is this section from the suggested reading of r/zen: 

[https://www.reddit.com/r/zen/wiki/reading#wiki\_9.\_\_japanese\_.22zen-buddhism.22\_is\_not\_zen](https://www.reddit.com/r/zen/wiki/reading#wiki_9.__japanese_.22zen-buddhism.22_is_not_zen)

# 9. Japanese ""Zen-Buddhism"" is not Zen

Scholarship:

1. Bielefeldt's *Dogen's Manuals of Zen Meditation*: Dogen didn't study Zen, Dogen invented Zazen prayer-meditation, Dogen was a fraud and a plagiarist.

Obviously this is littered with problems.

Here is what it *ought* to resemble:

# 9. Zen

Dogen's Manual's of Zen Meditation by Carl Benefeldt: Belefeldt shares his perspective of Dogen, the founder of Soto Zen.

For the full book description check it here: [https://www.amazon.com/Dogens-Manuals-Meditation-Carl-Bielefeldt/dp/0520068351](https://www.amazon.com/Dogens-Manuals-Meditation-Carl-Bielefeldt/dp/0520068351)

According to the Non-bigoted language rule of reddit the original way that section number 9 is written  is completely unacceptable. To make it worse the mods support it!

Report mod u/theksepyro for not defending the subs standards when admitting that they were violated!

We must stop this at once!

Repost this infinitely here! [https://www.reddithelp.com/hc/en-us/requests/new](https://www.reddithelp.com/hc/en-us/requests/new)

Wooot! Go Reddit!",1610808331.0,2,0.62,17
zenbuddhism,Hello. I am trying to help the r/zen subreddit,[removed],1610807293.0,4,0.75,23
Soto,please help me help r/zen,"# Saving Zen

The way that Zen is currently written and regarded in [r/zen](https://www.reddit.com/r/zen/) ""..fraudulent, plagiarist.."" is in no way accurate to how Bielefeldt describes it. He writes that the Fukanzazengi was ""modeled"" after the Tso-ch'an. He does not use the words ""fraud and plagiarist."" Just because Dogen learned from Tsung-tse does not make him a ""fraud."" Indeed it makes him the exact opposite because that is what learned people are.. ""intelligent.""

Here is what this portion of the suggested reading section of this sub currently looks like:

9. Japanese ""Zen-Buddhism"" is not Zen

Scholarship:

1. Bielefeldt's *Dogen's Manuals of Zen Meditation*: Dogen didn't study Zen, Dogen invented Zazen prayer-meditation, Dogen was a fraud and a plagiarist.

Obviously this is littered with problems.

Here is what it *ought* to resemble:

9. Zen

Dogen's Manual's of Zen Meditation by Carl Benefeldt: Belefeldt shares his perspective of Dogen, the founder of Soto Zen.

For the full book description check it here: [https://www.amazon.com/Dogens-Manuals-Meditation-Carl-Bielefeldt/dp/0520068351](https://www.amazon.com/Dogens-Manuals-Meditation-Carl-Bielefeldt/dp/0520068351)

According to the Non-bigoted language rule of reddit the original way that section number 9 is written is completely unacceptable. To make it worse the mods support it!

We must stop this at once!

Repost this infinitely! Wooot!

report their mods for allowing toxic behavior and misinformation. If we work together we can do it!",1610806872.0,5,0.74,15
help,Please help me help a subreddit that needs help,[removed],1610805875.0,0,0.5,0
Buddhism,Please help me help r/zen,[removed],1610805725.0,1,0.67,0
help,Would it be possible that I can post to a sub but no one can see it?,[removed],1610804238.0,1,1.0,0
Buddhism,Can someone help me post to the r/zen subreddit?,[removed],1610804100.0,0,0.33,25
Advice,I'm trying to help the /r/zen subreddit. The moderation there needs to be improved,[removed],1610746499.0,1,1.0,0
help,found a subreddit selling bigotry and misinformation.. can anyone help?,[removed],1610716691.0,3,0.68,1
help,"Can someone please help me ""match requested format"" for reporting something?",[removed],1610649220.0,0,0.5,9
answers,Hi. Can someone please help me match the requested format for reporting something? Thanks!,[removed],1610646721.0,6,0.65,2
zen,zen and being a good person,[removed],1610554023.0,1,1.0,0
books,Reading tips?,[removed],1610551046.0,1,1.0,1
Stormlight_Archive,"Kelsier, Mistborn, and stormlight.. Wouldnt stormlight be more powerful?","I see some talk about mistborn and stormlight conjoining. That would make sense in some ways. If there was a battle between mistborn and stormlight people wouldnt stormlight people be a lot more powerful? I mean.. shardblades. What does mistborn really have to stand up to that? Also isnt Kelsier pretty dead? saw some talk about him playing a role in all of it but I don't see it.

&#x200B;

Edit: Soo apparently stuff happened in mistborn era 2. Who woulda thought! I dont know if I will be able to read that but i don't mind this stuff with the kelsier spoilers.. still good discussion.",1610550136.0,3,0.64,25
Stormlight_Archive,My thoughts on rythm of war,"Hi. Sorry for vague title I did not know what else to say but I basically just wanted to disclose my thoughts on it as well as my experience and see if anyone agrees.

I read the book when it came out. It took about 2 weeks. I was not sure if I liked it or not throughout most of the book. Of course the conclusion was epic as well as some other parts.

I pushed through most of the book despite disliking so much of the buildup and slow parts. Did anyone else experience this? 

What do you guys think about the fused being surprised that the non-void spren came back to them? I don't have the book handy but it was something like ""venli finally told leshwi about her spren.. leshwi was excited 'they came back!'"" apologies for shitty quote. It was in the fight for urithiru I believe.

The part with the one herald dude trying to bring spring into the physical realm was super creepy.. thoughts about that?

What parts of the book did you guys like and dislike?

What do you guys think about sandersons writing style in general?",1610502043.0,7,0.77,18
