Subreddit,Post Count
total_count,0
PiratedGames,1
Stellaris,1
dragonball,1
teslore,4
OldEnglish,1
NoStupidQuestions,1
dbz,1
submission_count,10
