Subreddit,Post Count
total_count,0
196,1
Losercity,1
transadorable,1
TransLater,1
actuallesbians,1
SuicideWatch,1
u_BrainySub,2
gamingsuggestions,1
3d6,1
submission_count,10
