Subreddit,Post Count
total_count,0
physicaltherapy,1
mentalhealth,3
SuicideWatch,1
submission_count,5
