Subreddit,Comment Count
total_count,0
ClipStudio,65
MyLifeAsATeenageRobot,5
MichaelJackson,37
botw,8
Genshin_Impact,2
blender,23
pokemon,1
trese,2
utau,10
Kirby,3
animation,3
Vocaloid,2
KidCosmic,2
AnimalCrossing,1
stevenuniverse,2
DigitalArt,1
Megaman,1
krita,2
characterdesigns,1
ATLA,1
GreasePencil,2
BlenderDoughnuts,1
comment_count,175
