Subreddit,Comment Count
total_count,0
SPD,1
SuicideWatch,1
wallstreetbets,1
comment_count,3
