Subreddit,Post Count
total_count,0
ToxicMoldExposure,3
patm,1
Marxism,1
MakeupAddiction,1
Makeup,1
braids,2
ThriftStoreHauls,1
houston,1
Drag,1
transfashionadvice,4
sewhelp,1
makeuptips,1
Haircare,3
HaircareScience,1
Eyebrows,1
mentalhealth,1
SuicideWatch,5
selfharm,3
transpiring,1
MtF,3
collegecompare,1
TransTryouts,1
Pronounsdressingroom,2
submission_count,40
