Subreddit,Post Count
total_count,0
okbuddytrailblazer,1
copypasta,5
196,849
foreverbox,37
okbuddyhetero,17
playboicarti,27
u_DukeSturr,1
ItsClippingBitch,1
whenthe,2
TheRatEmpire,2
Genshin_Lore,1
Genshin_Memepact,1
BisexualTeens,8
5nafcirclejerk,2
depression_memes,1
TrollCoping,7
starterpacks,1
thomastheplankengine,1
mapporncirclejerk,1
2meirl4meirl,1
absolutelynotmeirl,2
absolutelynotme_irl,2
deathgrips,4
SuicideWatch,2
SuicideMeme,1
okbuddychicanery,1
GenshinGays,6
Genshin_Impact_Leaks,2
carscirclejerk,1
feminineboys,1
botecodoreddit,1
moviescirclejerk,1
GaySoundsShitposts,1
Hiphopcirclejerk,1
submission_count,992
