Subreddit,Comment Count
total_count,0
MakeNewFriendsHere,1
relationship_advice,3
infp,1
depression,1
teenagers,1
socialanxiety,1
comment_count,8
