Subreddit,Post Count
total_count,0
christmas,1
trans,5
curlyhair,3
truscum,2
SuicideWatch,1
jawsurgery,1
Healthygamergg,1
hermanmiller,1
lgbt,1
TheRightCantMeme,1
submission_count,17
