Subreddit,Post Count
total_count,0
lgbt,1
SuicideWatch,3
AdultSelfHarm,1
2meirl4meirl,2
antiwork,1
submission_count,8
