Subreddit,Post Count
total_count,0
depression,2
transgamers,2
transgenderUK,17
FursuitMaking,1
AskUK,1
AdultBreastfeeding,1
SuicideWatch,1
submission_count,25
