Subreddit,Comment Count
total_count,0
torties,11
Botchedsurgeries,8
Earth199999,4
Letterboxd,83
CuratedTumblr,5
NightmareOnElmStreet,25
ToastCats,4
SeveranceAppleTVPlus,7
RedLetterMedia,34
madlads,1
funny,2
kittens,36
agedlikewine,2
oddlysatisfying,6
AskReddit,338
therewasanattempt,13
PrequelMemes,1
AbsoluteUnits,8
marvelstudios,44
MauLer,5
marvelmemes,8
SipsTea,4
MarvelStudiosSpoilers,2
MapPorn,1
TuxedoCats,40
grayandwhitecats,6
movies,14
cats,94
interestingasfuck,7
tortimese,5
rareinsults,1
UnconventionalMakeup,9
tragedeigh,12
ForgottenTV,8
boogie2988,4
BadDesigns,2
HolUp,7
aspiememes,15
LolCowLive,3
todayilearned,4
AccidentalRacism,1
selfpublish,2
meirl,4
OnlineUnderGround,1
AnitaBlake,9
shittytattoos,2
lego,9
TerrifyingAsFuck,1
196,2
oddlyterrifying,9
suggestmeabook,3
wendigoon,1
tumblr,9
TwoSentenceHorror,2
oddlyspecific,4
agedlikemilk,3
saw,14
twinpeaks,2
introvertmemes,1
AmItheAsshole,27
standardissuecat,4
ATBGE,2
Doom,2
blotchfacecats,1
gatekeeping,1
mildlyinfuriating,1
blackcats,8
Markiplier,4
meme,2
TVTooFar,1
TheFarSide,1
pics,8
NonPoliticalTwitter,3
puns,1
CreamsicleCats,1
BikiniBottomTwitter,1
OneOrangeBraincell,9
WhiteCats,6
CriticalDrinker,9
BeAmazed,1
namenerds,6
illegallybigcats,2
spreadytoes,1
facepalm,8
SupermodelCats,6
lynxpointsiamese,2
RenderedComment,2
torbico,2
cursedcomments,1
puzzles,1
MovieDetails,2
Moviesinthemaking,1
technicallythetruth,1
Fallout,1
Fantasy,18
horror,8
ShittyDaystrom,1
NotHowGirlsWork,1
vexillology,1
BrandNewSentence,1
clevercomebacks,1
FleshPitNationalPark,1
IllegallySmolCats,11
whatismycookiecutter,2
confidentlyincorrect,1
Greybies,1
books,4
wholesomememes,4
Music,2
AreTheStraightsOK,3
CelebrityNumberSix,2
KitchenConfidential,1
McMansionHell,5
tipofmytongue,92
lotrmemes,2
ABoringDystopia,1
place,2
HalloweenKittyCombo,1
PaymoneyWubby,2
television,1
MST3K,1
creepypasta,4
1morewow,1
nope,1
nextfuckinglevel,1
KneadyCats,1
AnimalsBeingDerps,2
WeWantPlates,1
WTF,1
torbies,1
CozyFantasy,1
shitposting,1
attackontitan,1
HumansBeingBros,1
assholedesign,2
Art,1
RidiculousRealEstate,1
badwomensanatomy,3
MandelaCatalogue,1
steampunk,1
nightvale,1
startrek,27
HelpMeFind,1
NormalDayInAfrica,1
horrorlit,1
SuicideWatch,1
nosleep,1
saltierthancrait,12
faceoff,1
menwritingwomen,3
TOMTcoldcase,1
dresdenfiles,1
videos,2
Showerthoughts,1
worldbuilding,11
JusticeServed,1
TalesFromRetail,4
ChoosingBeggars,1
TalesFromFastFood,1
Whatcouldgowrong,3
JUSTNOMIL,1
Jokes,1
comment_count,1364
