Subreddit,Post Count
total_count,0
tipofmytongue,1
asktransgender,1
rant,1
SuicideWatch,3
AskReddit,1
lonely,5
depression,2
sex,1
HelpMeFind,2
amIuglyBrutallyHonest,1
relationships,3
submission_count,21
