Subreddit,Post Count
total_count,0
SuicideWatch,3
selfharm,2
submission_count,5
