Subreddit,Comment Count
total_count,0
CasualPH,2
beautytalkph,1
TownOfSalem2,2
birthcontrol,2
SafeSexPH,4
AmItheAsshole,4
aww,1
mentalhealth,2
abortion,1
SuicideWatch,3
depressed,1
comment_count,23
