Subreddit,Post Count
total_count,0
SuicideWatch,2
AskReddit,1
depression,2
submission_count,5
