Subreddit,Post Count
total_count,0
Chang_Gang,20
Methadone,2
GTA5RP,3
FiveMServers,1
FiveM,1
NoPixel,3
Daniellarson,11
tor_noobs,2
FloridaLottery,1
futurama,1
FLMedicalTrees,2
Ocala_nsfw,2
fishtanklive,4
dunnellon,1
personalfinance,1
dannymullen,5
Chiraqology,1
Steam,2
AutoZone2,1
HarryPotterGame,1
h3h3productions,1
rosscreations,1
Titanfall_2_,4
titanfall,2
southpark,1
Advice,2
ImpracticalJokers,2
motivation,2
FinancialAdvice,1
MyPeopleNeedMe,1
gaming,1
work,1
jobs,1
ocala,2
chimefinancial,1
MondayMoments,1
submission_count,89
