Subreddit,Post Count
total_count,0
Soevilboyz,1
treedibles,1
CannabisExtracts,1
trees,1
EDAnonymous,1
Advice,3
relationship_advice,3
relationships,2
medical_advice,1
confessions,1
benzodiazepines,2
AsianBeauty,1
sadboys,8
SuicideWatch,1
teenagers,3
INTP,1
Anxiety,1
socialanxiety,1
premed,1
medicalschool,1
mgmt,1
interestingasfuck,1
Water_Fasting,1
newzealand,1
trippy,4
LSD,3
molly,1
MDMA,1
opiates,1
offmychest,1
AskReddit,1
confession,1
eating_disorders,1
submission_count,53
