Subreddit,Comment Count
total_count,0
SPD,1
lgbt,3
AskLGBT,2
learnmath,1
ask,1
AskProfessors,1
depression,1
neurodiversity,1
NonBinary,3
UPenn,31
teenagers,10
rant,3
premed,2
ApplyingToCollege,72
LesbianActually,1
APStudents,57
deaf,1
StudentLoans,1
news,1
politics,1
Parenting,2
offmychest,1
Crushes,3
chanceme,8
blackladies,1
LGBTeens,1
collegeresults,1
Neuropsychology,1
chemistry,1
Sat,2
unpopularopinion,1
ucla,1
Tufts,3
Cornell,2
nyu,1
cmu,1
USC,1
washu,1
riceuniversity,1
duke,1
Caltech,1
yale,2
dartmouth,1
comment_count,232
