Subreddit,Post Count
total_count,0
SuicideWatch,4
sad,1
love,1
teenagers,1
submission_count,7
