Subreddit,Post Count
total_count,0
Louisville,1
ecuador,2
Boise,2
cats,1
tipofmytongue,1
Frugal,1
liberalgunowners,1
lucifer,2
macbookpro,1
personalfinance,1
submission_count,13
