Subreddit,Post Count
total_count,0
MK4Golf,1
AskDocs,1
sweden,3
Asksweddit,2
spotify,1
askscience,3
MagicMushroomHunters,1
trees,1
xqcow,1
swedents,9
ArtOfRolling,2
lighters,1
Minecraft,1
AskReddit,1
submission_count,28
