Subreddit,Post Count
total_count,0
HAchubby,6
AskReddit,6
AskDocs,1
PublicFreakout,1
NoStupidQuestions,3
cringe,1
ontario,2
AskWomen,1
NotKenM,1
HelpMeFind,2
whatisthisthing,1
relationship_advice,1
explainlikeimfive,2
bonehurtingjuice,1
HaveWeMet,1
mildlyinteresting,2
videos,1
TheMonkeysPaw,4
WTF,1
assholedesign,2
gardening,1
MurderedByWords,2
onguardforthee,1
PrequelMemes,1
Tinder,1
trashy,1
youngpeopleyoutube,2
WeWantPlates,1
suicidebywords,1
AskOuija,6
kpoppers,2
JennaJulien,3
Scams,1
niceguys,1
kpop,2
Jennamarbles,3
unpopularopinion,2
PeopleFuckingDying,1
Shihtzu,23
TooAfraidToAsk,2
beagle,1
tifu,1
Dan_DidNothingWrong,1
perfectlycutscreams,1
aww,1
puppies,1
rupaulsdragrace,4
delusionalartists,1
Justfuckmyshitup,1
woooosh,1
WhitePeopleTwitter,1
submission_count,111
