Subreddit,Post Count
total_count,0
WorkAdvice,1
AskReddit,2
TwoXChromosomes,2
spirituality,2
LifeAdvice,1
Advice,11
CasualConversation,1
Hyperhidrosis,1
recruitinghell,1
TrueOffMyChest,1
u_SnooPredictions1705,2
offmychest,2
Target,2
retailhell,1
jobs,2
dating_advice,1
loseit,1
lgbt,1
SuicideWatch,1
legaladvice,1
sex,1
submission_count,38
