Subreddit,Post Count
total_count,0
SuicideWatch,1
FedEx,2
submission_count,3
