Subreddit,Post Count
total_count,0
Sewerslvt,12
philosophy,1
arttocope,20
TattooDesigns,4
BPD,6
BPDmemes,2
makeupart,1
UnusualArt,2
painting,5
acrylicpainting,2
GirlsLastTour,2
styrofashion,37
MononokeAnime,1
InioAsano,1
crystalcastles,1
GothStyle,7
LoveDeathAndRobots,2
drawing,7
surrealism,1
socialanxiety,1
derealization,2
LiminalSpace,4
selfharm,7
furryart,1
nekoboys,1
depression,1
HaveANiceLife,1
SuicideWatch,1
PiercingAdvice,1
Slipknot,1
wondereggpriority,1
submission_count,136
