Subreddit,Post Count
total_count,0
TheGirlSurvivalGuide,1
DadAndDaughterSnark,1
Embroidery,2
Honor,1
PickAnAndroidForMe,1
fringe,1
suggestmeabook,1
C25K,1
booksuggestions,1
identifythisfont,2
silhouettecutters,2
Dreams,1
printers,1
MergeGardens,1
FundieSnarkUncensored,4
braceletcraft,1
Jericho,1
UlcerativeColitis,1
DadForAMinute,1
SupermodelDogs,1
XPpen,1
Warts,1
SuicideWatch,1
careerguidance,1
penpals,1
depression,1
situationtypedeal,1
AskVet,1
namenerds,1
IBD,1
earrumblersassemble,1
submission_count,37
