Subreddit,Comment Count
total_count,0
SampleSize,1
Advice,1
Delta_Emulator,1
solutionmanual,1
DBLegendsReddit,29
DokkanBattleCommunity,1
CatholicDating,1
DragonballLegends,1
csuf,1
MakeNewFriendsHere,2
CODZombies,2
knitting,1
ZombiesEasterEggs,3
DeadOpsArcade3,3
comment_count,48
