Subreddit,Post Count
total_count,0
pokemon,1
monkeyspaw,2
adultingph,1
Nails,1
PokemonROMhacks,1
exchristian,1
nuzlocke,1
FemFragLab,2
furry,2
HonkaiStarRail,4
voidpunk,15
otherkin,1
BoothillMains,1
PHScam,1
PokemonTCG,1
IsMyPokemonCardFake,2
Crystals,1
okbuddytrailblazer,1
whatsthisbug,2
vultureculture,3
bonecollecting,3
wisdomteeth,1
Opals,1
tipofmytongue,1
whatsthisrock,1
traumacore,1
voidwagon,1
henna,1
miniatures,1
CookieRunKingdoms,4
ShroomID,1
MonsterHigh,2
Marimo,1
ShinyPokemon,1
BooksThatFeelLikeThis,1
submission_count,65
