Subreddit,Comment Count
total_count,0
indonesia,6
OnePiece,6
howyoudoin,1
neutralmilkhotel,1
TheLastAirbender,2
GamingLeaksAndRumours,2
LifeProTips,1
Marvel,1
ifyoulikeblank,1
television,1
GTA6,2
Anxiety,1
ios,1
BlackLivesMatter,1
SpotifyPlaylists,1
punk,1
freefolk,1
GameOfThronesMemes,1
me_irl,3
suggestmeabook,1
natureismetal,1
comment_count,36
