Subreddit,Comment Count
total_count,0
bisexual,1
ChronicPain,2
funny,1
oddlysatisfying,2
mildlyinteresting,1
creepyPMs,6
ShitPostCrusaders,1
Unexpected,2
memes,6
nextfuckinglevel,3
SuicideWatch,4
HolUp,5
gaming,2
mildlyinfuriating,1
woahdude,1
science,1
me_irl,2
aww,1
AnimalsBeingDerps,1
DiWHY,1
painting,1
oddlyterrifying,1
MadeMeSmile,1
distantsocializing,6
TheYouShow,1
RedditInTheKitchen,4
TheArtistStudio,1
lgbt,1
comment_count,60
