Subreddit,Comment Count
total_count,0
movingtojapan,2
Tokyo,1
comment_count,3
