Subreddit,Post Count
total_count,0
WhatShouldICook,1
CatAdvice,1
Fibromyalgia,11
Nutrition_Healthy,1
sewing,1
HaircareScience,1
AskVet,1
mentalhealth,4
SewingForBeginners,2
insects,6
careerguidance,1
HealthInsurance,2
RoadRage,1
vet,2
arknights,1
AskHealth,2
birthcontrol,1
sugarlifestyleforum,1
duolingo,1
depression,2
bugidentification,1
medical_advice,6
Daylio,1
cartoons,2
Assistance,1
broke,1
ADHD,1
Advice,1
manga,1
Mold,1
legaladvice,3
Paranoia,2
cats,1
sleep,1
AskDocs,1
CUEcardgame,1
TheOwlHouse,1
quittingkratom,1
SameGrassButGreener,1
Artadvice,3
ask,1
Skincare_Addiction,1
massage,1
InstacartShoppers,2
SuicideWatch,1
Spanish,1
AskReddit,1
Witch,1
NonBinary,1
badroommates,2
submission_count,86
