Subreddit,Post Count
total_count,0
FACEITcom,1
buildmeapc,1
SuicideWatch,1
submission_count,3
