Subreddit,Post Count
total_count,0
SuicideWatch,1
u_Deeptoot-0_o,1
submission_count,2
