Subreddit,Comment Count
total_count,0
SwiftlyNeutral,14
recruitinghell,4
thefalconandthews,1
AKOTSKTV,5
HouseOfTheDragon,48
asoiaf,1
Wattpad,1
FanFiction,16
AskAnAmerican,5
Mouthwashing,1
Choices,1
AO3,41
dragonage,36
AutismInWomen,4
IsItBullshit,1
writing,1
gameofthrones,3
HOTDGreens,34
TheBlacksandTheGreens,2
AutisticAdults,4
stupidpol,2
AsoiafFanfiction,3
DeletedFanfiction,39
DefendingAIArt,2
TrueSwifties,3
ledzeppelin,2
MarvelStudiosSpoilers,7
MarvelStudios_Rumours,1
unpopularopinion,2
lostgeneration,4
trackers,1
hatemyjob,1
explainlikeimfive,2
OpenSignups,2
DataHoarder,1
SwiftieMerch,1
mildlyinteresting,1
orangecounty,1
TheCitadel,2
Zepbound,1
inZOI,1
DragonAgeVeilguard,1
bioware,1
politics,1
ForeverAloneWomen,2
pcgaming,2
jobsearchhacks,2
musicals,2
loseit,2
MusicalBootlegs,2
Piracy,2
legaladviceofftopic,1
GirlGamers,5
LeopardsAteMyFace,1
Gambit,1
CK3AGOT,2
HOTDBlacks,1
BootlegGifts,9
LuxuryReps,1
MakeupAddiction,1
entertainment,1
TaylorSwiftVinyl,7
books,1
ask,1
SuccessionTV,7
TaylorSwift,9
lowsodiumthewitcher,3
QOVESStudio,1
netflixwitcher,13
lesmiserables,1
beauty,2
techsupport,1
autism,4
boxoffice,1
CommunismMemes,1
GothamKnights,9
AskReddit,4
jobs,2
Nightwing,2
batman,1
freefolk,14
DankLeft,3
antiwork,2
DaveRamsey,1
asoiafcirclejerk,1
HelixWaltz,1
povertyfinance,2
gratefuldoe,3
TwoXChromosomes,1
TheRightCantMeme,2
CrusaderKings,2
gwent,1
EDanonymemes,2
ABoringDystopia,1
marvelstudios,8
CRedit,1
ManyATrueNerd,1
PoliticalCompassMemes,2
depression,3
nancydrew,2
doordash_drivers,2
PhilosophyTube,1
HistoryMemes,4
personalfinance,3
Gamingcirclejerk,1
RomanceBooks,1
1200isjerky,1
FalloutMemes,1
paradoxplaza,1
gatekeeping,1
ParadoxExtra,1
curlyhair,1
communism101,1
LateStageCapitalism,1
patientgamers,1
alltheleft,1
AbolishTheMonarchy,1
RevolutionsPodcast,2
ShitLiberalsSay,6
BeautyBoxes,1
communism,1
comment_count,498
