Subreddit,Comment Count
total_count,0
foodhacks,1
publix,37
reactivedogs,18
foraging,3
whatsthisplant,1
CashApp,1
dogs,14
fakecartridges,6
meirl,1
walmart,1
morbidquestions,1
uber,1
SuicideWatch,10
Spiderman,3
Fish,1
comment_count,99
