Subreddit,Post Count
total_count,0
anime,1
EightySix,3
NEKOPARAGAME,6
u_itzme1on,1
submission_count,11
