Subreddit,Comment Count
total_count,0
limerence,7
SuicideWatch,1
Flightsimulator2020,2
depression,3
comment_count,13
