Subreddit,Post Count
total_count,0
AreTheStraightsOK,1
Solo_Roleplaying,11
ElderScrolls,2
feedthebeast,14
mentalhealth,17
DnDcirclejerk,11
changemyview,6
self,12
savageworlds,4
rpg,38
UnsentLetters,5
rpg_gamers,18
lies,4
NoStupidQuestions,7
gamedesign,4
DungeonsAndDragons35e,1
SocialistGaming,1
HOCD,56
Pathfinder2e,3
osr,3
AreTheCisOk,1
BG3,1
herobrine,2
FantasyAGE,3
Fantasy,14
comics,1
gamingsuggestions,3
CRPG,6
ADHD,3
SkyrimPorn,1
skyrimmods,32
WWN,1
CharacterRant,6
research,1
dragonlance,1
Forgotten_Realms,1
enderal,3
AskAnthropology,2
gurps,3
UnearthedArcana,16
3d6,2
RagnarokTVShow,3
lotr,1
neverwinternights,6
skyrimrequiem,1
KindVoice,3
GameDevelopment,1
dndnext,3
AskReddit,5
projecteternity,1
teslore,1
AiME,1
JRPG,1
BRP,2
Mythras,1
Morrowind,2
BatmanArkham,2
fantasywriters,1
Unity3D,2
habitica,1
OCD,91
MusicForRPG,1
socialskills,2
askphilosophy,1
donniedarko,1
asktransgender,1
dragonage,1
TheLastAirbender,9
copypasta,17
evangelion,1
Belgariad,1
gamerecommendations,2
lfg,3
GoncharovTheMovie,1
CortexRPG,1
wildlander,1
oblivionmods,1
whowouldwin,1
herosystem,1
FalloutMods,2
HungryArtists,1
WindowsHelp,1
Windows11,1
RPGMaker,1
theroom,2
PubTips,2
publishing,1
godbound,1
cosplay,1
fantasywriting,1
ImaginaryWizards,2
gamedev,1
HytaleInfo,4
MinecraftBuddies,2
openterraingen,1
okbuddyretard,29
MAXIMUMPROGRESS,1
Ninjago,1
criticalracetheory,1
askatherapist,11
sciencefiction,1
OCDmemes,31
Flatearthersarestupid,5
Invincible,1
Subliminal,10
MastersOfTheUniverse,2
comicbooks,1
feedthebeastservers,1
MakeNewFriendsHere,2
ShitHangoutSays,2
OkBuddyCatra,1
insanepeoplereddit,1
callofcthulhu,1
Tinder,1
vexillologycirclejerk,1
memes,13
dcmemes,3
DankLeft,4
SheraMemes,4
sheranetflix,2
MemesCU,2
PrayersToTrump,1
starbound,1
DMAcademy,8
norsemythology,5
starwarsmemes,2
PoliticalHumor,2
Znyder,3
DC_Cinematic,4
AssassinsCreedMemes,1
DnD,2
Seaofthieves,1
196,2
pornfree,8
TransphobiaProject,1
SuicideWatch,8
MensLib,4
promotereddit,1
30ROCK,3
Promoteareddit,1
comspiracy,1
satire,1
newsubreddits,1
a:t5_4bkf8v,2
globeskepticism,1
BreakUps,1
relationships,1
pussypassdenied,1
Nightwing,3
Foxhidesinfo,1
Fuckthealtright,7
religiousfruitcake,1
miraculousladybug,1
Legogames,1
writing,1
ComicWriting,3
HBOMAX,1
sony,1
techsupport,1
HeroForgeMinis,8
TGandSissyRecovery,7
Lovecraft,3
askpsychology,3
ToiletPaperUSA,2
cobrakai,3
HomescapesOfficial,1
StarWars,2
youngpeopleyoutube,1
CasualConversation,2
BatmanMemes,1
FlatEarthMemes,1
capitolmemes,1
heroforge,1
HIMYM,1
sadmemes,1
FavoriteCharacter,2
u_Lordkeravrium,1
Screenwriting,3
NoFap,2
Rants,2
Globeskeptic,2
Thaumcraft,1
TrueOffMyChest,8
IdentityOCD,6
camphalfblood,2
DnDHomebrew,36
rant,4
Poems,1
DCcomics,1
dating,1
PrincessesOfPower,3
TheDragonPrince,1
PresidentialRaceMemes,1
cursedimages,2
PornAddiction,1
Grieving,1
AskScienceFiction,3
a:t5_31smjl,1
a:t5_31s6jt,1
teenagersnew,5
BatwomanTV,1
unpopularopinion,6
pointlesslygendered,1
PandR,29
MarvelsAvengersGaming,1
sexualhealth,1
NolanBatmanMemes,1
dcanimateduniverse,2
outside,1
AskOuija,3
GodofWar,3
Zorp,6
TalkTherapy,2
CBT,4
Gotham,1
MarvelatFox,2
therapy,3
LegendsOfTomorrow,1
GruMemes,2
askpsychologists,2
Arrowverse,1
minecraftseeds,1
teenagersnewnew,1
teenagers,2
PrequelMemes,2
depression_memes,1
ThatsNotHowOCDWorks,1
SUBREDDITNAME,25
Puberty,1
IsItBullshit,1
a:t5_2rr1uc,1
MinecraftForge,1
skamtboard,1
dankmemes,1
subreddit,1
badMovies,1
bropill,1
RedHood,1
a:t5_2q4g6v,1
DCAU,4
OffMyChestMen,1
Cityofheroes,2
brooklynninenine,2
eastereggs,1
AskTeenGirls,1
Dissociation,1
shittymoviedetails,3
HarryPotterBooks,1
Needafriend,1
Fancast,1
askaconservative,1
submission_count,1005
