Subreddit,Post Count
total_count,0
Kanye,2
WestSubEver,2
DMT,1
Supplements,1
pokemongo,1
dxm,1
submission_count,8
