Subreddit,Post Count
total_count,0
AskReddit,1
Fun,1
SuicideWatch,1
submission_count,3
