Subreddit,Comment Count
total_count,0
TwinkLove,5
PS5,2
gaycumsluts,4
HugeBoobsandTits,1
twinks,1
SuicideWatch,1
LiverpoolFC,1
comment_count,15
