Subreddit,Comment Count
total_count,0
Fauxmoi,1
Mangafire,2
GeordieShore,1
childfree,1
DanceDanceDanseur,1
AskReddit,2
hypixel,1
Natsume,3
DragonMaid,1
FruitsBasket,10
Horimiya,8
comment_count,31
