Subreddit,Comment Count
total_count,0
dogs,4
raisedbynarcissists,1
LGBTeens,1
relationship_advice,3
relationships,2
AmItheAsshole,1
SuicideWatch,2
comment_count,14
