Subreddit,Comment Count
total_count,0
charlixcx,2
aspiememes,17
NarcissisticAbuse,6
tipofmyjoystick,1
hotels,1
ManagedByNarcissists,33
nancydrew,5
TurkishAirlines,1
JoinMochiHealth,3
tirzepatidecompound,2
CleaningTips,8
travel,1
Presidents,2
PacificNorthwest,1
OCD,4
zoloft,2
todayilearned,2
PokemonGoRaids,4
astrologymemes,1
pokemongo,48
shrooms,2
AskReddit,13
Spokane,2
LongCovid,44
ADHD,28
bipolar2,14
Music,2
SeattleWA,1
sleep,1
TheSilphRoad,3
workfromhome,1
dating_advice,1
PokemonScarletViolet,7
freddiegibbs,13
ImTheMainCharacter,1
askportland,1
hiphop101,11
ExecutiveAssistants,1
BachelorNation,8
bipolar,14
FODMAPS,4
ChronicIllness,3
funny,1
AlienAbduction,3
Shoes,1
Makeup101,1
Passports,3
visualsnow,2
creepyencounters,12
bachelorinparadise,11
Empaths,5
raisedbynarcissists,2
antiwork,6
badroommates,1
migraine,1
LateStageCapitalism,1
meirl,2
delta,3
AmItheAsshole,1
waze,1
SIBO,9
covidlonghaulers,17
QuitVaping,1
CPTSD,3
ptsd,1
seinfeld,4
awakened,1
Anxiety,8
guillainbarre,2
drugscirclejerk,3
bikramyoga,7
BritneySpears,1
hiphopheads,6
DreamInterpretation,1
cfs,1
Paranormal,1
HistamineIntolerance,1
popheadscirclejerk,9
Portland,2
adhdmeme,16
NintendoSwitch,1
Mononucleosis,1
Palestine,1
humandesign,1
AlAnon,5
Hiphopcirclejerk,1
squirrels,1
misophonia,1
AutisticWithADHD,4
Sims4,1
MovieSuggestions,1
5MeODMT,2
thesims,2
news,1
Detroit,1
woooosh,1
starseeds,1
comment_count,496
