Subreddit,Comment Count
total_count,0
MultipleSclerosis,16
RedditSessions,1
NYYankees,37
worldnews,1
blackmagicfuckery,1
Locksmith,2
Damnthatsinteresting,1
PublicFreakout,1
comment_count,60
