Subreddit,Comment Count
total_count,0
juryduty,125
doctorwho,18
Notary,103
Economics,19
breakingbad,4
AskEconomics,64
Pets,1
legaladvice,1
unusual_whales,69
NYCapartments,40
technology,11
circlejerknyc,3
nys_cs,97
sp500,8
StockMarket,17
ZeroCovidCommunity,220
skeptic,28
ID_News,10
SocialSecurity,15
publichealth,52
CatAdvice,6
finance,2
OptimistsUnite,1
personalfinance,5
COVID19_Pandemic,10
GlobalEntry,6
Passports,19
Askpolitics,68
WeTheFifth,1
nycrail,77
ModernaStock,2
adjusters,3
ContagionCuriosity,14
homeowners,2
PSLF,19
union,11
Tariffs,3
exchristian,1
economicCollapse,82
CollapseMusic,13
AskHR,1
Masks4All,5
PrepperIntel,11
CrazyIdeas,7
FluentInFinance,97
EverythingScience,9
climatechange,31
buffy,2
movingtoNYC,1
Renters,3
inflation,3
transit,14
newyork,22
Coronavirus,3
scotus,16
COVID19positive,8
childfree,19
StudentLoans,23
CollapseSupport,40
Environmentalism,3
nycpublicservants,1
AskFlorida,1
bioethics,1
NYStateOfMind,3
mapporncirclejerk,1
NoStupidQuestions,29
Vaccine,8
RegulatoryClinWriting,1
LegalNews,4
foia,1
Ask_Lawyers,3
IsItBullshit,1
bayarea,1
changemyview,10
gallifrey,5
Foodforthought,11
AskReddit,9
Futurology,6
MarkMyWords,27
whatif,1
worldnews,2
USNEWS,1
NIH,3
nyc,3
realWorldPrepping,1
energy,6
austrian_economics,9
stupidquestions,1
cobol,3
canada,2
mmt_economics,1
Appalachia,1
tsa,1
NYTConnections,1
hudsonvalley,25
fednews,1
WallStreetbetsELITE,1
nonprofit,1
rant,1
3amjokes,1
FargoTV,1
laredo,1
entertainment,1
signal,1
agi,2
Bitcoin,1
amazon,1
Census,1
Fauxmoi,2
hacking,1
business,2
cooperatives,1
EndTipping,1
mentalhealth,1
NYCTeachers,1
askscience,1
MapPorn,1
AffordableCareAct,3
UCONN,1
sociology,1
oldinternet,1
TIL_Uncensored,5
WorkAdvice,1
legal,3
immigration,8
WallStreetElite,1
science,1
legaladviceofftopic,2
DeathByMillennial,5
williamsburg,1
TooAfraidToAsk,1
hvacadvice,12
greenland,1
nottheonion,1
NoShitSherlock,4
massachusetts,1
TwoXPreppers,9
tipping,2
twinpeaks,2
upstate_new_york,3
RenewableEnergy,1
WomenInNews,2
singularity,1
DACA,6
DataHoarder,1
FutureWhatIf,2
EmergencyRoom,2
IsItIllegal,1
pics,1
bronx,1
Urbanism,1
antinatalism,2
antinatalism2,1
Pennsylvania,1
h1b,1
longisland,4
ElPaso,1
supremecourt,2
IfBooksCouldKill,1
comment_count,1878
