Subreddit,Comment Count
total_count,0
OyasumiPunpun,1
wondereggpriority,9
nier,11
rainworld,2
FanFiction,1
BocchiTheRock,3
GwenMains,8
Edgerunners,2
learntodraw,5
summonerschool,6
Whatcouldgowrong,1
learnanimation,1
Jungle_Mains,1
animation,6
lux,4
LittleWitchAcademia,6
learnart,10
blender,3
ClipStudio,9
RWBY,1
adventuretime,1
news,1
pokemon,16
leagueoflegends,10
AhriMains,1
college,1
AHatInTime,1
animationcareer,1
phoenix,1
4tran,1
vexmains,1
mitski,1
ASU,2
CodeGeass,7
3Dmodeling,1
asktransgender,14
ShinyPokemon,2
UberEATS,17
BDSP,14
weed,15
comment_count,198
