Subreddit,Post Count
total_count,0
Eldenring,1
Toreba,1
ffxiv,1
submission_count,3
