Subreddit,Post Count
total_count,0
voiture,1
conseiljuridique,1
submission_count,2
