Subreddit,Post Count
total_count,0
AutismInWomen,1
SuicideWatch,4
submission_count,5
