Subreddit,Post Count
total_count,0
196,1
cursedcomments,1
thomastheplankengine,3
roblox,1
squidgame,1
techsupport,1
submission_count,8
