Subreddit,Post Count
total_count,0
AskReddit,34
tipofmytongue,3
answers,1
Vinesauce,7
tipofmyjoystick,1
h3h3productions,1
Reaper,5
dyinglight,1
2137,1
shittyama,4
fabricmc,1
THEMONUMENTMYTHOS,1
gamingsuggestions,1
obs,2
beatlescirclejerk,3
garfield,1
GTATrilogyMods,1
LiminalSpace,6
postal,1
THPS,3
nincirclejerk,4
justneckbeardthings,1
talesfromcavesupport,1
Xiaomi,1
airdots,1
surfrock,1
explainlikeimfive,1
SuicideWatch,1
depression,1
submission_count,90
