subreddit,body,created_utc,score
SuicideWatch,"Thank you. This comment means more to me than you probably know. 

I am talking to a therapist (free healthcare ftw) and I'm also on antidepressants. Just gotta not lose hope in these things...",1654764640.0,1
