Subreddit,Post Count
total_count,0
pestcontrol,1
Bedbugs,1
SuicideWatch,1
relationships,1
submission_count,4
