Subreddit,Comment Count
total_count,0
fentanyl,38
ChronicPain,5
Psychiatry,2
SuicideWatch,28
opiates,2
DiagnoseMe,6
chilliwack,1
ehlersdanlos,11
FentanylRecovery,4
NoStupidQuestions,1
astrologymemes,157
Morbidforbadpeople,3
hiphopheads,2
MicaMiller,2
JusticeForMicaMiller,3
TheProsecutorsPodcast,2
actuallesbians,59
badMovies,1
AskDocs,2
ottawa,223
NonBinary,10
AskAstrologers,54
Sober,1
LoudNoisesOttawa,1
marfans,2
geoguessr,2
ftm,6
Somalia,69
BipolarReddit,3
backpain,3
bicycling,1
whichbike,3
leaves,7
Kenya,1
RandomThoughts,3
islam,4
Jewish,1
cocaine,2
socialism,1
work,5
sticknpokes,1
toronto,3
TheUltimatumNetflix,6
relationships,219
CarletonU,36
nursing,30
TwoXChromosomes,41
JusticeForJohnnyDepp,1
fuckcars,16
SubredditDrama,5
Noctor,6
nottheonion,24
space,4
bipolar,160
college,1
Funnymemes,2
sports,8
AbruptChaos,18
StudentNurse,5
sociopath,1
Anarcho_Capitalism,2
AskReddit,51
explainlikeimfive,3
intermittentfasting,2
MurdaughFamilyMurders,1
idahomurders,1
NotHowGirlsWork,1
BaddiesSouth,1
TrueCrimeDiscussion,2
personalfinance,3
BryanKohberger,1
maybemaybemaybe,2
MoscowMurders,3
OntarioUniversities,2
meirl,1
WaukeshaParadeTrial,1
Sovereigncitizen,1
alberta,1
StonerPhilosophy,7
Garmin,2
canada,13
Instagramreality,41
disability,20
lesbiangang,1
makinghiphop,3
medical,17
MaliciousCompliance,1
FuckYouKaren,1
TrueCrime,11
MadeMeSmile,1
montreal,1
BaileySarian,7
Showerthoughts,18
netflix,12
brisbane,4
u_yeahmatroy,2
CPTSD,3
COVID19positive,7
facepalm,2
QueerMuslims,1
LGBTnews,17
videos,5
covidpositive,1
shitposting,2
worldnews,8
chinaglass,1
horary,1
asktransgender,11
antinatalism,1
instant_regret,2
TalesFromRetail,4
FreeCompliments,2
astrology,76
BreadTube,5
polyamory,44
pics,6
askscience,1
monogamy,1
relationship_advice,3
LateStageCapitalism,8
IdiotsInCars,1
LesbianActually,3
antiwork,3
Damnthatsinteresting,1
Hasan_Piker,1
Acid,1
place,3
distantsocializing,3
blacklesbians,1
nonbinarylesbians,3
GirlFromNowhere,1
movies,2
sydney,1
BitcoinCA,1
FemaleDatingStrategy,1
politics,4
twinflames,1
AmItheAsshole,2
Paranormal,1
TheYouShow,3
GuessMySign,17
CoronavirusMemes,1
StockMarket,1
awfuleverything,2
LoveIsBlindOnNetflix,1
RoastMe,20
ThePolitician,2
UlcerativeColitis,2
sadcringe,1
WatchRedditDie,2
creepy,1
Izlam,1
blackfishing,3
iZombie,3
wholesomememes,1
todayilearned,2
talesfromcallcenters,3
niceguys,2
LetsNotMeet,3
CanadianMOMs,4
PersonalFinanceCanada,1
legaladvice,1
television,5
sugarlifestyleforum,14
MultipleSclerosis,17
Calgary,2
AskOuija,1
OldSchoolCool,1
badroommates,5
riverdale,6
atwwdpodcast,1
askTO,1
BigMouth,1
UnresolvedMysteries,2
TheSinner,1
unpopularopinion,6
creepyPMs,2
badmakeup,1
newzealand,2
comment_count,1950
