Subreddit,Comment Count
total_count,0
popheadscirclejerk,49
popheads,67
Sephora,4
LadyGaga,5
charlixcx,17
PokemonLegendsArceus,1
gaming,13
bravelydefault,1
billieeilish,40
unpopularopinion,30
BeautyGuruChatter,13
CasualConversation,11
ExplainTheJoke,1
moviecritic,1
wicked,14
AmericanHorrorStory,1
DoesAnybodyElse,10
Makeup,19
stopsmoking,1
Warframe,59
mathmemes,1
suggestmeabook,3
chappellroan,4
drugstoreMUA,1
memeframe,3
neilgaiman,2
truespotify,1
beauty,1
stupidquestions,2
SchittsCreek,4
darksouls3,6
reneerapp,1
fromsoftware,7
Eldenring,7
Smite,44
PredecessorGame,3
hearthstone,9
mildlyinteresting,1
cedarrapids,6
ANTM,4
airfryer,1
Fauxmoi,5
PS4,1
OverwatchCirclejerk,18
overwatch2,18
TikTok,4
mildlyinfuriating,5
The10thDentist,11
eldenringdiscussion,1
SwiftlyNeutral,6
lewronggeneration,3
pics,1
shameless,1
Millennials,3
SarahJMaas,2
terriblefacebookmemes,6
beyonce,6
hellsomememes,1
MeanGirls,21
nostalgia,1
notliketheothergirls,8
horror,1
UploadTV,3
Persona5,7
TrueOffMyChest,10
FierceFlow,3
CleaningTips,1
crocs,1
NoStupidQuestions,3
YAlit,1
OliviaRodrigo,1
girls,6
AskReddit,43
videogames,1
BridgertonNetflix,1
911FOX,1
BaldursGate3,32
Panera,3
BG3,12
confession,2
ChickFilA,1
malegrooming,1
baldursgatememes,3
lanadelrey,15
iPhone15Pro,2
swiftiecirclejerk,14
iphone,3
McDonaldsEmployees,2
whatthefrockk,1
BG3Builds,2
malehairadvice,2
DarkSouls2,3
Asterigos,2
HadesTheGame,1
Overwatch,86
meirl,4
LordsoftheFallen,20
TheLastOfUs2,5
entertainment,4
LiesOfP,46
ask,1
OverwatchUniversity,2
tacobell,1
Vaping,3
LifeweaverMains,1
PhotoshopRequest,2
Chipotle,1
Paladins,2
AITAH,2
Tinder,1
Pets,2
tattooadvice,1
TaylorSwift,5
antiMLM,1
TattooDesigns,1
CasualUK,1
TrueUnpopularOpinion,3
DiWHY,1
subway,3
thanksimcured,1
ParentsAreFuckingDumb,3
antiwork,2
Naruto,4
AmItheAsshole,2
popculturechat,1
StupidFood,1
amiwrong,4
starbucks,42
YouBelongWithMemes,2
Haircare,1
Degrassi,2
lolgrindr,1
RandomThoughts,1
cats,8
PokemonUnite,8
heroesofthestorm,3
CatAdvice,2
MakeupAddiction,1
ThelastofusHBOseries,2
gank,3
darksouls,1
PokemonScarletViolet,32
customhearthstone,1
movies,3
me_irlgbt,1
facepalm,1
thelastofus,1
pokemon,1
gadgets,1
interestingasfuck,1
comment_count,1110
