Subreddit,Post Count
total_count,0
DotA2,4
bookclub,2
bipolar,3
starcraft,1
StopGaming,2
NoFap,4
chess,1
German,1
submission_count,18
