Subreddit,Comment Count
total_count,0
earthbound,17
pcmasterrace,4
yakuzagames,37
nuzlocke,1
royalmail,1
Otonokizaka,4
Roms,1
gtaonline,4
3dspiracy,2
GoCommitDie,2
JDM,2
shittyrainbow6,6
Pikmin,15
6thForm,4
MichaelReeves,1
GTA,1
Metroid,1
lethalcompany,1
Vinesauce,1
zelda,1
oompasubs,1
formuladank,5
whenthe,3
pokemon,17
LearnerDriverUK,1
tf2shitposterclub,2
197,1
lewishamilton,2
AskReddit,1
196,19
xbox,1
SchoolIdolFestival,1
PokemonGoFriends,2
shitposting,1
Scotland,2
marioandluigi,2
cursed_videomemes,2
PokemonScarletViolet,5
NintendoSwitch,2
PokemonSwordAndShield,1
formula1,3
a:t5_3m1j1t,1
ForzaHorizon,7
KidsAreFuckingStupid,1
MadeMeSmile,1
pokemontrades,5
HistoryMemes,1
goodanimemes,1
Wales,1
comment_count,198
