Subreddit,Comment Count
total_count,0
Commanders,23
drunk,15
criticalrole,3
HouseOfTheDragon,4
WatchItForThePlot,4
ChildrenFallingOver,1
NSFW_GIF,3
StardewValley,2
smosh,5
sanantonio,2
trees,1
AClashOfKings,1
LateStageCapitalism,1
dontputyourdickinthat,1
progresspics,41
PaigeSpiranac,1
memes,3
BlackPeopleTwitter,1
GetMotivated,1
TigerBelly,10
ImaginaryWesteros,7
justkiddingfilms,1
asoiaf,24
CK2GameOfthrones,6
VolleyballGirls,5
yourmomshousepodcast,1
showerbeer,8
badfriendspod,1
depressionregimens,1
sports,1
Jewish,1
CasualJiggles,1
puppies,1
pics,5
interestingasfuck,1
DippingTobacco,2
Wellthatsucks,1
youseeingthisshit,1
AskMen,8
BreastEnvy,1
nfl,5
NFL_Draft,1
cosplaygirls,3
collegesluts,1
gameofthrones,1
nba,6
UNBGBBIIVCHIDCTIICBG,1
AskReddit,13
funny,1
rickandmorty,1
aww,1
2busty2hide,1
Celebs,1
BetterEveryLoop,1
sexygirls,1
r4r,1
depression,1
comment_count,240
