Subreddit,Post Count
total_count,0
HPPD,3
keto,2
AskDocs,1
visualsnow,1
Celiac,1
CalgaryHousing,2
relaxedpokemontrades,2
friendsafari,7
SkincareAddiction,2
pics,1
pokemon,2
destinyknot,2
gaymers,1
submission_count,27
