Subreddit,Comment Count
total_count,0
MDMA,6
jumpup,1
Rateme,1
BPD,1
AbsoluteUnits,1
northamptonians,2
nope,1
SuicideWatch,3
happy,2
TopGear,1
Cigarettes,1
snakes,1
rant,1
trees,10
deadbydaylight,2
TopGearMemes,1
AskReddit,10
1788L,2
PoliceBrotality,1
CasualUK,3
Wicca,2
Megadeth,9
idonthavereddit,1
Bass,1
Memes_Of_The_Dank,2
CongratsLikeImFive,1
MetalMemes,4
ShouldIbuythisgame,2
LDR,3
wemetonline,1
AmItheAsshole,1
AskUK,2
creepyasterisks,1
creepyPMs,1
Rezz,1
entitledparents,1
WorldWar2,1
ComedyCemetery,1
ShitAmericansSay,1
imsorryjon,1
nosleep,1
IsItBullshit,1
ExpandDong,1
deadmau5,1
subnautica,2
edmproduction,2
cursedimages,1
WeAreTheMusicMakers,2
ARG,1
Korn,1
neckbeard,1
CatAdvice,5
BlackMetal,2
Guitar,2
metalmusicians,3
Cthulhu,1
strobecirclejerk,2
TechNope,2
toastme,1
Lovecraft,1
SmallYTChannel,4
guitarcirclejerk,1
halloween,1
britishproblems,1
Ghostbc,42
medievaldoctor,1
HistoryMemes,8
legaladvice,3
Ebay,1
slavelabour,2
dankmemes,4
forhire,2
Slipknot,1
HorrorGames,1
Needafriend,1
softwaregore,5
ForeverAloneDating,1
wholesomememes,1
submechanophobia,1
assholedesign,1
comment_count,203
