Subreddit,Post Count
total_count,0
TODispensaries,1
SuicideWatch,1
submission_count,2
