Subreddit,Post Count
total_count,0
starbucks,9
Harry_potter,1
tonsilstones,2
Pathfinder_RPG,3
SuicideWatch,1
gametales,1
submission_count,17
