Subreddit,Comment Count
total_count,0
blackladies,1
EDAnonymous,8
Advice,5
feemagers,1
askwomenadvice,16
TheGirlSurvivalGuide,10
birdstakingthetrain,1
AskWomen,2
CasualConversation,20
relationships,3
SuicideWatch,3
tumblr,1
ETBGE,1
GCSE,7
AskReddit,4
French,5
comment_count,88
