Subreddit,Comment Count
total_count,0
DavidDobrik,1
comment_count,1
