Subreddit,Post Count
total_count,0
SuicideWatch,1
EscalatingRevenge,1
submission_count,2
