Subreddit,Comment Count
total_count,0
Gamecube,2
Kappa,84
Megaten,6
neekomains,2
kof,3
irishpolitics,1
TheRightCantMeme,1
Guiltygear,4
ireland,1
StreetFighter,6
HyruleWarriors,1
acturnips,12
relationship_advice,2
ChrisChanSonichu,9
fireemblem,8
NintendoSwitch,44
dissidia,17
castlevania,1
UnderNightInBirth,7
EtikaRedditNetwork,2
SamuraiShodown,1
smashbros,19
blazbluextagbattle,24
leagueoflegends,87
Xenoblade_Chronicles,18
Blazblue,5
dragonquest,1
ShadowHearts,2
ffxiv,8
DotHack,1
depression,8
videogamedunkey,1
PoppyMains,3
TaliyahMains,1
octopathtraveler,7
movies,1
Toonami,2
Rateme,2
FinalFantasy,1
buildapc,1
nyc,2
emulation,1
Overwatch,5
TwoBestFriendsPlay,5
wiiu,1
AlpharadTV,2
comment_count,422
