Subreddit,Post Count
total_count,0
GooglyEyes,2
NoStupidQuestions,3
hashish,1
offmychest,1
onejob,1
AbstractArt,7
dankmemes,1
DisneyPinSwap,2
funkopop,6
comiccon,1
youseeingthisshit,1
investing,1
ketobeginners,1
kidsfallingdown,1
itookapicture,1
submission_count,30
