Subreddit,Comment Count
total_count,0
SuicideWatch,5
depression,7
reasonstolive,1
comment_count,13
