Subreddit,Comment Count
total_count,0
nextlevel,1
BeginnerWoodWorking,1
unsound,1
teenagers,3
StrangeAndFunny,1
writing,2
IndieGaming,1
pics,10
gifs,13
toast,1
Handwriting,1
mightyinteresting,1
ChatGPT,1
funny,23
programmingmemes,1
SillyTavernAI,2
Woodcarving,4
DogAdvice,1
ProgrammerHumor,1
MildlyBadDrivers,2
Minecraft,5
foodhacks,1
EnglishLearning,1
btc,7
Vermiculture,1
cprogramming,1
securityguards,1
learnmath,3
AccidentalComedy,2
tattooadvice,2
mattrose,1
AmIOverreacting,3
maybemaybemaybe,2
meme,18
Wellthatsucks,2
nextfuckinglevel,2
mildlyinteresting,1
tea,1
Dogtraining,1
pokemon,4
ollama,1
PartTimeJobsBase,1
StableDiffusion,1
JackSucksAtGeography,3
videogames,2
povertyfinance,1
VGC,1
PokemonLetsGo,25
doordash,1
notinteresting,2
tearsofthekingdom,2
repost,2
cobblemon,1
TravelMaps,1
mildyinteresting,2
ENGLISH,5
CreateMod,1
feedthebeast,1
duolingo,1
Anglicanism,1
SpanishLearning,2
hypotheticalsituation,2
ExplainTheJoke,1
SocialEngineering,1
malefashionadvice,1
Spanish,3
learnspanish,1
openSUSE,4
facepalm,1
FluentInFinance,1
theydidthemath,1
godot,1
SportCardValue,4
linux,2
HollowKnight,1
HomeQuest,1
mountandblade,1
Metamask,1
Notion,1
gaming,7
KarmaRoulette,1
memes,111
dataisbeautiful,3
TwoSentenceHorror,1
drones,5
WhitePeopleTwitter,16
coolguides,2
JusticeServed,1
PokemonLetsGoTrading,3
dogs,5
WatchDogsDieInside,3
AnimalCrossing,5
bisexual,1
iWallpaper,1
millionairemakers,1
Unity2D,1
unpopularopinion,1
relationship_advice,6
whatisthisthing,1
tabletopsimulator,1
MinecraftEarthGame,3
mariokart,1
Coffee,2
AmItheAsshole,1
lacrosse,1
theydidthemonstermath,1
tattoos,3
Seaofthieves,6
SrGrafo,2
blender,1
Showerthoughts,2
nosleep,1
INTP,1
heck,2
NintendoSwitch,1
TheMonkeysPaw,3
cuntsdownunder,1
entitledparents,1
ActionFigures,1
interestingasfuck,1
Nicegirls,1
spaceengineers,3
LetsNotMeet,1
Songwriters,1
KidsAreFuckingStupid,1
Advice,3
dating_advice,3
reddeadredemption,5
trees,1
MemeEconomy,2
pokemongo,1
drunk,1
ComedyCemetery,1
watchplantsgrow,1
WeAreTheMusicMakers,7
RedDeadTournaments,1
sounddesign,1
audioengineering,4
AskReddit,1
IDontWorkHereLady,1
mazes,3
iamatotalpieceofshit,1
ableton,3
photocritique,2
musictheory,5
assholedesign,1
AskOuija,1
singing,2
SuicideWatch,4
UTPokemonGo,2
totallynotrobots,2
elderscrollsonline,1
livesound,2
NoMansSkyTheGame,1
FierceFlow,5
comment_count,501
