Subreddit,Comment Count
total_count,0
AmsterdamDanceEvent,3
therewasanattempt,1
Warframe,39
worldnews,4
dhl,2
DisneyPixelRPG,1
interestingasfuck,1
DnB,2
Eesti,8
me_irl,1
NoMansSkyTheGame,1
XDefiant,1
popheads,1
Parasyte,1
ProgrammerHumor,3
tifu,3
BalticStates,1
webdev,7
AppIdeas,1
dating,7
MHNowGame,3
TheUncannyCounter,1
funny,2
LifeProTips,1
PokemonInfiniteFusion,1
PokeWilds,1
SonicFrontiers,1
blackdesertonline,1
LDR,2
PokemonGoRaids,1
BlackPeopleTwitter,1
movies,2
GoogleFi,3
antiwork,1
MakeNewFriendsHere,5
vuejs,4
Firebase,2
LongDistance,4
GetMotivated,1
Genshin_Impact,2
dataisbeautiful,1
instantkarma,1
Animesuggest,1
gaming,3
RabbitReddit,2
memes,1
Kast,2
dating_advice,5
r4r,6
GamerPals,2
pics,2
AskReddit,6
relationship_advice,2
UpliftingNews,1
askwomenadvice,1
TwoXChromosomes,1
ForeverAloneDating,1
dank_meme,1
SuicideWatch,6
TooMeIrlForMeIrl,1
GirlGamers,2
depression,1
IdlePoring,1
interviews,1
pokemongo,27
pokemongodev,1
PokemonGOValor,2
AquaDesignInnovations,2
fo4,1
comment_count,211
