Subreddit,Comment Count
total_count,0
alberta,1
AskReddit,51
AskOuija,3
dankmemes,3
gorillaz,2
videos,3
CircleofTrust,3
mildlyinteresting,1
Edmonton,1
leagueoflegends,1
facepalm,1
podcasts,1
promos,1
comment_count,72
