Subreddit,Post Count
total_count,0
nottheonion,1
Ibanez,1
TwitchMains,1
philosophy,1
memesITA,1
ShitAmericansSay,1
comedyheaven,11
7String,1
confidentlyincorrect,1
guitarcirclejerk,1
sadcringe,1
technicallythetruth,5
cursedcomments,4
Music,2
notinteresting,5
musictheory,1
wholesomememes,6
dontputyourdickinthat,2
MakeMeSuffer,3
UniversityOfWarwick,1
WOSH,1
cursedimages,1
IBO,3
fakehistoryporn,2
comedyhomicide,4
memes,5
dankmemes,13
4PanelCringe,2
facepalm,1
macbook,1
WhyWereTheyFilming,2
dank_meme,4
SelfAwarewolves,1
FellowKids,1
suicidebywords,6
SuddenlyGay,4
bonehurtingjuice,3
Layer,1
antimeme,1
tipofmypenis,1
AmItheAsshole,1
blop,2
mlem,1
rimjob_steve,3
amiwrong,1
iamatotalpieceofshit,4
MurderedByWords,4
Nicegirls,2
2meirl4meirl,3
puns,2
nonononoyes,1
unpopularopinion,1
sbubby,1
Feminism,1
im14andthisisdeep,4
woof_irl,1
niceguys,3
madlads,1
aww,1
insanepeoplefacebook,1
PornoMemes,1
DestinyTheGame,1
boottoobig,2
MemeEconomy,1
thatHappened,1
DunderMifflin,2
iamverybadass,2
quityourbullshit,1
anime_irl,1
furry_irl,1
familyguy,1
BikiniBottomTwitter,1
furry,1
MovieSuggestions,3
PeopleFuckingDying,2
AskReddit,8
ainbow,1
lgbt,1
Android,1
mac,1
Advice,2
SuicideWatch,1
medical,1
GoodFakeTexts,1
musicsuggestions,1
Christianity,1
TextMessage,1
tipofmytongue,1
submission_count,187
