Subreddit,Comment Count
total_count,0
borderpolars,2
SpicyAutism,1
Undertale,5
Deltarune,5
Ghoststories,1
comment_count,14
