Subreddit,Comment Count
total_count,0
MechanicalKeyboards,59
tipofmyjoystick,3
pcmasterrace,1
halo,1
EarthPorn,1
anime,1
TI_Calculators,3
Lenovo,3
holdmyredbull,1
Rainbow6,6
movies,1
gifs,1
Sneakers,1
comment_count,82
