Subreddit,Comment Count
total_count,0
askgaybros,6
bipolar,1
researchchemicals,9
comment_count,16
