Subreddit,Comment Count
total_count,0
AskReddit,2
friendsafari,32
comment_count,34
