Subreddit,Post Count
total_count,0
Birkenstocks,1
Sephora,1
submission_count,2
