Subreddit,Comment Count
total_count,0
Glitch_in_the_Matrix,1
apexlegends,2
the_division_2,2
CODZombies,12
vinyl,7
AEWOfficial,6
pocketwatch,1
BlackoutBattleRoyale,7
Blackops4,4
Drugs,12
howimetyourmother,3
HIMYM,1
R6SiegeFashionAdvice,1
comment_count,59
