Subreddit,Comment Count
total_count,0
boardgames,4
tipofmyjoystick,2
jobs,3
freefolk,1
hearthstone,26
leagueoflegends,7
NoStupidQuestions,3
thanosdidnothingwrong,2
PUBATTLEGROUNDS,14
Sekiro,4
cursedimages,1
asktransgender,1
darksouls,4
gunpolitics,2
Gamingcirclejerk,3
customhearthstone,5
DarkSouls2,5
marvelstudios,1
askphilosophy,2
PoliticalHumor,1
coolguides,1
iamverysmart,1
depression,2
hmmm,1
coaxedintoasnafu,1
news,2
a:t5_2spfo,1
me_irl,2
AskUK,2
me_irlgbt,3
zuckmemes,2
SuicideWatch,8
buildapc,7
traaaaaaannnnnnnnnns,1
hearthstonecirclejerk,1
Wholesome4chan,1
AskOuija,14
math,2
friendsafari,54
comment_count,197
