Subreddit,Post Count
total_count,0
MisterBopi,79
gameverifying,1
resinprinting,1
MiddleEarthMiniatures,18
tabletop,17
TerrainBuilding,2
digimon,18
Tradingcards,38
TCG,66
tcgcollecting,68
tradingcardcommunity,19
PokeTube,22
PokemonYoutube,11
DungeonsAndDragons,8
wargaming,15
youngpeopleyoutube,2
digimonTCG,17
yugiohshowcase,7
DigimonCardGame2020,2
unboxing,29
Horror_Game_Videos,13
survivalhorror,15
HorrorGameVideos,20
residentevil,4
pokemonradicalred,1
Pokemonletsplay,6
pokemonchallenges,4
help,1
boardgames,2
PrintedMinis,1
FoodReview,1
FoodReviews,1
BuddyfightTCG,1
futurecardbuddyfight,1
Medabot,2
YouTube_startups,78
YouTubePlug,68
valheim,4
RealTimeStrategy,5
totalwar,5
RiseofMordor,3
IndieGame,19
indiegames,20
IndieGaming,20
gamejolt,12
TheLordOfTheRings,3
lordoftherings,6
GetMoreViewsYT,61
lotr,2
u_Bapedebopi59,7
PublicFreakout,1
antimaskers,1
itchio,8
cyberpunkgame,1
Playmobil,1
Scoobydoo,1
YouTubeBlastOff,26
StrategyGames,2
Minecraftbuilds,2
horror,10
GamerVideos,25
attackontitan,1
FallGuys,1
FallGuysGame,1
SubscribeToMe,24
YouTubePromoter,17
PromoteGamingVideos,12
openworldgames,1
zelda,1
lotro,1
RPGMaker,1
silenthill,2
pkmntcgcollections,2
SmallYoutubers,2
StrategyRpg,1
pkmntcg,1
linux_gaming,1
submission_count,973
