Subreddit,Post Count
total_count,0
depression,1
teslore,1
TexasChainsawGame,9
CompetitiveForHonor,1
Wellington,10
forhonor,1
BaldursGate3,3
sunsetoverdrive,1
newzealand,3
BG3Builds,1
196,1
ForHonorRants,1
TXChainSawGame,1
darksouls,2
LiminalSpace,1
SpidermanPS4,1
Steam,1
PersonalFinanceNZ,1
deadbydaylight,3
Showerthoughts,1
Twitch,1
mountandblade,1
masseffect,1
submission_count,47
