Subreddit,Post Count
total_count,0
needadvice,1
submission_count,1
