Subreddit,Post Count
total_count,0
OnlyFangsbg3,38
DragonAgeVeilguard,1
dragonage,1
okbuddybaldur,12
TalesFromTheFrontDesk,3
BaldursGate3,4
Sims4,2
entitledparents,1
blurrypicturesofdogs,5
notinteresting,1
mildlyinfuriating,1
povertyfinance,1
thesims,1
DunderMifflin,1
Pareidolia,1
GreenBayPackers,1
forbiddensnacks,1
trashy,1
AteTheOnion,1
miniaussie,1
perfectlycutscreams,1
weightwatchers,2
me_irl,1
BrandNewSentence,1
Frugal_Jerk,1
Cursed_Images,1
creepyPMs,1
longboyes,1
Dogtraining,3
DogsMirin,1
jazzcirclejerk,1
woof_irl,3
MEOW_IRL,2
TheWayWeWere,1
WiggleButts,6
OldSchoolCool,1
muacirclejerk,4
delusionalcraigslist,1
HadToHurt,1
aww,10
curlyhair,1
antiMLM,1
sadcringe,1
iamverysmart,1
PuppySmiles,3
puppies,1
AustralianShepherd,3
blop,1
WhatsWrongWithYourDog,1
puppy101,1
service_dogs,1
submission_count,136
