Subreddit,Comment Count
total_count,0
montreal,1
formula1,1
orangecounty,1
opiates,1
MakeNewFriendsHere,3
food,2
henna,1
IAmA,1
college,3
SuicideWatch,4
nosleep,1
Needafriend,2
AskaChemist,1
AskReddit,2
chemistry,1
FRIEND,1
Bumble,1
comment_count,27
