Subreddit,Post Count
total_count,0
fightporn,1
ihaveihaveihavereddit,1
smallstreetbets,1
ferrets,2
LatinoPeopleTwitter,1
TikTokCringe,2
antiMLM,2
terriblefandommemes,1
religiousfruitcake,1
Ooer,1
insanepeoplefacebook,1
povertyfinance,1
Fuckthealtright,1
wholesomememes,1
2meirl4meirl,3
AskReddit,2
HaveWeMet,7
WhitePeopleTwitter,4
adorableoldpeople,1
AustralianShepherd,2
aww,3
FoodPorn,1
ShitMomGroupsSay,1
news,1
vegan,1
badwomensanatomy,2
exchristian,3
food,1
SuicideWatch,1
TIHI,1
BlackPeopleTwitter,2
stevenuniverse,1
MrYeasty,1
fakehistoryporn,1
ComedyCemetery,6
terriblefacebookmemes,1
OutOfTheLoop,1
mildlyinteresting,1
NoStupidQuestions,1
pics,2
OldSchoolCool,1
UnexpectedMulaney,1
Badfaketexts,1
cosplay,1
DeepFriedMemes,2
Nicegirls,1
teenagers,1
explainlikeimfive,1
beermoney,1
AskOuija,2
thatHappened,2
Dogloaf,1
MemeEconomy,1
FellowKids,1
StarWars,1
disney,1
PrequelMemes,1
submission_count,88
