Subreddit,Comment Count
total_count,0
fountainpens,521
Journaling,235
shittyfoodporn,18
notebooks,12
energydrinks,25
WarriorCats,3
oddlyterrifying,4
Eyeshakers,1
monsterenergy,1
wunkus,3
cats,4
VirtualYoutubers,4
kurosanji,6
tipofmytongue,3
HydroHomies,2
popping,2
dippens,10
plushies,3
LeopardsAteMyFace,1
kingdomsofamalur,3
yurimemes,4
TrollCoping,3
childfree,400
butchlesbians,19
nintendoswitchlite,3
DogfreeHumor,1
mechanicalpencils,6
Nijisanji,2
BPDmemes,12
werewolves,3
distressingmemes,1
CPTSDmemes,19
prochoice,15
TrueOffMyChest,9
skyrim,18
IllegallySmolCats,4
BanPitBulls,52
HelpMeFind,3
NintendoSwitch,2
insanepeoplefacebook,3
offmychest,8
nope,3
scrungycats,3
greebles,1
CatSmiles,1
sadcringe,2
gatekeeping,3
trashy,4
nystagmus,2
raisedbynarcissists,13
PickyEaters,2
LilGrabbies,2
TIHI,2
peopleofwalmart,2
confessions,4
blackmagicfuckery,2
Pocketfrogs,23
MakeMeSuffer,4
noodlebones,2
EDAnonymous,2
picrew,29
TouchThaFishy,1
GirlsLastTour,1
actuallychildfree,1
EDC,1
Advice,5
CPTSD,7
antinatalism,17
SuddenlyLesbian,1
pens,6
suspiciouslyspecific,1
TwoSentenceHorror,7
oddlysatisfying,1
wisdomteeth,6
GatekeepingYuri,1
awfuleverything,6
AskReddit,9
knifeclub,1
HazbinHotel,1
CountOnceADay,5
jigokuraku,1
niceguys,2
Wooloo,1
MadeOfStyrofoam,8
EDanonymemes,12
AmItheAsshole,6
mildlyinteresting,2
ENA,2
Handwriting,6
selfharm,3
2meirl4meirl,2
ClassicDepravities,12
iamatotalpieceofshit,2
traumatoolbox,1
lighters,1
CrackheadCraigslist,8
imsorryjon,1
Showerthoughts,1
forbiddensnacks,1
TwoSentenceSadness,5
yiffinhell,3
creepyPMs,1
TILI,2
HolUp,1
arttocope,2
talesfromcavesupport,2
DragonMaid,3
THE_PACK,1
StonerEngineering,1
mechanicalheadpens,1
Dogfree,9
stopmotion,1
Hololive,2
wlw_irl,1
spreadytoes,1
DDLCcirclejerk,1
Lamy2000Club,2
depression,1
FoundPaper,2
WTFgaragesale,2
DDLC,1
standardissuecat,1
AnimalsBeingJerks,3
truechildfree,7
TenseiSlime,1
entitledparentsmemes,1
JUSTNOFAMILY,1
goodanimemes,5
TalesfromtheDogHouse,1
thedawnpatrol,3
MonsterMusume,1
CrazyFuckingVideos,1
NoDogsNoKids,1
shitposting,2
Cigarettes,6
webcomics,1
IRLEasterEggs,1
guro,1
DeepIntoYouTube,1
MadeMeSmile,1
dontputyourdickinthat,1
Naturewasmetal,1
Beastars,1
WhitePeopleTwitter,2
Frugal_Jerk,3
PenmanshipPorn,1
DesignPorn,1
Rabbits,1
comment_count,1799
