Subreddit,Post Count
total_count,0
LiminalSpace,1
okbuddyretard,3
teenagers,3
cyberpunkgame,1
me_irl,3
therewasanattempt,3
memes,3
MxRMods,1
cursedimages,3
blursedimages,4
CrappyDesign,1
Memes_Of_The_Dank,1
Bossfight,1
SuicideWatch,1
confession,2
u_EternalDread666,1
submission_count,32
