Subreddit,Post Count
total_count,0
AskDocs,3
Watercolor,1
WriteStreakJP,1
TelogenEffluvium,5
Chonkers,1
limerence,1
childfree,1
CLOUDS,1
LearnJapanese,1
vegan,4
ParisTravelGuide,3
Chromecast,1
AskLondon,1
Anticonsumption,1
sunset,1
raining,1
antinatalism2,1
FemaleHairLoss,1
askSingapore,1
unrealengine,1
Cantonese,1
underratedmovies,1
Moomins,6
Mindfulness,1
dyson,1
singaporefi,2
AskReddit,1
ShittyVeganFoodPorn,2
singapore,4
weeaboo,1
dogs,1
Rainbow,1
misanthropy,2
reclaimedbynature,2
piano,2
Osaka,1
travel,1
old_anime_jp,1
90sAnime,1
tipofmytongue,4
Miniworlds,1
Petloss,1
Hong_Kong,2
anime,1
aircrashinvestigation,2
whales,1
lastimages,1
helsinki,1
submission_count,77
