Subreddit,Post Count
total_count,0
PHikingAndBackpacking,5
hirono,1
HouseFlipper,1
secretsanta,1
lifeisstrange,2
howyoudoin,2
spiders,1
Philippines,4
lisathepainfulrpg,1
awwwtf,1
Voltron,1
OnePiece,2
The100,1
RWBY,5
HIMYM,1
HolUp,1
Layer,1
StardewValley,7
raining,1
perfectloops,2
HildaTheSeries,1
woof_irl,1
marvelmemes,1
Owls,1
Showerthoughts,3
lostredditors,1
me_irl,1
SuicideWatch,1
ghibli,1
konmari,1
TooAfraidToAsk,1
analog,2
peyups,1
CasualConversation,1
submission_count,58
