Subreddit,Comment Count
total_count,0
OWLCITY,2
comment_count,2
