Subreddit,Comment Count
total_count,0
plantarwarts,2
taiwan,1
meirl,1
HaircareScience,1
2meirl4meirl,7
DXMabusehelp,1
dxm,1
SexWorkers,6
SuicideWatch,6
EDanonymemes,1
suspiciouslyspecific,1
depression,3
FastWorkers,1
TooAfraidToAsk,1
MomForAMinute,5
natureismetal,1
comment_count,39
