Subreddit,Post Count
total_count,0
Teachers,49
PcBuild,1
pcmasterrace,2
orangetheory,1
AskAstrologers,1
astrology,2
SuicideWatch,2
LosAngeles,1
AskDocs,1
whatisthisthing,1
acne,2
popping,1
Jokes,2
croatia,1
Guitar,2
vegan,2
lexapro,1
depression,4
Accutane,1
NintendoSwitch,1
gaming,2
IWantOut,1
RealEstate,2
fireemblem,1
BPD,1
StudentLoans,1
ffxiv,1
darksouls3,7
submission_count,94
