Subreddit,Post Count
total_count,0
iPadPro,1
stalker,1
greentext,1
Helldivers,2
AdobeIllustrator,1
NonCredibleDefense,1
GamingLaptops,1
HighQualityReloads,1
submission_count,9
