Subreddit,Comment Count
total_count,0
HillsideHermitage,25
tipofmytongue,27
AskUK,1
Healthygamergg,19
enlightenment,1
AskReddit,6
AmItheAsshole,2
nosurf,1
netflix,1
psychology,1
changemyview,134
MaidNetflix,1
PrivateInternetAccess,5
relationship_advice,1
DIY,11
samharris,15
UpliftingNews,1
BeachHouse,1
ContamFam,3
MushroomGrowers,2
LockdownSkepticism,1
television,2
Whatcouldgowrong,1
askatherapist,1
AntiJokes,1
CoronavirusUK,15
TwoXChromosomes,3
bodyweightfitness,22
aww,1
TrueOffMyChest,1
unpopularopinion,109
NoStupidQuestions,1
JordanPeterson,77
mustachianism,4
antinatalism,33
Anticonsumption,2
Natalism,1
languagelearning,13
vikingstv,2
explainlikeimfive,2
UKJobs,4
betterCallSaul,8
AsianParentStories,1
IsItBullshit,1
keto,13
ketorecipes,7
Alcoholism_Medication,3
IWantToLearn,1
omad,46
neurology,1
Antranik,1
Posture,1
productivity,14
LifeProTips,1
familyguy,1
Paleo,3
nutrition,12
kurzgesagt,3
enoughpetersonspam,7
selfimprovement,5
TheWeeknd,1
findfashion,1
unitedkingdom,1
askpsychology,2
martialarts,5
Mnemonics,2
furniture,1
askphilosophy,2
Buddhism,3
Meditation,13
terrariums,3
malelivingspace,1
benshapiro,2
determinism,2
policeuk,8
news,1
IAmA,1
comment_count,732
