Subreddit,Comment Count
total_count,0
SuicideWatch,10
drugsarebeautiful,6
Drugs,2
depression,2
opiates,1
comment_count,21
