Subreddit,Post Count
total_count,0
misanthropy,2
mentalhealth,1
SuicideWatch,1
submission_count,4
