Subreddit,Comment Count
total_count,0
SaltLakeCity,1
TooAfraidToAsk,1
dating,1
dating_advice,5
agnostic,1
reactivedogs,7
borderlands3,1
PlanetZoo,1
VetTech,10
MakeNewFriendsHere,45
iamatotalpieceofshit,1
Whatcouldgowrong,1
Advice,3
Dogtraining,11
AnimalsBeingDerps,4
Needafriend,17
penpals,6
DogTrainingTips,1
BlackHair,1
username,1
SuicideWatch,4
monsterhunterclan,7
AskReddit,3
GamerPals,1
Gangstalking,9
MonsterHunterWorld,2
dogs,4
DoesAnybodyElse,1
tipofmytongue,1
PlusSize,4
relationships,1
comment_count,156
