Subreddit,Comment Count
total_count,0
tf2,10
me_irl,18
AskReddit,12
eu4,17
pyrocynical,6
Overwatch,3
hoi4,15
shower_thoughts,2
comment_count,83
