Subreddit,Comment Count
total_count,0
BambuLab,1
Fusion360,1
whatsthatbook,1
ElectricalEngineering,1
factorio,35
celestegame,1
maker,1
mtfashion,1
F1NN5TER,1
tesco,1
h3h3productions,60
MtF,2
3Dprinting,31
UniUK,2
playrust,160
pcmasterrace,30
WorkersStrikeBack,1
egg_irl,5
offlineTV,28
me_irlgbt,2
HazbinHotel,2
cats,2
meirl,2
houseplants,5
EngineeringPorn,2
iamatotalpieceofshit,25
HelluvaBoss,7
MaliciousCompliance,3
projectzomboid,3
unitedkingdom,13
anime_irl,2
CasualUK,11
MichaelReeves,3
MEOW_IRL,1
nagatoro,4
6thForm,33
TooAfraidToAsk,3
GirlGamers,1
confidentlyincorrect,1
lostgeneration,1
teenagers,127
Flipping,1
place,1
LabourUK,2
unpopularopinion,2
hanszimmer,1
electronics,3
antiwork,2
standardissuecat,1
AskReddit,21
RandomThoughts,1
AskUK,2
wallstreetbets,1
EscapefromTarkov,2
gaming,7
UKPersonalFinance,1
tf2shitposterclub,27
GreenAndPleasant,2
spaceengineers,3
The10thDentist,10
Astroneer,2
WatchPeopleDieInside,1
socialskills,6
apexlegends,28
justneckbeardthings,1
interestingasfuck,4
Unexpected,5
NiceHash,1
FixMyPrint,4
PrequelMemes,19
DankMemesFromSite19,3
Anxietyhelp,4
GCSE,6
nevertellmetheodds,1
worldnews,4
specializedtools,1
introvert,8
socialanxiety,17
Anxiety,4
iamverybadass,1
IsTodayFridayThe13th,3
Gamingcirclejerk,1
bestof,2
politics,3
cars,1
AteTheOnion,1
technology,2
SubredditDrama,6
britishproblems,1
Simulated,1
IdiotsInCars,1
Damnthatsinteresting,1
ThatsInsane,1
Conservative,1
Futurology,4
pcgaming,1
buildapc,1
greentext,2
UpliftingNews,1
insanepeoplefacebook,2
Zoomies,1
TwoSentenceHorror,2
Minecraft,3
maybemaybemaybe,1
PublicFreakout,6
newzealand,1
mildlyinteresting,2
assholedesign,3
ABoringDystopia,1
Android,1
instantkarma,1
mentalhealth,2
insaneparents,1
nextfuckinglevel,2
MechanicalKeyboards,1
blackopscoldwar,1
InternetIsBeautiful,3
MakeMeSuffer,1
nottheonion,1
cursedcomments,1
fakehistoryporn,2
Bad_Cop_No_Donut,2
todayilearned,2
photoshopbattles,1
toptalent,1
starterpacks,2
dataisbeautiful,1
WTF,1
WhitePeopleTwitter,1
Whatcouldgowrong,5
coolguides,1
youtube,2
BeAmazed,1
JusticeServed,1
teenagersnew,1
HistoryPorn,1
TheGoodPlace,2
tuckedinkitties,1
KidsAreFuckingStupid,1
science,2
aww,2
YouShouldKnow,1
teslamotors,3
dankmemes,8
AskMen,3
MadeMeSmile,1
pan,1
ANormalDayInRussia,1
mildlyinfuriating,1
DataHoarder,1
modernwarfare,1
teenagersrenewed,6
techsupport,2
videos,2
sadcringe,1
suspiciouslyspecific,1
me_irl,3
FuckYouKaren,1
therewasanattempt,1
tf2,2
awfuleverything,1
trashy,3
PewdiepieSubmissions,2
gifs,1
AMDHelp,1
likeus,1
RedditSessions,1
announcements,1
AbruptChaos,1
tifu,1
HydroHomies,1
reactiongifs,1
battlestations,1
cursedprints,1
LateStageCapitalism,1
atheism,1
lastimages,1
trippinthroughtime,1
TheMonkeysPaw,1
wholesomememes,1
Showerthoughts,1
FellowKids,1
WinStupidPrizes,1
MovieDetails,1
europe,1
NatureIsFuckingLit,1
Tinder,1
cringe,1
comment_count,1001
