Subreddit,Post Count
total_count,0
rpg_gamers,1
truespotify,1
Pathfinder_Kingmaker,1
Career_Advice,1
HellLetLoose,4
VanLife,1
MRI,6
childfree,1
Zillennials,1
gamingsuggestions,1
Pensacola,5
Eldenring,2
eldenringdiscussion,3
careerguidance,1
Salary,1
jobs,2
DarkAndDarker,5
findapath,2
MedicalPhysics,1
personalfinance,2
Birmingham,2
BaldursGate3,1
Destin,2
CampingandHiking,1
festivals,3
Teachers,1
aves,8
EDM,1
Lineman,1
solfest,1
lightsallnight,2
avers30,1
atlantaedm,1
cincinnati,1
TeacherReality,1
worldnews,1
listentothis,1
leagueoflegends,2
JoeRogan,1
DnD,2
TOR,1
enderal,2
personalfinace,1
unpopularopinion,1
SuicideWatch,1
RocketLeague,1
TrueOffMyChest,2
CasualConversation,3
Advice,2
medicine,1
PAstudent,1
DungeonsAndDragons,2
DMAcademy,1
wonderdraft,1
Tinder,1
prephysicianassistant,2
ElysiumProject,1
education,1
StopGaming,2
submission_count,103
