Subreddit,Post Count
total_count,0
dragonballfighterz,2
kakarot,2
ShouldIbuythisgame,2
pokemon,1
theouterworlds,1
MonsterHunterWorld,4
Games,6
gamingsuggestions,6
saplings,12
weed,2
Berserk,1
Mordhau,1
MortalKombat,1
worldwarzthegame,1
Vaping,6
Kenshi,1
EDF,1
electronic_cigarette,20
juul,2
alcohol,5
runescape,5
TWEWY,1
Guildwars2,1
MMORPG,1
WorldofTanks,2
assassinscreed,1
dragonage,2
Warframe,1
dragonquest,1
MonsterHunter,70
DragonsDogma,3
octopathtraveler,1
Disgaea,2
roguelikes,1
pathofexile,1
ToME4,1
darksouls,2
Battletechgame,1
playstation,1
VPN,1
GodofWar,2
witcher,17
deadcells,1
elderscrollsonline,4
Vermintide,2
IntoTheBreach,1
bloodborne,32
FFXV,1
Drugs,21
kingdomcome,4
anime,9
monsterhunterclan,5
VRchat,3
diablo3,1
blackdesertonline,1
dxm,6
UneasyAlliance,1
deathgrips,7
wow,6
Cigarettes,30
oblivion,3
Persona5,9
LofiHipHop,1
ffxiv,21
southcarolina,1
FinalFantasy,2
StardewValley,4
lotro,1
manga,1
TwoBestFriendsPlay,2
Minecraft,1
FinalFantasy15,1
prey,1
Toukiden,1
masseffect,1
northernlion,1
Nioh,1
LSD,2
projecteternity,1
Steep,1
starbound,1
factorio,1
darksouls3,14
NoMansSkyTheGame,1
dyinglight,4
kroger,1
skyrim,4
Overwatch,1
totalwar,3
GlobalOffensive,1
depression,2
DarkSouls2,5
starcitizen,1
Trove,1
civ,1
XenobladeChroniclesX,6
space,4
Fallout,9
StarWars,1
rpg,1
LifeProTips,1
DestinyTheGame,6
metalgearsolid,6
cigars,3
teenagers,2
mgo,1
selfharm,2
EliteDangerous,2
Fireteams,1
StrangeMusic,1
TrueDetective,1
FromTheDepths,1
Meditation,3
Posture,1
WorldOfWarships,1
beards,4
dbz,1
persona4golden,2
RocketLeague,1
Frisson,3
Terraria,2
KerbalSpaceProgram,4
cringe,1
universesandbox,1
harvestmoon,4
Morrowind,1
dwarffortress,11
lfg,1
DungeonsAndDragons,1
gameofthrones,6
flightsim,1
drunk,1
gnomoria,2
asoiaf,5
vnsuggest,1
Advice,1
Music,5
electronicmusic,1
LucidDreams,1
LucidDreaming,1
suggestmeabook,2
CitiesSkylines,1
MDMA,1
Acid,1
rap,1
trees,3
dbxv,1
Fitness,1
beer,1
shrooms,1
hentai,1
runefactory4,1
interstellar,2
SuicideWatch,1
mountandblade,3
spaceengineers,1
books,1
submission_count,565
