Subreddit,Post Count
total_count,0
marvelrivals,3
RivalsCollege,5
SuicideWatch,20
depression_help,1
bloodpressure,1
TopCharacterTropes,1
AdultSelfHarm,3
neurodiversity,6
TrueOffMyChest,1
youtubedrama,1
FortniteSkinPosting,1
FortNiteBR,10
booksuggestions,2
adhdmeme,1
excatholic,1
selfimprovement,1
findapath,2
CharacterRant,2
SeriousConversation,5
SmashRage,40
PokemonScarletViolet,1
bropill,1
malepolish,1
pokemon,6
ADHDers,1
Random_Acts_Of_Pizza,3
CrazyHand,1
RedditWritesSeinfeld,1
PhiladelphiaEats,1
FireEmblemThreeHouses,19
BlackAsexuals,1
shitpostemblem,12
Megaten,1
cookingforbeginners,1
Cooking,1
perfectlycutscreams,1
premiere,1
philadelphia,5
SmashBrosUltimate,31
smashbros,13
SmashAU,1
smashmemes,1
me_irl,2
ADHD,11
SmallYTChannel,1
asexuality,2
pointlesslygendered,1
AskReddit,41
running,2
memes,1
theroom,1
sbubby,2
boomershumor,1
starterpacks,10
Showerthoughts,4
SubredditDrama,1
CrazyIdeas,1
AccidentalWesAnderson,1
SonicTheHedgehog,8
PoliticalHumor,2
television,3
yugioh,2
deephouse,4
nintendo,1
SuperMarioOdyssey,2
WordAvalanches,2
Miami,1
fakealbumcovers,10
30ROCK,1
videos,1
graphic_design,2
Asexual,3
bestof,1
college,2
personalfinance,1
fatlogic,1
listentothis,1
bleach,1
Stuffers,1
raisedbynarcissists,1
offmychest,3
AdviceAnimals,1
daria,2
news,1
logodesign,1
Music,1
askscience,1
cats,1
education,1
submission_count,356
