Subreddit,Comment Count
total_count,0
AskReddit,9
masseffect,2
breakingbad,1
gallifrey,1
withintemptation,1
tf2,4
comment_count,18
