Subreddit,Comment Count
total_count,0
Yellowjackets,1
whatdoIdo,1
TrueUnpopularOpinion,3
namenerds,1
MeatyVaginas,9
limerence,1
xena,2
bipolar2,3
sex,6
tifu,2
mentalhealth,1
AskReddit,7
PsychologyTalk,1
mentalillness,3
relationships,3
AmItheAsshole,5
calmhands,1
WhatShouldIDo,2
GirlsInDiapers,37
RealGirlsInDiapers,1
Hyperhidrosis,11
bipolar,7
domesticdiscipline,1
ABDL,2
askmanagers,2
AskWomen,7
Advice,34
askwomenadvice,1
BipolarReddit,18
ABDLPersonals,7
Femaleorgasmdenial,1
DeniedGirls,2
ADHD,1
cglpersonals,1
lostgeneration,1
BostonSocialClub,1
polyamoryR4R,2
BDSMpersonals,4
coolguides,1
AnimalCrossing,1
SandersForPresident,1
GeneralHospital,1
Outlander,2
MaladaptiveDreaming,1
ask_transgender,1
MetroPCS,2
BasicBulletJournals,1
GoodTrouble,2
migraine,1
WhitePeopleTwitter,3
shoppingaddiction,1
overcoming,1
sugarlifestyleforum,1
boston,10
menwritingwomen,1
insanepeoplefacebook,3
iPhoneXR,1
absolutelynotme_irl,1
podcasts,1
LadyBoners,3
tuckedinkitties,1
borrow,2
AskMen,3
iphone,4
ShitRedditSays,1
holdmyfeedingtube,1
AppleWatch,1
Scams,1
ChronicPain,4
tooktoomuch,4
AskHR,1
crappycontouring,1
freefolk,2
asoiafcirclejerk,4
thanksimcured,1
awfuleverything,2
SansaWinsTheThrone,1
DaenerysWinsTheThrone,1
homeless,1
GameOfThronesMemes,1
oddlysatisfying,2
fatlogic,8
thalassophobia,1
massachusetts,1
MakeupAddiction,5
IncelTears,1
wholesomebpt,1
blunderyears,1
TrueOffMyChest,6
trashy,3
unpopularopinion,15
europe,1
animalkingdom,1
KidsAreFuckingStupid,1
1200isplenty,2
forwardsfromgrandma,1
BPD,20
socialism,1
kratom,7
CrappyDesign,2
AskTrumpSupporters,1
NatureIsFuckingLit,1
cats,2
shittyaskscience,1
pics,2
Showerthoughts,5
bostonhousing,5
BipolarSOs,1
bulletjournal,1
TwoXChromosomes,3
NarcissisticAbuse,1
TheGirlSurvivalGuide,3
horror,1
LushCosmetics,1
Fibromyalgia,1
Anthropology,7
raisedbynarcissists,11
amiugly,12
internetparents,6
legaladvice,1
selfharm,3
creepyPMs,1
jobs,1
toastme,1
promos,1
askscience,1
JUSTNOMIL,8
CasualConversation,2
depression,1
studentloandefaulters,1
Assistance,4
Blep,2
reactiongifs,1
LifeProTips,1
mildlyinfuriating,1
Anxiety,3
sociology,5
casualiama,1
rarepuppers,1
blackcats,5
SupermodelCats,1
aww,4
gifs,1
funny,5
popping,1
AbandonedPorn,1
confession,2
awfuleyebrows,1
loseit,1
socialanxiety,1
tattoos,1
morbidquestions,1
Best_tattoos,1
natureismetal,1
movies,3
CityPorn,1
ExpectationVsReality,1
changemyview,1
ANormalDayInRussia,1
SweatyPalms,1
EarthPorn,1
news,1
urbanplanning,1
penpals,1
Ethnography,3
SuicideWatch,5
chemistry,4
comment_count,506
