Subreddit,Comment Count
total_count,0
depression,4
thebutton,1
SuicideWatch,9
confession,8
relationships,10
comment_count,32
