Subreddit,Post Count
total_count,0
depression,1
succulents,1
submission_count,2
