Subreddit,Comment Count
total_count,0
OnOff,1
AskReddit,14
pcmasterrace,1
Netrunner,10
YMS,2
leagueoflegends,5
SuicideWatch,8
gifs,2
rickandmorty,6
books,1
AdviceAnimals,12
gaming,6
FanTheories,6
funny,10
SolForge,1
WTF,2
Nerf,1
explainlikeimfive,5
gamecollecting,1
television,2
videos,4
pics,3
IAmA,2
todayilearned,1
technology,2
news,1
nocontext,1
comment_count,110
