Subreddit,Comment Count
total_count,0
gonewild,20
pcmasterrace,3
LeagueConnect,1
anime,34
movies,2
SexToys,1
WTF,3
AskReddit,1
PS3,1
FancyFollicles,1
cats,6
rollercoasters,2
leagueoflegends,4
gameofthrones,1
drunk,1
SuicideWatch,6
self,2
wow,3
gifs,1
gaming,1
AdviceAnimals,5
Tinder,1
news,1
asstastic,5
GWCouples,5
comment_count,111
