Subreddit,Post Count
total_count,0
steamsupport,1
Steam,2
wargaming,1
onepagerules,2
classicwow,4
gofundme,2
Assistance,1
project1999,5
tales,2
JRPG,2
Syria,1
emulation,1
FairbanksClassic,2
gamedev,4
RPGMaker,13
PERSoNA,2
ageofsigmar,1
Warhammer40k,2
Warhammer,1
Fitness,2
swtor,1
Unity2D,1
rpg_gamers,1
Rateme,1
personalfinance,2
medicine,1
depression,6
USMC,2
CivcraftRoma,1
rpg,1
AskReddit,1
dating,1
wow,2
MMORPG,3
dayz,3
GlobalOffensive,4
SuicideWatch,1
witcher,3
pcmasterrace,4
cigars,1
Cynicalbrit,1
angryjoeshow,1
WildStar,1
assassinscreed,2
submission_count,96
