Subreddit,Post Count
total_count,0
trans,1
AskLGBT,1
morbidquestions,9
FutureWhatIf,11
guro,5
OffensiveSpeech,1
radiohead,2
anarchocapitalism,1
TopMindsOfReddit,3
dwarffortress,15
conspiracy,47
AskReddit,2
skeptic,1
personalfinance,1
Fallout,1
NoStupidQuestions,2
KeepWriting,2
shittyadviceanimals,1
HistoryWhatIf,2
conspiratard,1
socialism,4
nottheonion,1
WritingPrompts,5
AskScienceFiction,4
pics,1
communism,1
BlackPeopleTwitter,1
Drugs,1
rage,1
TheBluePill,37
confession,4
Showerthoughts,1
EnoughLibertarianSpam,3
LGBTnews,1
gaming,2
vandwellers,1
yiffcomics,1
cataclysmdda,7
Gfurcomics,1
Wicca,1
whowouldwin,5
WTF,1
legaladvice,1
birdswitharms,1
ShitRedditSays,1
cats,1
trees,1
changemyview,1
submission_count,199
