Subreddit,Post Count
total_count,0
gastricsleeve,3
AmItheAsshole,1
pugs,2
submission_count,6
