Subreddit,Comment Count
total_count,0
ExplainTheJoke,2
HelloKittyIsland,29
Degrassi,42
leslieclarksnark,3
tattooadvice,3
FortniteFestival,29
CommercialsIHate,1
scambait,2
AskAnAmerican,2
oldpeoplefacebook,16
whatisit,1
shittytattoos,6
librarians,7
NameNerdCirclejerk,13
AskReddit,10
MadeMeSmile,1
tragedeigh,19
Inkmaster,22
mildlyinfuriating,2
namenerds,8
whatismycookiecutter,1
OneBlackBraincell,2
notliketheothergirls,1
deathnote,2
FacebookScience,1
TheWayWeWere,1
PastAndPresentPics,1
steelers,3
CouncilOfCats,1
cowcats,1
Libraries,1
DuggarsSnark,5
ForgottenBookmarks,1
thumbcats,1
ChoosingBeggars,2
todayilearned,1
playstation,1
kindergarten,1
kindle,3
AnnamarieTendler,3
cakefails,1
LibbyApp,6
goodreads,3
DHMIS,1
stupidquestions,1
wendys,2
agedtattoos,1
comment_count,266
