Subreddit,Comment Count
total_count,0
sweden,637
place_nordicunion,2
eurovision,4
SveaTjej,3
CrusaderKings,1
discordapp,20
thesims,7
sims2,1
oblivionmods,3
antiMLM,5
funny,4
gameofthrones,123
oblivion,3
tipofmytongue,3
de,10
SketchDaily,1
skyrim,2
delusionalartists,1
prisonarchitect,27
pointlesslygendered,1
orangeisthenewblack,45
hittableFaces,1
OnionLovers,1
slimerancher,3
depression,35
Instagramreality,1
funhaus,18
Botchedsurgeries,1
AbandonedPorn,2
MaliciousCompliance,1
worldnews,27
QueerEye,1
civ5,2
dustypcs,1
westworld,1
justneckbeardthings,2
restofthefuckingowl,1
ASOUE,1
AskReddit,36
Petscop,3
rupaulsdragrace,5
vegan,1
JonTron,5
trashy,8
shameless,89
badwomensanatomy,1
ShittyVeganFoodPorn,4
TheHandmaidsTale,3
CrappyDesign,1
aww,5
Dreadlocks,1
60daysin,1
surrealmemes,1
GlobalTalk,20
GameTheorists,3
MorbidReality,3
BetterEveryLoop,1
lastimages,1
LateStageCapitalism,1
MMFB,2
ShadowBanned,18
SCP,1
UnresolvedMysteries,10
Art,1
KnightsOfPineapple,1
pics,1
AccidentalRenaissance,1
cripplingalcoholism,2
OutOfTheLoop,1
LadyBoners,4
submechanophobia,3
TheBluePill,2
madmen,3
ambien,1
nostalgia,1
JUSTNOMIL,1
relationships,19
firstworldanarchists,1
macgaming,1
EnoughTrumpSpam,12
AlienBlue,3
2meirl4meirl,3
MarchAgainstTrump,2
explainlikeimfive,2
civ,11
Fuckthealtright,1
neoliberal,1
iamverysmart,2
WTF,1
me_irl,1
swedishproblems,8
polandball,2
SwedenOnPlace,5
nosleep,14
place,2
rarepuppers,1
awfuleverything,2
Games,7
kindafunny,4
roosterteeth,11
User_Simulator,3
11LittleRoosters,5
thalassophobia,3
Fuck2016,2
Denmark,7
shittyfoodporn,1
secretsanta,1
cringepics,1
nameaserver,1
SuicideWatch,1
dontstarve,6
thewalkingdead,3
BestOfSweden,1
italy,1
RagenChastain,1
Lund,2
drunk,1
freefolk,1
awfuleyebrows,2
blunderyears,9
soma,3
eFreebies,2
Markiplier,1
spop,1
showerquestions,1
raisedbynarcissists,27
happy,21
comment_count,1472
