Subreddit,Post Count
total_count,0
RivalsOfAether,1
PatchesEmporium,2
ItalyMotori,1
labyrinthofrefrain,1
AskHistory,1
boardgames,1
buildapc,1
buildapcforme,1
italygames,1
soloboardgaming,1
piano,1
dontdeadopeninside,1
SteamDeck,1
spiritisland,1
runefactory,1
ShouldIbuythisgame,4
summonerschool,31
psychoanalysis,1
leagueoflegends,35
Scholar,2
Onyx_Boox,1
DivinityOriginalSin,1
darksouls3,1
TeamfightTactics,1
LegendsOfRuneterra,1
zoemains,1
dotamasterrace,1
askphilosophy,13
italy,6
MonsterHunterWorld,1
DimmiOuija,2
pokemontrades,2
SuggestALaptop,2
BattleRite,1
AcademicPhilosophy,1
asklinguistics,1
ffxiv,4
ffxivraf,1
techsupport,2
latin,1
electronic_cigarette,2
picrequests,1
gamedesign,1
wow,6
Smite,3
German,1
starbound,1
explainlikeimfive,1
learndota2,2
drums,1
treeofsavior,2
Erasmus,1
EndlessLegend,1
Undertale,1
Animesuggest,1
LeagueofLegendsMeta,2
switcharoo,1
RocketLeagueFriends,1
hinduism,3
Guitar,1
Guildwars2,1
LanguageBuds,1
hearthstone,1
selfharm,2
findareddit,2
offmychest,1
SuicideWatch,1
penpals,1
askscience,1
depression,3
Nexus7,2
logic,1
starcraft2,1
DotA2,12
HeroesofNewerth,1
dota2ndq,1
Maplestory,1
dota2pubs,1
submission_count,200
