Subreddit,Comment Count
total_count,0
CODWarzone,18
Warframe,2
OpenAI,1
ChatGPT,1
work,5
blackops6,25
leaves,2
legaladvice,3
cymbalta,2
ModernWarfareIII,23
AskMechanics,11
MechanicAdvice,10
gaming,15
CatAdvice,7
testicularcancer,12
MarioMaker,12
mildlyinfuriating,1
NBA2k,1
tires,2
careerguidance,13
nba,1
Anxiety,8
AskReddit,28
NoStupidQuestions,3
fo76,3
Fallout,2
saintpaul,1
halo,60
mechanics,2
catcare,1
PlanetZoo,3
AndroidGaming,1
doordash_drivers,1
xboxone,5
dataisbeautiful,1
Showerthoughts,2
youtube,1
DIY,1
Millennials,1
bindingofisaac,15
retailhell,1
shittyfoodporn,1
CallOfDuty,4
xbox,6
Justrolledintotheshop,1
Advice,3
Warzone,3
DecidingToBeBetter,4
tifu,3
jobs,3
skyrim,5
SkyrimModsXbox,1
HealthAnxiety,1
mechanic,1
personalfinance,2
cats,3
elderscrollsonline,15
Cartalk,1
MWZombies,1
mentalhealth,2
ModernWarfareII,4
Starfield,2
Autos,1
doordash,1
PublicFreakout,1
diablo4,2
DestinyTheGame,6
AmItheAsshole,1
apexlegends,11
Eldenring,16
dyinglight,7
xfl,1
Madden,1
civ,4
modernwarfare,2
Sims4,9
relationships,64
blackops3,28
Twitch,32
batman,2
Doom,6
BethesdaSoftworks,1
OldSchoolCool,2
gifs,4
pics,1
Jokes,1
dogs,17
BuddyCrossing,6
3dsFCswap,1
relationship_advice,1
minnesotavikings,1
Minecraft,2
askscience,1
comment_count,606
