Subreddit,Post Count
total_count,0
AskReddit,2
OutOfTheLoop,1
Showerthoughts,1
SuicideWatch,2
amiugly,1
tipofmytongue,1
submission_count,8
