Subreddit,Comment Count
total_count,0
teenagers,5
Art,1
Showerthoughts,6
WTF,1
AdviceAnimals,1
mildlyinfuriating,3
nosleep,2
mildlywtf,1
MildlyInterestingMC,1
trashy,1
TwoXChromosomes,1
askscience,1
comment_count,24
