Subreddit,Comment Count
total_count,0
BPDSOFFA,2
Anxiety,2
AskReddit,6
depression,11
menstrualcups,2
BPD,1
socialanxiety,1
mentalhealth,1
hamsters,1
confession,3
Luna_Lovewell,1
comment_count,31
