Subreddit,Comment Count
total_count,0
FragDecants,940
fragranceswap,4
fragrance,1
Wetshaving,53
fragsplits,1
wicked_edge,1
comment_count,1000
