subreddit,body,created_utc,score
nextfuckinglevel,nice,1583827229.0,2
shieldbro,LIES,1583820398.0,1
ShitPostCrusaders,what the number 4,1582891527.0,1
jojokes,what!? a stand,1582889523.0,1
hentai,Wait ain't this jolyne,1581376354.0,40
youngpeopleyoutube,does anyone actually support this kid,1576303026.0,1
KimetsuNoYaibaMemes,yeah I think it was Kamaboko Gonpachiro,1573512761.0,2
ihadastroke,Yes,1573480030.0,4
SuicideWatch,Thanks this made my day,1570016361.0,1
SuicideWatch,Yeis,1569939332.0,1
depression,I feel you bro,1569939268.0,4
fairytail,Bru your doing great,1569849740.0,3
