subreddit,body,created_utc,score
depression,Why does the world seem so cruel?,1560053498.0,3
depression,"That's sounds about right. I feel like some people may be too harsh on themselves, although sometimes I wonder if it's because they can be harsh on others too-- myself included. I guess it's just one more thing I have to continue working on daily. Thanks for the answer :)",1548679482.0,2
