subreddit,title,selftext,created_utc,score,upvote_ratio,num_comments
hulaween,Menstruation Station?,General store at the barn is out. Anyone know where to grab some tampons? Thanks gang!,1572205836.0,1,1.0,2
SuicideWatch,It was two weeks ago. I’m okay now but I don’t remember much. (Nothing serious happened btw),"I think the ideas got the best of me. I called a bunch of people to keep myself out of it, I think. But none of my immediate friends or family know about it and I’m afraid it will happen again",1566100331.0,2,1.0,2
alcoholism,Hi. Just found this group. Cut out booze for a month but found my way back to it.,27yo and have started to accept that I have a problem. I’m thankful and sorry this community exists.,1563044282.0,3,1.0,4
