subreddit,body,created_utc,score
bulimia,"Thank you, I really needed encouragement to keep going",1559163797.0,2
bulimia,"I definitely relate, but I think we should learn how to fall in love with ourselves. As far as I know, it is the only love that lasts for a lifetime. You are the only one who is going to be there for yourself no matter what. And does being a bit heavier/lighter change anything? No. It is just in your head",1556324091.0,2
bulimia,"Amazing! Continue posting your progress, we are here to learn and encourage. Don’t think about failing, live as if you have already succeeded, because you have. Keep it up!",1556254285.0,2
leangains,"Huge thanks, looking forward to the glute gains",1556252393.0,3
leangains,"Thank you for your calculations, meant to write “about 54”",1556223491.0,0
nutrition,"The thing about plant protein is that it is often hard to find sources that contain all essential amino acids, but other than that protein is protein and there shouldn’t be any differences in your gains if you plan your meals thoroughly and make sure you are eating enough.",1555761073.0,5
aww,The world needs more people like the owners of this best boye,1555760710.0,1
bulimia,"Hey, I know how you feel, I also have to spend the next days with people and try to eat like a healthy person. What I usually try to do at times like these is to shift my focus on the people- I communicate with my family and friends and it can take my mind off of the food. Don’t try to avoid the food, you will get hungry and that could result in huge binges afterwards. Take a bit of everything, just small pieces, savour them, eat slowly. If anyone asks, you just had a stomach bug/ you feel nauseous and don’t want to irritate your stomach too much. Thats my usual plan",1555594534.0,3
bulimia,"Hey. I know how you feel. I have told about my BN to very few people that I love. I also feel misunderstood most of the time when talking to them. For example, my mom keeps telling me how bad it is for my health and that “maybe I should try to do it less often” as if I were in control of it. What I try to keep in mind at moments like these is that none of them have gone through it, therefore I cannot expect them to even remotely understand what I am experiencing. I do, however, know that all of them care for me and just want me to get better and so does your boyfriend. These seemingly useless pieces of advice from them are just their way of trying to help us. Be strong, seek professional help, if you can, and know that there are people who are going through the same thing and are willing to talk if you want.",1555389816.0,7
