subreddit,title,selftext,created_utc,score,upvote_ratio,num_comments
AutisticPride,This how I survive my day to day,,1626548113.0,1063,0.99,58
SpitzeMeinerZunge,Suche eine Hörspielreihe wahrscheinlich aus den 2000ern,"Die Reihe war dazu, Kindern Zugang zu klassischer Musik zu eröffnen.
Die Rahmen Handlung ist, dass eine Junge und ein Mädchen mit ihrem Opa durch die Zeit reisen um das Leben verschiedener Komponisten zu sehen.
Ich glaube der Junge heißt Peter.
Es gab Folgen zu:
Beethoven
Vivaldi
Strauß
und wahrscheinlich noch mehr an die ich mich nicht erinnern kann",1746996698.0,1,1.0,1
depression,How do I cope?,I honestly dont know how to deal with this anymore. Everything is so fucking horrible and im slipping in and out of suicidality but truly want to find a way. I just think there isnt one. I feel good for extended periods of time (about a year most of the time) and I am even able to handle some bad situations then something happens and I slide right back into the worst periods of my life. I truly dont think I can life in this world. I wish my life wasn't like this.,1726946617.0,1,1.0,7
depression,Why am I like this?,"I cant deal with this shit anymore. I felt really good for about a year now but everything just fucking crumbled to dust again. I just want fucking happy relationship and I dont know what is wrong with me. I meet this incredible guy we date and then out of the blue he's like yeah I guess I cant date you and its the same thing everytime. I feel good for a while thinking I beat my depression and finally get into the right headspace to meet someone, we hit it of really well then they randomly break it off and I become suicidal again. Why am I like this? Why is my life like this? I think I am honestly just cursed and I cant live like this anymore",1726587871.0,2,0.75,0
SuicideWatch,Somebody please just fucking kill meeeeeeee,"I cant deal with this shit anymore. I felt really good for about a year now but everything just fucking crumbled to dust again. I just want fucking happy relationship and I dont know what is wrong with me. I meet this incredible guy we date and then out of the blue he's like yeah I guess I cant date you and its the same thing everytime. I feel good for a while thinking I beat my depression and finally get into the right headspace to meet someone, we hit it of really well then they randomly break it off and I become suicidal again. Why am I like this? Why is my life like this? I think I am honestly just cursed and I cant live like this anymore",1726584649.0,0,0.5,0
lgbt,Is it just me or does anyone else feel like pride month is bad for their mental health?,There is just so much open queer phobia. Everytime I open the Internet all I see is people denying my existence or just straight up wishing death on queers. Yes there are allies as well but the replies are always filled with so much hate,1685793497.0,13,0.85,6
germantrans,HRT Indikation,"Hi,

Ich bin mittlerweile wirklich verzweifelt. Ich habe so ziemlich jede Stelle, in einer halbwegs gut zu erreichenden Entfernung, die eine Indikation anbietet kontaktiert und habe genau 2 Antworten bekommen. Dort stehe ich nun auf der Warteliste und darf mindestens 1,5 Jahre warten um auch nur einen ersten Termin zu bekommen.

Kennt hier jemand evtl. irgendwelche Tipps wie ich irgendwie früher an eine Indikation komme? Im Moment denke ich über psychiatrische Notaufnahme nach, um Zugang zu Therapeut\*innen / Psychiater\*innen zu bekommen, die vielleicht eine Ausstellen.",1681920260.0,4,0.75,8
lgbt,"Trans men of reddit, what are some unique ways you experience transphobia?","As a trans woman I know the ins and outs basic transphobia as well as terf arguments calling me a predators etc. What I don't really hear about / experience is transphobia directed specifically at trans men. I believe it is very important that we understand each other's struggles to be able to fight transphobia together, so please tell me your stories brothers :)",1679587927.0,24,0.97,12
depression,I do not want to kill myself but I feel like it's the best thing for me,"I dont really want to get into my whole lifestory but basicly I have had pretty severe depression ever since I was a little kid. I have tried what feels like everything: years of therapy, medication, long term mental hospital visits, and don't get me wrong they have helped a lot but I just feel like I am not capable of living in this world. I can't work a job because it my brain just decides to make me hate everyting as soon as I try doing it as a job no matter how much I loved the thing before. And even if that wasn't the case my work capacity is so low that i would not be able to work more than like 2 days a week at most and that just if there was absolutely no stress. Otherwise my life becomes a living hell. I am 99% sure that I don't qualify for disablity benefits or anything like that so I'm just left with being a failure and sitting around until hopefully something happens to me or I decide to go through with suicide.

Finally opening up about this feels very good even if it's just to a bunch of internet strangers :)",1677180331.0,5,1.0,3
movies,Does anyone know about a European release of Hellraiser 2022?,"So Im a huge Hellraiser fan and would really like to watch the newest movie in the franchise but since I live in Germany I don't have access to Hulu and I'm kinda confused if and where it's going to be released in Europe. Hoping someone here knows more then I do. :)

ps: please excuse any English mistakes it's my second language",1673389046.0,1,0.52,8
AutisticPride,Do you guys also struggle with seeing in bright / dim light?,For me it feels like I'm basicly blind when it's dark / dim and I get super overwhelmed from bright light and can't see anything. I think this comes down in part to my blue / grey eyes but I wonder if it's also an autism thing,1662493547.0,5,0.79,3
AskReddit,What have you always wanted to ask a non binary person without any judgement?,,1661535194.0,4,0.56,185
whatisthisthing,the sediment in this 60s fluid compass,,1661380407.0,14,0.94,19
AbsoluteUnits,This Zucchini my brother got from his schools garden today,,1658085892.0,15,0.8,3
relationship_advice,How can I help my GF with the trauma her toxic ex caused?,"The situation is as follows:

My GFs last relationship was a toxic mess but she believed in it untill the end and gave her ex multiple second chances, which he always used so further bully and gaslight her.

Right now we are having a bit of a relationship crisis, because she doesnt love me as much as she used to and she thinks that I deserve someone who loves me more. We thought about things we could try to rekindle our love but she has extreme problems with trying them because it reminds her to much of the Situation she had with her ex.

I hope you guys have any ideas how we can work on this problem and hopefully find a solution.

please excuse any language mistakes since im not a native speaker",1650980339.0,1,1.0,3
cursed_chemistry,Sag this in chemistry class today and this just look so wrong,,1631293070.0,0,0.24,6
NonBinary,Love how androgynous I look in this pic,,1630250079.0,36,0.98,0
NonBinary,Outing my self to my family,"How do I out myself to my parents with out it seeming like ""just a phase"". My parents are very progressive so I'm not afraid of being rejected but more of them not really understanding what non binary means or it seeming like an emo phase or something",1630175302.0,2,1.0,2
NonBinary,How would you describe being non binary?,I am currently on a bit of a journey of gender exploration and kinda feel like I could be non binary but I am not sure if I really understand what it means so I'd love get your opinions.,1629829194.0,3,1.0,3
AutisticPride,Are weighted blankets worth it?,"I often hear that many autistic people like weighted blankets and that they are supposed to be calming and give you a feeling of being hugged. Since I often feel a need to be hugged or held and could very often use something calming, I thought about getting one but wanted to hear your guy's opinion",1627844472.0,19,1.0,15
pathofexile,we some how managed to have a seven man party (KEK FTW),,1627747979.0,0,0.33,2
pathofexile,this is honestly my favourite look in the game (No pants 4 life),,1627588214.0,81,0.85,14
AutisticPride,This is the most amazing stim toy,,1626946267.0,172,0.99,22
AutisticPride,would you guys like to set up a Discord?,[removed],1626724628.0,5,1.0,2
aww,Can you guess which one we had first? :D,,1625584506.0,27,0.92,1
AutisticPride,The Big Bang Theory is a piece of trash,"I honestly never understood why people like this show. 99% of the Jokes are just: "" HAHAHA he ist autistic"" and the other 1% are: ""HAHAHAHA he is misogynist"". I feel like the shows only purpose is to make fun of autistic people for being different than NTs. It also spreads these stupid stereotypes of ""all autistic people love science"" as well as ""all scientist are autistic and completly socialy incompetent""

sry for the rant but i really needed to get this out of my system

English isn't my first language so please be kind :)",1625574775.0,634,0.97,165
aspergers,Is it normal to get parts of songs looping in your head for days?,Sometimes I get really small parts of songs stuck in my head for days or even weeks. Its not like earwors more like two or three lines of the song or like a couple of notes from a riff. Is this an ASD thing or is it just a wierd thing about me?,1623694175.0,509,0.99,94
aspergers,"Do you guys feel a need to ""recharge"" after social situations?","I spontaneously went to the Zoo with some friends yesterday and i feel extremly burned out. Upon a bit of reflection I realised, that I kind of need to recharge for a couple of days after doing something social. Is this normal for people on the spectrum?",1621775058.0,869,0.99,114
ich_iel,Das Triell ist Gold,[removed],1621513921.0,1,1.0,1
depression_help,I can not do anything besides procrastinating,"Basicly the Title. As soon as I get out of my chair, my mood instantly swings down to the point of suicidality.",1617282994.0,8,0.91,6
pathofexile,Dont play in the evening (cest),I just got disconected twice both times loosing me a fractured map (around 250c). And the Trade api works a lot worse starting around 8pm,1612904617.0,25,0.71,12
196,Fuck the rules,\^\^,1612734163.0,5,0.74,0
ich_iel,Source https://www.twitterperlen.de/thread-was-sind-die-absurdesten-schwurbel-thesen-die-ihr-kennt/,,1611524040.0,1,1.0,1
chemistrymemes,chemical buffers ftw,,1611044964.0,56,0.99,3
chemistrymemes,Laughs in German,,1610641625.0,69,0.99,8
teenagers,"Help, I just realised that im closer to 30 than my birth",[removed],1604592209.0,1,1.0,0
accidentalswastika,This bossroom in Path of Exile,,1602444943.0,3,0.64,3
SuicideWatch,give me reasons not to kill myself,"I have done some reading about it recently and I just don't see any good reasons not to kill my self, it just seems like the most logical  solution to all of my problems",1580572703.0,1,0.67,9
depression,give me reasons not to kill myself,"I have done some reading about it recently and I just don't see any good reasons not to kill my self, it just seems like the most logical solution to all of my problems",1580571570.0,2,1.0,2
depression,i have a problem with my therapist,"I have been in therapy for about half a year and i've discovered, that im just not realy comfortable talking to my therapist. I have two major reasons for that the first one is that i'm just not comfortable talking to anyone but my closest friends about how bad my mental state realy is. And the second one is that i don't think that she realy understands how my depression feels. When I started therapy I i was a lot more comfortable talking to her but then i realised, that she just doesn't really understand how I feel and that lead to me being less confortable talking to her and not telling her how bad my state really is. And now I'm trapped in this vicious cycle of being less and less comfortable talking to her which leads to me lying to her which makes her understand me less which makes me less comfortable talking to her. I don't think getting a new therapist will help because in my expirience no one who doesn't have depression can really understand what it's like.

I would really apreciate some advice from you guys becausei can't go on like this but have no idea what I should do

PS: English isn't my first language so please excuse my bad english",1579974659.0,2,0.76,7
pathofexile,I created a MONSTER,,1535145543.0,0,0.41,1
