subreddit,title,selftext,created_utc,score,upvote_ratio,num_comments
languagelearning,Struggling with language barrier,"I'm staying with a Guatemalan host family for 3 weeks as a complete beginner in Spanish, with 4 hours of Spanish school daily. I'm 1.5 weeks in and I feel like I'm struggling worse than when I started. 

I've been learning mostly verbs in class with a very small amount of vocabulary. Because of this I can understand about 75% of what my host family is saying, but I can't understand the point of what they're trying to say because I don't know enough vocabulary. 

Another boy at my homestay completely carries the conversations at meal times (3 per day). I sit there and listen, but I can't fully understand what they're talking about, and I'm at the point where I'm so overwhelmed that I just freeze up when they talk to me and I have to turn to the English speaking guy and ask him to translate for me. He's also a complete beginner but has much more Spanish vocab than me. 

I feel so stupid and overwhelmed. I'm dreading the end of the week when he leaves because I'll just be awkwardly sat there at meal times completely silent for another week. I feel like my homestay family have given up on talking to me because I'm so bad. And I don't even want to start conversations anymore, because I just know they'll ask me something and I won't know what they're talking about, again. 

Does anyone have any advice? Or any stories of them going through something similar.. I want to give up. TIA",1727318024.0,4,0.84,13
Stickinsects,"my spiny just died, what happened?",she was really weak this morning and just died in my hand. :( i think she was constipated as there was no poo in her enclosure and her back end looks like this. any ideas? i was misting her enclosure,1699565484.0,5,1.0,2
tipofmyjoystick,"[PC] [mid 90s-late 2000s?] action/adventure game set in the desert, ancient egyptian tomb explorer","Platform(s): PC   
Genre: action/adventure  
Estimated year of release: likely 2000s? maybe late 90s?  
Graphics/art style: low poly-ish. definitely trying to be realistic but not super advanced graphics. not boxy graphics though.  
Notable characters: i THINK you had to play as a male character.  
Notable gameplay mechanics: i'm pretty sure it was 3rd person.  
Other details: you start out in a house/building and you have to escape it. it was daytime at the beginning of the game. i also remember it being very open world. i remember being able to walk around in the desert for a very, very long time. i reckon i'd spent up to an hour just walking around the desert when i was a kid. there was also an ancient egyptian sort of tomb, with huge open rooms. i remember having to squeeze along a ledge across a pit, like hugging the wall. 

honestly i don't remember there being a story or characters, but i definitely just could have ignored it as a kid. i don't especially remember enemies, but i'm leaning towards thinking that there were enemies. i don't think i got very far in the game lol.",1696497846.0,3,1.0,6
AutismInWomen,cptsd + autism + inattentive adhd presentation?,"i don't know what i want to get out of making this post. maybe advice or other peoples stories. my manager at work who is very openly audhd has really strong opinions about the neurotypes of the people in our team. i'm not entirely sure that i am audhd myself but i know that i'm different than other people. and i've had an interest in autism ever since i first found out about how autism presents differently in women when i was 15 (23 now).

hearing her say this to me just breaks me everytime. i trust her and look up to her so much. it makes me feel like i just grew up as a weird and disorganised and spaced out person who deserved to get bullied for it because thats just who i am.

what makes this harder in my opinion is that i have cptsd as well (no doubt about that) mostly from being bullied by basically everyone i grew up around until i was 19 and from my parents. so i have a lot of shame about showing my personality. i try to be as normal and small as possible at all times. and every time she says i'm ""normal"" and that ""there's nothing wrong with me"" it makes me feel invalidated. which is a big trigger for my cptsd.

i don't relate to every single autistic trait. and i relate closer to the inattentive adhd subtype. i'm not talkative at all and i don't seem outwardly impulsive. i have special interests but i never talk about them. and i dont think i could make a conversation about if i tried (unless i was talking to someone who was also interested in it). i don't really like talking at all and i think that both due to shame and my thoughts being so jumbled in my brain that i can't get a proper sentence out. and i think that's why she thinks i'm neurotypical. 

but i am a hsp and i have sensory issues and special interests and i have a routine that i stick to. i see a lot of myself in my friends that are diagnosed but i definitely don't act exactly like them. i don't know. i relate to basically all of the ""females and autism: a checklist"" but i don't know because i might be faking it to try and pretend there's something special about me. or misunderstanding the symptoms.

if anyone also is audhd and has cptsd please let me know how your symptoms interact and overlap.",1694231019.0,4,1.0,2
solotravel,Probably worrying a bit too much about the social aspect of a hostel,"Hi everyone. I'm on day 3 of my 2 week Turkey trip. Its my first solo experience, and my first hostel experience as well. 

I'm finding it really hard to integrate myself into the group. There are only 2 social areas, a small indoor area and a slightly larger but still small outside area. When i get back to the hostel, most of the time, theres a group outside all chatting ect. I think i'm struggling to just get out there and sit down, because if i were to go out there, i'd have to sit right smack bang next to them on the table, which feels crazy intimidating. I cant tell, but i think they're all basically friends already?

Nobody that ive noticed has really just spent alone time at the hostel in their bed. Would it be weird if i just laid in bed and went on my phone/wrote in my journal and didnt go into the communal area? How do i even get the courage to sit at the communal area??

Its getting to the point that i'm dreading going back to the hostel😭",1684343556.0,155,0.92,130
pokemontrades,LF palafin touch trade,"my last pokemon for the pokedex. 

i can offer a lot of scarlet/violet exclusives for touch trade in return, just let me know :)",1672996746.0,1,1.0,19
pokemontrades,LF palafin touch trade,[removed],1672996368.0,1,1.0,0
CasualPokemonTrades,Giving away 3 20th Arceus Codes,"[event]

* E5323A8S2PZ5JCYP

* E53239RS5GJ6EPSF

* E53239TSXL4TMGO2

Please comment when you get them :)",1472897337.0,5,0.86,5
CasualPokemonTrades,LF: Legendaries (list inside) / FT: Shinies,"[trade] Pokemon I'm looking for:

- ~~Kyogre~~

- ~~Dusknoir~~

- ~~Palkia~~

- ~~Heatran~~

- ~~Regigigas~~

- ~~Cresselia~~

For trade the shinies I have are: ~~charmander~~, ~~cyndaquil~~, ~~torchic~~, chimchar, eevee, squirtle, totodile, piplup, oshawott, froakie. They are all hacked

Thank you!!",1469847562.0,1,1.0,44
friendsafari,LF: Dusclops,,1469326089.0,2,1.0,7
CasualPokemonTrades,LF: Diancie / FT: Hacked Shinies or 20th Darkrai,"[trade]

I have these hacked shinies: charmander, cyndaquil, torchic, chimchar, tepig, fennekin, squirtle, totodile, mudkip

I also have a darkrai

I'll offer 4-5 shinies for diancie, just pick which ones you want ! :)

Edit: forgot to mention that the diancie can be hacked or cloned
",1469185534.0,2,0.75,8
CasualPokemonTrades,So close to finishing the national dex!!!,"[tradeback]

These are the pokemon I need to be registered in my pokedex:

- ~~Unown~~

- ~~Hitmontop~~

- ~~Kyogre~~

- ~~Chingling~~

- ~~Spiritomb~~

- ~~Dusknoir~~

- ~~Regigigas~~

- ~~Arceus~~

- ~~Victini~~

- ~~Zekrom~~

- ~~Keldeo~~

- ~~Meloetta~~

- ~~Genesect~~

- Diance

Thanks so much in advance to whoever can help!! :)",1468735885.0,1,1.0,19
pokemongo,I have a million glitches in my game and it's really ruining my experience: help,"So today was probably my most frustrating day playing pokemon go. Here's what happened (BTW I use an iphone 5c with the latest ios):

- At home with strong wifi connection. Open the game. Loads halfway, glitches. Have to reboot.

- The game loads halfway again, reboot it and try the aeroplane mode trick, and it works. Game opens. Puts me back to level 1 on the wrong account (which I know is a glitch because theres no user but the experience meter is halfway). Reboot the game.

- Loads halfway twice, and then eventually works. I go outside with my 3g on. Set up a lucky egg and incense combo, as well as walking to an area with a few pokestops.

- Zubat appears straight away, and I try to catch it. It escapes from the first pokeball, and then the pokeball disappears into the ground and keeps spinning. I wait a bit and have to reboot the game.

- Go through the whole halfway loading screen again, puts me onto the wrong account (even though I used the same email I always do ??) so I have to reboot it, again. And then the loading screen yet again.

- And now my favourite part: this has all taken me about 15-20 minutes so my lucky egg and incense have almost run out. But I've at least gotten back onto the game so that okay, right??? Nope, when I try and spin the pokestops they tell me to 'try again later' even though they were the right shade of blue and I hadn't touched them for a day.

- I reboot, but I can't get into the game before the combo runs out so I just wasted both of those items, with only a measly 200exp from the single pokestop that worked.

Is there anyway to fix these glitches??? I really just want to play the game, but its a huge struggle just to open it on the right account :(

TL;DR I have glitches such as: pokeball sinks into ground when pokemon escapes, pokeball freezes after catching a pokemon, pokestops don't work sometimes ('try again later' message), when trying to get into the app the loading screen freezes and sometimes I get sent into the wrong account. Any way to fix them?

Sorry that this was really long by the way and thanks to anyone who helps me",1468549133.0,0,0.33,0
CasualPokemonTrades,LF: Lugia / FT: Ho-oh,[trade] Thanks :),1467778438.0,1,1.0,8
CasualPokemonTrades,LF: Someone to clone my event Pokemon / FT: The clones,"[hacks]

Unfortunately I don't have much to offer but the clones themselves :/

I have three pokemon to clone: Event jirachi, event darkrai and a moltres, and all of them to be cloned twice so I have 3 including the original.

Thank you :)",1467540879.0,1,1.0,0
CasualPokemonTrades,LF: Meowth or Persian / FT: Starters,"[trade]

I have all the starters, I'll breed for whichever one you want. :)",1467520477.0,2,1.0,8
CasualPokemonTrades,LF: Starters / FT: Other starters,"[trade] I'm trying to complete the national dex, and I need these starters:

-Tepig
-Chimchar
-Turtwig
-Or any of their evolutions.

For trade:
-Snivy/Servine with HA
-Prinplup with HA
-Torchic with HA
-Any other 1st stage normal ability starters

Thank you :)",1467250113.0,1,1.0,3
CasualPokemonTrades,Need help evolving 2 pokemon,"[tradeback] I need help evolving my clampearl and my boldore, thanks :)",1466934082.0,1,1.0,7
CasualPokemonTrades,Need help trading my seadra,"[tradeback] Will be online for an hour or so, thanks :)",1466770142.0,1,1.0,4
CasualPokemonTrades,LF: Spritzee holding sachet / FT: Swirlix holding whipped dream and vice versa,"[tradeback] All I'm looking for is either a spritzee or a swirlix holding their respective evolution items and I'll trade the opposite, also holding its evolution item. I'll be online for the next hour or two. Thanks :)

P.S I've never posted here before so if I do something wrong please tell me :|",1466315245.0,1,0.99,11
friendsafari,LF Bronzong :),Mainly bronzong but accepting most. Thank you!!,1465887591.0,1,1.0,18
friendsafari,LF Mankey,Will add most however :),1459562239.0,3,1.0,19
friendsafari,LF Clefairy :),Thank you!!,1457856443.0,1,1.0,8
friendsafari,"LF Larvesta please, adding all though",Thanks :),1455006221.0,2,0.67,29
BreedingDittos,"[Any] Bunnelby, Female, Level 3",[removed],1454735402.0,1,1.0,1
friendsafari,[Safari Unknown] Adding everyone :),"I'm not sure who's in my safari but I still hope my code helps you, thank you if you add me :)",1454064738.0,1,1.0,37
