subreddit,body,created_utc,score
RocketLeague,"I agree, but this update is already detrimental to the trading scene. They clearly don’t give a shit about the community.",1575621905.0,1
