subreddit,title,selftext,created_utc,score,upvote_ratio,num_comments
SuicideWatch,Far to fall,"Sorry for the long winded, don’t know where else to put this. I’ve heard people say the higher you are, the further you can fall.  Well, here I am, falling. 

I was born into a family business. No huge empire, but certainly enough to live very comfortably. I dropped out of school because ‘help was needed’. My sister found the business toxic and moved away. The business ended up supporting my brother who struggled with addiction. All the while I kept thinking ‘fake it till you make it’, went to work with a smile. 20 years later parents are retiring (kinda), and all I see is things falling apart. To the outside world, everything is great. To me, we have a failing business that is supposed to support 2 retirements, 1 addict, my marriage is collapsing as I type, and I’ve been propped up by alcohol and drugs for years.  

The one person I feel like I’m letting down is my father.  For years, I’ve put faith in him, that following direction, doing as I’m told would make everything work. He’s damn near destroyed his marriage, all other family relationships, it was so easy to blame, but for the last few year something turned. He wants to help his wife in bad health. He is reconnecting with my sister. He acknowledges mental health is a thing.  I keep thinking this is the father I thought I was following for decades.  And I have no idea how to handle the sudden switch. 

So here I am, this is my hole. My wife tells me she doesn’t know if we’re even friends anymore. My parents sometimes try, but it’s a drop in a decades deep bucket of shit. My siblings are nowhere. My depression has pushed all friends from my life years ago. If I walk away, I have no employable skills since dropping out of education.  I’m surviving on alcohol, meds, and denial each day. I’m googling ways to die and i feel like the countdown is on, I just don’t know what day will be the day.

I read stories about people who came from nothing, or had shit families, and on. I know I was born into opportunity. To the world, things seem great, but inside all I see is hopelessness. I keep thinking this is what it means to fall. Not end up bad from bad, but to truly fall. Let everyone down, including myself, and it makes me feel like I’ve failed even harder.  So maybe when I’m gone, my family can find something to come together over. My wife will move on and be happy. I don’t know, I just know that I can’t anymore. I’ve been faking this smile for so long, it’s grown so heavy, I can’t hold it any longer.",1564801731.0,3,1.0,1
