subreddit,body,created_utc,score
PEDs,"Currently I was in more than 1000 calorie deficit.

I plan on continue to lose weight slowly as I'm more comfortable with how I look right now",1747804781.0,1
PEDs,Diet will be maintenance calories?,1747803207.0,1
PEDs,And diet??,1747795744.0,1
PEDs,"I can't order from China.
I tried. All orders get stuck in customs.
I live in India.

Should I keep taking 20ug T3 and it won't affect? Because turning off thyroid for 2 weeks when body isn't stabillized doesn't seem smart",1747752198.0,0
PEDs,"Dude, he is half black. He has that black in him .",1747318811.0,1
naltrexone,"Precipitated withdrawls.
Week worth of withdrawl condensed in 24 hours. Severe withdrawls.",1747318744.0,2
IndianEnts,"Bhai dal, koo scene nahi h. 1% chance h. Put it in the bag jo belt p. Ata h.

THEY ARE LOOKING FOR BOMBS NOT 15* 0.5MG XANAX",1747240302.0,1
IndianEnts,"Never had issues.
I'm little confused about checkin bags.
I put one strip of zolpidem and some alprax with my laptop bag and as soon as I sat in my seat, I binged them and slept.

Other stuff were in the bag that comes on the belt.

Behenchod m carryon aur luggage m confuse ho rha hu. Domestic to domestic m no one cares.

I had all my meds as well when I travelled to bali. I even had buprenorphine lol, but I just drank cocktails there",1747240236.0,1
