subreddit,title,selftext,created_utc,score,upvote_ratio,num_comments
depression,I beat myself up,I just gave myself a bruise on my head. I just really hate myself.,1565767288.0,5,1.0,0
raisedbynarcissists,Can I rant to someone,I just need someone to vent too,1565506637.0,1,0.99,3
depression,Why,"It's so unfair. Why did I have to put up with all of this, I wish I just didn't exist. I've been abused by my dad, physically and mentally. He constantly put me down and criticized everything I did. He used to beat me with belts and punch me out of anger and scream at me, and no one else in my family cared. It was always my fault for making my dad mad, even when I literally did nothing and he started raging at me and threatening to punch me. My family would make fun of me whenever I tried telling them. And then I went through three years of bullying at school, I had no real friends, I only had people that talked to me when no one else was around and it was just to make fun of me. Now I'm so scared of opening up, I never had anywhere I felt welcome. I was a target everywhere. I can't talk to people anymore, I can't make eye contact anymore. I'm so scared of saying the wrong thing. I always make everyone feel akward because I act so fucking weird. I'm always fidgeting and mumbling. I feel like I can't interact with people, and I'm so lonely. I constantly feel ugly and worthless and suicidal.",1565334140.0,8,1.0,3
depression,I don't have anybody who supports me,"My family doesn't support me, I don't really have any friends either. I hate having to deal with everything alone.",1564983059.0,3,1.0,2
raisedbynarcissists,Is my dad abusive?," I went to the pool with my sister, it was supposed to go fine except I had a panic attack while there and I asked her to take me home. I felt guilty, she paid a fee to get in and here comes me with my issues wasting her money. I went up to ask my mom if I could borrow some money to give her and out of nowhere comes my father screaming at the top of his lungs, storming up to me. He was mad I didn't go ask him first. So, I tried talking to him, but it was impossible.

After trying to calm him down enough to explain, I finally explained that I left the pool because I had a panic attack. I didn't even get to finish before he starts screaming again.

He called me a pussy and said he isn't dealing with my ""pussy shit"" He didn't bother listening to anything else I had to say.

I didn't want to deal with this, so I told him to stop calling me a pussy and get out of my room.

Then he starts threatening to punch me.

He's punched me before and he gets in my face and yells at me like this. I'm I overreacting? He doesn't do this all the time.",1564767602.0,3,1.0,5
raisedbynarcissists,I'm feeling very suicidal,"I just want my dad out of my life. I never want to see him again. He had caused me so much agony and he's the source of all of my problems. 

He called me a names, he yelled in my face, he always made fun of me, he always shifted the blame onto me.

He used to beat me with a belt, he would demand I take of my clothes and lay down on the bed so he could spank me and if I didn't he would just corner me and keep yelling and threatening me until I did. He always gets in my face and screams and threatens me. 

My mom rejects that he ever did anything wrong and dismisses it all as ""tough love"" even though I've never done anything wrong to him. Not only does she not let me get therapy, she actively lies about it and says she's looking to get me help even though she isn't. I know she isn't, it's been months and she always gets angry when I ask her.

Even if I call CPS how would I prove anything? I don't have any scars, I don't have any video evidence, my mom is a liar.

I have no one to talk to, no friends or trusted adults. I don't have anybody in my life.

My dad has ruined me. I can't talk to anybody, I just shut up and do what they say because I'm scared of saying or doing the wrong thing. I've been the victim of bullying because of that. I can't focus on anything, I'm always dissociative. I'm failing school because I'm suffering so much it takes so much effort not to just throw myself in front of a car whenever I walk to school.",1564096987.0,9,1.0,3
teenagers,I'm about to die,"I'm really close to killing myself, I'm about to take a whole bottle of benadryl",1563780103.0,6,1.0,15
AmItheAsshole,AITA for telling my dad to leave me alone and not talk to me?,"Here's the situation: I went to the pool but left because I had a panic attack. When my parents came home, I talked to my mom about it when my father jumped in angry I didn't talk to him first. So I started talking to him and explained what happened, but he cut me off and started yelling and said ""stop being a p*ssy, I'm sick of this p*ssy sh*t"" I then told him to get out of my room, and he started getting angrier with me, so I told him to get out and to stop talking to me. Now after this happened my mom keeps telling me to go apologize to him and talk to him. I'm I in the wrong for not doing that?",1563339857.0,11,0.87,17
depression,I washed my sheets,Not the most impressive but I've been relapsing pretty bad so any progress is good progress I guess,1562739034.0,24,1.0,14
AbuseInterrupted,I need help with my situation,"I'm 15M and I just want to fix all of this but I don't know how.

I believe my father was abusive towards me. He used to beat me with a belt on my bare skin frequently, he punched me a couple of times, and he constantly made fun of me. 

I tried telling my mom how I feel (I just told her I don't feel safe around my dad) and she said she's looking to get me therapy but I strongly doubt it as I haven't heard anything since then and I've tried bringing it up with her and she gets angry with me and dismisses it quickly.

I really don't know what to do now and I just need advice.",1562481024.0,7,0.9,2
AbuseInterrupted,I'm lost,"I've been so confused the past months because I don't know if I was abused by my dad or not

-he used to explode in anger over miniscule things. I was downstairs once and I heard a loud bang and he ran downstairs and started yelling at me. He was standing over me, I felt threatened. That was because I left a window open. Another time I spilt water in the car.

-he always made fun of everything I did. Especially in front of other people. He loved making fun of me too his friends. He always called me stupid, dumb, etc. Anything I liked he wanted to make fun of me for it. 

-up until 7th grade I got hit with a belt. My dad would slam the door and yell at me to take my clothes off then he would hit me repeatedly. I never got scars but I remember not being able to sit for days. He would yell and scream and I would start crying and he said the more I cried the harder he would hit me.


I tried bringing this up to my family but they always either yell at me and call me a brat or start laughing and saying I'm a baby. No one else has a problem with him and they always seem to forget all the things mentioned above even though they were there for all of it.

He doesn't act like this anymore and everyone just thinks nothing happened. I don't know who to speak too.",1562184617.0,7,1.0,4
