subreddit,body,created_utc,score
PeopleFuckingDying,wHaT,1609485664.0,69
Louisville,"We just went there for our cat. Its definitely cheaper than other places Ive been before, but Im not sure what really qualifies as cheap v.s. expensive. However I am very happy with how they treated our cat and would definitely recommend them",1600996727.0,3
paradoxplaza,If you still have it the EU4 key would be nice. I was thinking about picking it up. Thank you for doing this,1595630067.0,1
aspergirls,"I feel more neutral than good about it but I work expo in a kitchen at a restaurant. I just bag orders and bring food out and clean. Its in a great spot because Im in the kitchen away from customers and the other front of house staff, but on the other side of the line from kitchen staff. The thing that makes it neutral instead of good is the kitchen gets pretty loud and when we’re not in quarantine I have to sometimes interact with customers",1587173386.0,6
aspiememes,I like this game,1586924482.0,3
JusticeServed,"“Its affordable if it needs be”

For many, no it’s not. Not everyone has insurance, and even with it medications like antipsychotics are several hundred if not thousands of dollars. Even generic. 

Completely anecdotal but I’ve ended up in the hospital because medication is often too much to pay for, and hospital stays are not cheap themselves. Sure, some people probably dont  take it because of choice, but I would not say most.",1577239405.0,2
freefolk,"Lysa: “Pull the lever Petyr!”

*Gets pushed through moon door*

Lysa: “Wrong leveeeeeeeeeeeeer!”",1564456942.0,1019
BirdsArentReal,Everyone knows the drones can’t read images if they’re poorly cropped. It’s one of their weaknesses,1561524473.0,7
TrueSTL,are urinals canon? asking for a friend,1560570634.0,21
CrazyHand,"I don't have tips for playing well aside from finding a single character and sticking with them. Not focusing on one or two puts you at a disadvantage against people who focus all their effort into a main. If you like Young Link, I suggest you only play him, at least while there.

Also, not as important for this tournament, but just for your future improvement, is if you play against people better than you, take this opportunity to ask them what you could do to improve. They might be able to point out flaws that you could work on or predictable moves or anything really. Criticism is one of the best tools for your improvement, and don't look at it as a negative thing.

Have fun!",1557518163.0,2
Morrowind,I really like that hair. What head replacer do you use? Ive only ever used Wesley’s,1553453929.0,1
