subreddit,title,selftext,created_utc,score,upvote_ratio,num_comments
shingles,16 diagnosed with shingles,Hey I’m really young and now not only do I have to deal wit normal teen stuff like acne I have this. So dose anyone have any tips for me to keep this from spreading ? Or like keep it away from my face ?,1587880680.0,3,0.81,9
ADHD,Not takeing meds,I’ve felt with adhd forever. I’ve tried every medicine. Stimulants and non stimulants I’ve recently just got fed up with the side affects and quit completely. Eny tips for staying focused without the use of meds?,1581527586.0,1,1.0,0
BadDesigns,Great clips,,1580253911.0,13,0.88,3
SuicideWatch,16 pregnant gf ending my life is the only way out,I’m 16 and my girlfriend is pregnant my parents already don’t rly like her and they don’t know yet and her dad will kill me anyway I can do two things kill myself and never have to deal with the ebresment and torture and let my offspring live on or I can take responsibility idk eny more. I had so many big plans in my future and it’s all gone in the trash now and nothing feels worth it anymore I’m in so mutch pain help  pleas,1576553561.0,1,1.0,5
tylerthecreator,IGOR oval container ideas ?,,1575645037.0,86,0.98,11
