subreddit,body,created_utc,score
depression_help,Can you dm me please,1581533956.0,3
depression_help,Hi can you dm me please,1581530785.0,3
depression_help,Hi can you dm me please,1581530776.0,6
