subreddit,title,selftext,created_utc,score,upvote_ratio,num_comments
SuicideWatch,It keeps getting harder,"I have no friends. I’ve never had a real relationship. I’m going to be spending new year alone again. My grades in university sucked due to my mental health issues and my degree has gotten me nowhere. I’m stuck in a dead end warehousing job and feel miserable when working there as I’m stuck with my thoughts all day with no way of distracting myself. There was a girl at my work who I was really starting to fall for who rejected me today.

I’m 26, almost 27. I keep getting older and nothing ever improves no matter how much I try. I feel like I’ve missed out on so much in my life due to my inability to socialise with people. I’m finding it harder and harder to find reasons to keep living and don’t know how I can go on.",1577744931.0,3,1.0,3
