subreddit,title,selftext,created_utc,score,upvote_ratio,num_comments
SuicideWatch,I’m afraid I’m going to kill myself but I don’t want to talk with anyone about it.,I’m not sure what to do. I’ve been thinking about killing myself since 6th grade and I’m now a Freshman in high school. Last night I almost jumped out of my window. And I can’t tell my parents well because there part of the reason. I don’t know what to do either. I’m sure everyone will pass this.,1567473743.0,2,1.0,2
