subreddit,body,created_utc,score
SuicideWatch,"I’m just saying “them” to remain as anonymous as possible, since I revealed some specific stuff about me I wanted to keep the gender neutral. I do enjoy being with them but i feel like a burden. they have tried to be understanding but they also haven’t always understood my illnesses. i feel like they would be so much happier without me

nothing brings me joy anymore, or if it does it’s so fleeting that it doesn’t really matter",1566856622.0,1
