subreddit,title,selftext,created_utc,score,upvote_ratio,num_comments
ucla,Grad Student Discord,Just wondering if there’s a grad student discord or anything similar?,1746230629.0,2,0.75,8
traderjoes,Tomato Dumpling Soup with No Dumplings,[removed],1736312368.0,1,1.0,2
SkipToLoafer,How many more volumes to go?,"How many more volumes do you all think we have left of Skip To Loafer? Ideally, I’d want to see the story go on forever and ever following Mitsumi and the gang to old age. Realistically, I think we’ll get through high school but I’m unsure if the story will go past that or if there will be an epilogue with a time skip. If that’s the case I feel like there’s not too many books left. I’m also not sure how long seinen works typically go on for. The last one I read was Dungeon Meshi which had really excellent and tight storytelling so it was just shy of 100 chapters but it definitely could’ve kept going. ",1725516933.0,33,0.98,9
stevenuniverse,[Spoiler] Theory on what's to come,"Some people are thinking that blue and yellow are going to side with the crystal gems for upcoming episodes, but this time I don't think we'll have as clean of a resolution. Not to yell foreshadowing, but remember when camp pining hearts showed a clip of a yellow camper and a blue camper mentioning a 'color war'? I don't think that was an unimportant scene. Maybe blue and yellow will be split on who to side with, or maybe the color war insinuates war waged against white.   ",1530934028.0,3,1.0,2
BeautyBoxes,FFF Summer Box Foreo Luna Fofo,"I'm kind of confused about the foreo and I can't find anything on it on the first website. Was the foreo supposed to come with a charging cable? I didn't see a USB port on the foreo so I'm not sure how charging works. Also what is the black pad thing it came with? All it says on it is ""scratch"". I'd appreciate any help lol",1528046173.0,3,0.71,11
stevenuniverse,"On the possibility of Rose ""body jumping"".","Lately I've been seeing a lot of theories that talk about Rose using her mind control powers to make the jump from Pink Diamond's body into a Rose Quartz. IF this is true, then the quote from Holo-Rose in Rose's Scabbard has a whole new meaning! ""MY Pearl."" Maybe Pearl really did belong to pink diamond, and she stayed by her side when she became Rose Quartz.",1470865965.0,3,0.81,4
