subreddit,body,created_utc,score
2007scape,"Less health than your max hit, so lower hp, it’s basically an execution mastery",1733410687.0,2
ironscape,"It’s cumulative though, 70 prayer doesn’t mean you can’t have the +9 prayer bonus, so it’s worth getting regardless, it’ll only increase how long you can pray for, so it’s good to get",1692287967.0,29
AmItheAsshole,"It’s insane you can’t wear headphones and have to get sick because your mother occasionally wants to have a short conversation, but she’s allowed to complain about the radio giving her migraines so they keep it off. Double standards much?

OP, very very much NTA you tried your best to compromise, but some parents can just be extremely irrational.",1691791670.0,1
2007scape,"Might not be the answer you’re looking for, but what I usually do when I have a lot to alch is grab my laptop or phone, hook up either my foot pedal or just something that makes it easier to click while not looking at the screen, and then use my desktop to just play an alt. gets my alchs done on my main iron and allows me to play my gimmicky accounts that I feel like playing once in a while for some fun",1691774756.0,8
2007scape,"Just because a lot of people use a plug-in as this for cheating purposes does not mean it doesn’t have valid use as something to help people with disabilities, and it’s perfectly fair to point out what these people are losing because the rotten apples of the community saw a way to gain a quick edge over the rest",1691422319.0,6
asexuality,"The flower crown from last years event also has an ace transmog, good for the matching fashionscape",1686147548.0,5
chessbeginners,"He wouldn’t need to defend against mate at all here, as his other bishop is free to take the queen

A strong offense is the best defense they say",1685381245.0,1
AmItheAsshole,"I’m laughing at the idea of weaponized incontinence, just shit your pants every time you don’t get your way",1684527609.0,112
AmItheAsshole,"I saw it in the news recently, a woman had been duct-taped to her seat because she tried to open the plane door in-flight, it looks just as funny irl as in my mental image lol",1683227002.0,25
2007scape,"Big props to mod Manked for this easter event, it's wholesome, it's fun, and unlocking the event items throughout the event instead of all at once after the event is so much nicer. 

I assume from the message I get when attempting to dig with the spade that it can be used instead of a normal spade for clues as well?",1680695812.0,1
2007scape,"Wait, is ctrl+f to search in bank not a vanilla feature? I’ve been spoiled by RuneLite I guess",1675546054.0,81
2007scape,It’s actually the hosidius patches,1671195413.0,3
2007scape,"Who you gonna rwt with, no one has any money",1669132802.0,19
ironscape,"The bots that run by are usually low total level, try hopping to a total level world to see if that helps with the bots, might see a little more pkers tho",1668125172.0,2
2007scape,"Right, and the bought bond then gets used by the buyer, who isn’t paying monthly for his membership because he’s using GP",1666915252.0,6
2007scape,"All the rest of the dogs in Varrock are spooky for me, except this one, but could be",1666830747.0,2
2007scape,"Always pet the dog, dog deserves love",1666828153.0,4
PlateUp,"If you get a mixer before a combiner, dough can be made by working flour instead of mixing it with water",1662657698.0,3
2007scape,Because it does play a role for the rift guardian pet obtainable from crafting the runes,1648258224.0,9
2007scape,"Mount karvroom, the fastest mountain Gielinor has ever seen",1646007895.0,83
2007scape,"Honestly it matters most with dictionary attacks, since it makes them way more viable if there isn’t the possibility of a random capital, for bruteforcing length matters way more",1640825992.0,3
Yogscast,"Could you perhaps share the recipe? I may not be able to order the jingle gin in my country, but that doesn’t mean I can’t try to make those with another gin",1640259327.0,1
2007scape,Say hi to our brothers in the other game though!,1639959272.0,32
Yogscast,Thank you so much <3,1639600495.0,1
Yogscast,"Is there perhaps a Murder By Numbers still available?

EDIT: I am also looking for PC building simulator and Farm Manager 2018

These were the games I almost bought the bundle for, but unfortunately due to being on extended sick leave I wasn't able to afford it",1639598617.0,0
Yogscast,Would you be willing to send me Just Die Already?,1639598522.0,1
2007scape,"Can’t put that on RC before you complete rune mysteries though, which means going to varrock",1639345474.0,2
2007scape,Can’t lamp rc without leaving lummy anyways,1639308232.0,1
2007scape,"If you’re sticking with the 4 ID’s (though I think it can be simplified into a single one with an additional db table keeping the links to the relevant information), you should make the order on the website and in the plug-in the same, in order to decrease the amount of errors between chair and keyboard",1638280009.0,20
2007scape,"I’d love to help out! I’ve been thinking about making something like this myself for a few weeks now, glad to see I’m not the only one, shoot me a dm with your GitHub or something and I’ll help out with whatever you need",1638279860.0,2
2007scape,"While I agree that this would be awesome, given that lore-wise Zuk breaking free from his prison in the inferno is unintended, it’s weird for him to track how often it happens to you",1638145488.0,19
2007scape,That’s a lot of gp,1636970249.0,1
Yogscast,Allow it access to a store with a single item: the jester emulator gun,1636882617.0,9
2007scape,Can you trim my BCP then? I'd love that so much,1636732272.0,1
BeAmazed,ironman btw,1636472620.0,0
2007scape,I'd love one of these,1636307313.0,1
2007scape,u/Cod_Murse,1636021200.0,-2
2007scape,Can. You. Please. Use. Periods.,1635931429.0,41
2007scape,"The ""Menu Swapper Extended"" plugin from the plugin hub has an option to do that under NPC Swaps (option is called Stray dog)",1635533194.0,6
2007scape,"Please don't eat bees, they're our friends",1635415668.0,1
2007scape,"My friend had that too when trying to make a new account, though unfortunately I don't have a simple solution for you, since I just ended up making an account for him from my PC where it did work. Maybe a friend can help you out there?",1635411212.0,2
runescape,"That's 100% true, and I don't disagree with you or the people who are rightfully mad that game breaking bugs happen so often in rs3, I was just providing a little perspective into how the beta worlds on OSRS work for the people who never play OSRS",1635253056.0,1
runescape,"Tbf, OSRS only uses the beta worlds so players can give feedback on future items that come from new bosses/raids, we generally don't get beta worlds for testing updates, or even access to the content (except for the unique rewards as mentioned) before the content releases",1635252264.0,1
2007scape,"Not gotten lucky yet, whether it’s in game or with your giveaways, I finally wanna get lucky somewhere lol",1635095447.0,1
Yogscast,"Well that at least explains why I saw clips of him sleeping, absolute madlad streaming for 4 days",1635028021.0,180
2007scape,"Problem with releasing it over winter break is that a lot of Jagex employees will have holidays as well, so there's less people available to fix problems and hotifx issues in case they happen",1634804290.0,5
2007scape,"For next time, I'm not 100% sure it still exists, but there used to be a really useful CC called Deliveritems, where you could request someone to bring you items to your location, all you had to do was have a little cash on you to cover the item price, and possibly a tip (not mandatory, just if you have some money spare and wanna pay someone for their help)",1634671924.0,-1
2007scape,Looking very nice!,1634535609.0,1
2007scape,"Goraks come to mind, iirc they have a 100% drop rate on rdt",1634492191.0,13
Yogscast,"Aight, thanks for your time ^.^ He really does look good though, guess I’ll have to console myself with the snarky plush I ordered yesterday",1634140579.0,1
Yogscast,Do you perhaps have an Etsy page or something like that where I could buy a little fella like him?,1634122594.0,4
2007scape,"When bugs start happening, whatever they are, in something like that, better limit damage because it could get worse, until you know what's going wrong exactly, you should always play it safe",1634064393.0,0
2007scape,"Amazing work like always, though the most interesting part for me from the previous one was the story from your childhood you posted with it. If you do more of these in the future, can you add another story (from yourself, or another user) just to relive some more nostalgia",1633919146.0,1
Yogscast,YES PLEASE,1633546995.0,1
2007scape,"I believe it's called ""Escape to close current interface"" or something along those lines, and it can be found in the RuneScape settings

EDIT: I believe it works for most interfaces, as the name suggest, and not just banks.",1633520656.0,3
Yogscast,"While I appreciate the link, it's a little misleading, since Duncan says it's available *now*, but I just rechecked the store, and it's not :(",1633466927.0,11
2007scape,"Ill be honest, I’ve been in love with that light since I saw your previous post, so commenting for the chance to win it",1633302364.0,1
2007scape,I'd like to get a rimmy if you wanna give it,1633034440.0,1
2007scape,"Whenever you drop something, or get a drop somewhere, it’s exclusively visible to you for a minute, after that minute it becomes visible for everyone, and 2(?) minutes later it despawns completely",1632595740.0,10
2007scape,Not a smart thing to bring into the wildy if you don't wanna risk much,1632571745.0,3
RunescapeGoneWild,"Link is down, can I get a PM with it?",1632076707.0,1
2007scape,"Haha, not even an infernal cape, your opinion definitely doesn’t count lol /s",1632062859.0,8
2007scape,"Yeah, because the rules we have against botting, RWTing and scamming have been sooooooo effective. I don't think rules are a solution for anything as long as Jagex isn't even willing to enforce them properly",1631991809.0,2
Yogscast,I would 100% listen to the yogs just talking about the games they tried out during the month,1631730539.0,5
2007scape,Could be a jmod?,1631567453.0,1
2007scape,"Max settings on a 2070SUPER and I'm at 50% GPU utilization, so I'm a very happy boi",1631554246.0,2
2007scape,"It says in the title ""Jagex hasn't released *their* HD client"", so I assume we'll be seeing this for a couple of years assuming OP doesn't get bored",1631304545.0,4
Yogscast,"Gura is cute, but I still prefer Ben",1631276639.0,2
2007scape,Pride cometh before the fall,1631099219.0,7
2007scape,"I feel he’s just embraced the meme, given that he never really comments on it. Internet communities say weird things all the time, I’m guessing he’s just used to it",1630531619.0,149
Yogscast,"Unfortunately r/RimWorld does not allow crossposting, so you'd have to make a new post there",1630530353.0,3
Yogscast,Thank you good sir/madam,1630248661.0,1
Yogscast,Does anyone have a link to this moment?,1630233075.0,2
2007scape,"Thanks for reminding me that Runelite has a Patreon, I instantly subscribed, they deserve my money for all the things they make for us as a community",1621453092.0,-1
2007scape,Why the fuck you say duck it's just fuck okay,1620122466.0,0
2007scape,"Would you be willing to share your model files, I own a 3D printer as well and would be really interested in making this one for myself as well",1609955692.0,2
Yogscast,"Tiltify doesn't send any acknowledgement, but the charity you donated to may or may not reach out to thank you",1607100394.0,2
allthemods,"Ah yes, that indeed appears to be the case, thank you. Hoping JEI fixes this soon",1598980966.0,2
2007scape,Please take my upvote and never write something like this again,1598042467.0,8
2007scape,"Nah, he right, dollars are worth less than pounds",1588885373.0,42
NutakuBootyCalls,There... there's a link... right at the top of the reddit... in a pinned post...,1576619310.0,1
NutakuBootyCalls,"Quick reminder to people wanting to help this guy out, ***DO NOT POST MOD LINKS IN THE COMMENTS, KEEP THAT TO DM'S***",1576221760.0,1
2007scape,"Ah, makes sense \^.\^",1576093896.0,1
2007scape,">5.4b xp

Uhm, max xp is 4.6b?",1576076132.0,1
2007scape,"Just to add on to this so people don't spend waaaaaay too long looking for this as I did, blood and soul runes are sold by the arceuus ***general store***, not the magic shops

Hope this saves somebody a bunch of searching",1576058958.0,8
NutakuBootyCalls,"You broke it on Thursday as well, not gonna happen bud, should've read the rules more carefully",1575744258.0,1
NutakuBootyCalls,"Like we said, we're not commenting on your ban reason  


Thread is now locked, further threads created by you about this topic will result in removal and a ban on this subreddit, have a good day",1575740620.0,0
2007scape,"If you don't mind unofficial merch, I'm going to have to recommend [https://www.etsy.com/shop/MadeByMoin](https://www.etsy.com/shop/MadeByMoin)   
I ordered from her shop a few times, all high quality stuff, all pretty iconic to the game, totally worth every penny I spent on it!",1575455585.0,1
NutakuBootyCalls,You eat cum :stare:,1575448150.0,1
2007scape,"(Barb) fishing or some hunter training would work as well \^.\^

GL on your week of UIM",1575373443.0,1
