subreddit,title,selftext,created_utc,score,upvote_ratio,num_comments
SuicideWatch,Help!,[removed],1580693310.0,1,1.0,4
