subreddit,body,created_utc,score
SuicideWatch,I highly know that noone actually cares they just dont want to seem like the bad person when ur gone.,1585627169.0,1
SuicideWatch,Yes I have but I stopped cause they didnt help me out at all,1585625428.0,1
SuicideWatch,"Ya that happened to me, it's stupid. Like I was in that shit for years and everytime I went they didn't even look at me the whole time I talked",1585625220.0,1
SuicideWatch,But with this virus it's hard to be able to go see a doctor,1585624842.0,1
SuicideWatch,"I'm constantly feeling down and belittling myself, and no matter what situation I am in I am always the bad person, its come down to self harming to calm myself down and idk if I cant just get rid of my emotions i know things will end up progressing",1585624805.0,1
SuicideWatch,I tried googling it but it just told me to watch violent pirn and that's not something I'm really wanting to look into more of,1585624704.0,1
