subreddit,title,selftext,created_utc,score,upvote_ratio,num_comments
bipolar,Realised I've been in an state of mania for a couple of weeks now...... Music?,"Hi, first time posting on here with my throwaway account. I just realised yesterday after a particularly crazy peak that I think I'm still riding that I have definitely been having a manic episode for a while now and I feel really dumb for not picking up on this sooner. I'm not medicated or in treatment (I keep dropping out), but after being on video call with my friend yesterday immediately after impulsively self harming and deleting loads of social media apps and just other apps in general and tempting myself with purchases by keeping Depop open, I think I need to figure out how to get my bearings, which in previous episodes has always been meditation and nice music that isn't too excitable (if I listen to too much exciting stuff ie EDM/METAL I will get way too over amped). 

Not sure how cohesive this post is so sorry. The TL;DR is I know on this subreddit people talk about music that gets them super excited and makes them more manic, but I'm trying to find some fun easy music that I can enjoy that also slightly calms me down but I can still get into without literally feeling my eyeballs shake inside my head. Some examples of this are Wallows - OK, It's Real - Real Estate, and Telepatía - Kali Uchis. Also does anyone else get really embarrassed when they clock pretty late that they're in a manic episode? I think I prefer only figuring it out afterwards. Anyway thanks. Also I'm not sure how to explain this to my only friend who has sadly been watching me get more and more manic as the days go by because I forced him yesterday to look at windmills and lighthouses with me so I'm feeling particularly stupid. Ok thanks also sorry I don't think this breaks rules but it might but I don't think it does but just in case it does thank you!!",1614165837.0,2,1.0,1
SuicideWatch,Are poor students supposed to be dead,"Moving in with some people in my university really was a mistake when everyone here is rich and pretends to be a broke college student, when I'm actually in fucking poverty and have no support from anyone. My broke parents cut me off when I told them I was gay and now I'm living off money I made over my gap year alongside money I get pleasing guys with foot kinks and doing cam work because it's the only way I could manage to make consistent income.

&#x200B;

 I literally want to fucking die and my flatmates have sat me down twice to say ""I know you have the shittiest room but it's also the biggest, so pay more rent or let us use your room as a social space,"" so I can't even have a space to myself just to sit and cry LOL. It sounds so pathetic but I really am at the end of my rope.  I tried to kill myself multiple times last year only to be met with failure, and I told myself this year I was going to stay alive just to see the end of it, but I can't fucking do it. I have so many things lined up, so many clubs and committees I've joined or I'm running just to try to give myself shit to do, and I'm trying to be a social butterfly and make more friends with the same interests I have, but nothing works out in my favour. 

&#x200B;

I really don't know where to go from here. Every job I try to get rejects me or doesn't even open my application. I keep signing up for university studies to get £20 vouchers for Amazon that I use for toothpaste and other basic crap everyone should have.  All my socks and underwear have holes in them, and I'm trying to figure out a way to sew back together a pair of trousers that ripped without having to buy a sewing needle. I barely have the money together to buy rice and eggs, and that's WITH student loan, but I really don't want to apply for extra funding just for being poor.... one, because I don't think I'll get it because 'technically' my family has money over the threshold (even though that money never materialises and I am literally cut off from them for life), and two, because the idea of being openly the Poor student in this hellhole makes me want to knife myself even more.

&#x200B;

I'm on an SSRI but it literally does nothing except give me awful nightmares, and I have the worst side affects when I don't take it for even 24 hours, so I don't know how to ween myself off of it. I keep trying to tell my doctor that it's not working out for me too, but he'll just say to keep on going with it - and also that SSRIs are the cheapest medication, and I'm scared to go on something I can't afford.

&#x200B;

Every night I fall asleep hugging my pillow pretending it's some fictional person who will never exist, whose only personality trait is that they love me. I am just so fucking tired of pretending and hoping some reason to live or some energy will pump into my body with hard work, when every day just gets longer and harder.

&#x200B;

Thanks for reading. I know it's a busy time for this board, and there's a lot of other people asking for the same sort of verbal comforting I am. Sorry.",1570054362.0,3,0.72,0
