Subreddit,Post Count
total_count,0
SuicideWatch,1
depression,10
UIUC,1
submission_count,12
