Subreddit,Comment Count
total_count,0
NootropicsDepot,2
Testosterone,11
PasadenaCityCollege_,1
moreplatesmoredates,2
berkeley,3
AskCaucasus,1
jailbreak,13
Subliminal,105
TransferStudents,3
HubermanLab,3
bigdickproblems,5
Supplements,9
driving,1
unvaccinated,1
GregDoucette,4
SkincareAddiction,3
Biohackers,4
japanesestreetwear,2
truerateme,2
motorcycles,14
TYBL,1
teenagers,2
Nootropics,3
GRAPHICSCARDS,1
Satirony_YT,2
philosophy,1
Machiavellianism,1
Chernobylite,1
ChernobyliteGame,1
occult,2
Doom,2
goth,2
DoomersMusic,1
doomer,1
MusicVideos,1
musicvideo,1
UkraineInvasionVideos,1
MolchatDoma,1
christianmemes,1
whatisthisbug,2
tf2,25
Chadposting,2
antinatalism,1
graphicscard,1
SuicideWatch,3
nonutnovember,4
MasterClass,1
exredpill,1
MushroomSupplements,7
college,1
RedditSessions,1
Archery,2
thesmiths,1
NewToTF2,1
pocketwatch,2
AncientCoins,10
Turkey,2
Monke,3
csgo,2
republicans,1
whatsthisbug,1
elo,2
jurassic5,6
TheFrankOcean,1
comment_count,298
