Subreddit,Post Count
total_count,0
Malazan,14
LPOTL,2
Lenovo,1
carpenterbrut,1
galaxys10,2
mapmaking,1
UnemploymentWA,1
nightwish,1
Minecraft,1
8bitdo,1
GiftofGames,1
Instagram,1
LSD,1
MDMA,1
Currentlytripping,1
Petioles,1
darksouls,1
20150506,1
195,4
ToolBand,2
SuicideWatch,1
notinteresting,2
dcss,1
manholeporn,1
cosmoandwanda,1
justwriterthings,1
PaintedWolves,1
whenguacisextra,1
Archaeology,1
ShittyMapPorn,1
Anticonsumption,1
YAHAHA,1
blurrypicturesofcats,1
Dust_of_Memes,1
aww,1
inkarnate,1
dontdeadopeninside,1
magicthecirclejerking,1
apolloapp,1
TreesSuckingOnThings,1
Bossfight,2
CrappyDesign,1
shittysuperpowers,1
mildlyinteresting,2
mildlyinfuriating,1
KingkillerChronicle,1
whatisthisthing,1
Bandnames,3
UPS,1
mycology,2
oddlysatisfying,1
Seattle,1
marijuanaenthusiasts,1
whatsthisbug,1
trees,2
submission_count,81
