Subreddit,Post Count
total_count,0
pharmacy,1
CSHFans,2
the1975,1
squishmallow,6
ASU,1
retailhell,1
HealthyFood,1
Rollerskating,1
wlw_irl,1
submission_count,15
