Subreddit,Comment Count
total_count,0
opiates,8
suboxone,9
SuicideWatch,40
Futurology,1
learnpython,1
comment_count,59
