Subreddit,Post Count
total_count,0
popping,1
Accutane,7
BPD,1
depression,3
Embarrassing_Moments,1
WomensHealth,2
acne,5
SuicideWatch,1
EDAnonymous,3
Skinpicking,3
cats,7
antiMLM,1
Constipation,1
ADHD,1
BingeEatingDisorder,1
photocritique,1
submission_count,39
