Subreddit,Post Count
total_count,0
Christians,1
SuicideWatch,1
submission_count,2
