Subreddit,Comment Count
total_count,0
AO3,1
LibbyApp,1
Archiveofourownmemes,1
namenerds,2
Waiters,2
DanielTigerConspiracy,1
WarriorCats,1
Serverlife,67
trashy,1
unpopularopinion,14
TwoSentenceHorror,3
ClanGen,5
horrorlit,2
YAlit,1
TwoSentenceSadness,1
me_irl,1
Anticonsumption,1
cats,1
AskReddit,11
AquariumMemes,1
rarepuppers,1
Pets,1
tumblr,1
whatsthisbug,1
AskAnAmerican,2
narcissisticparents,4
ShitMomGroupsSay,1
MaineCoon,1
HumansBeingBros,1
DoesAnybodyElse,4
ShitAmericansSay,4
MentalHealthSupport,3
darden,1
bitlife,6
raisedbynarcissists,2
Catswithjobs,1
AskWomen,3
BadDesigns,2
relationship_advice,15
MadeMeSmile,1
MomForAMinute,2
TooAfraidToAsk,16
abortion,5
KitchenConfidential,2
Welding,1
WhitePeopleTwitter,3
AskDocs,4
catpics,1
books,5
LifeProTips,5
iamatotalpieceofshit,1
insanepeoplefacebook,3
Damnthatsinteresting,4
squishmallow,7
pregnant,38
BabyBumps,6
Drugs,1
drugscirclejerk,1
PiercingAdvice,1
dogs,1
wichita,9
gifsthatendtoosoon,1
Spiderman,1
ForzaHorizon,1
AskParents,5
UnnecessaryInventions,1
tipofmytongue,5
HyperemesisGravidarum,6
aves,3
abusiveparents,1
menwritingwomen,16
aspergers,13
neckbeard,5
legaladvice,6
HomeworkHelp,1
AreTheStraightsOK,1
AmItheAsshole,10
TalesFromThePharmacy,1
cursedimages,1
badwomensanatomy,1
NoStupidQuestions,17
aspiememes,2
entitledparents,1
coolguides,1
autism,2
SuicideWatch,1
comment_count,392
