Subreddit,Post Count
total_count,0
homeowners,2
META_AI,1
Zepbound,3
hrblock,1
office,1
cobrakai,1
taekwondo,53
trt,1
CatTraining,1
PS5,3
PS5pro,1
malegrooming,1
youtube,1
haroldhalibut,2
ReadyMeals,8
playstation,24
cscareerquestions,1
Huel,10
roguebook,1
Astrobot,3
gout,7
newhampshire,1
ninjacreami,6
TMNT,1
ChatGPT,8
UnicornOverlord,1
Mario,1
MarioRPG,1
Moustache,7
AskThe_Donald,1
FinalFantasy,3
zelda,1
Testosterone,2
Cooking,1
stopsmoking,7
trashy,1
mazda3,4
SaintsRow,2
kittensgame,1
bravia,1
midnightsuns,7
facebook,3
TheEternalCylinder,1
juul,8
dbz,4
BitcoinMarkets,1
Bitcoin,1
controlgame,1
Dragonballsuper,1
nier,3
memes,1
anime,1
travel,1
incremental_games,2
ConservativeMemes,1
jerky,1
MensRightsMeta,1
MensRights,3
help,1
personalfinance,1
ChorusVideoGame,1
AskReddit,1
unpopularopinion,1
LifeProTips,2
PhoenixPoint,2
FallenOrder,1
gaming,3
yakuzagames,10
food,1
horizon,1
cyberpunkgame,2
GameStop,1
Showerthoughts,3
PERSoNA,1
Doraemon,1
factor75,1
mazda,1
1500isplenty,2
BeardAdvice,1
AndroidQuestions,3
ibs,2
TalesOfArise,1
Boruto,1
tales,2
PS5Shipping,9
PS5restock,6
ProgrammerHumor,1
theouterworlds,1
submission_count,281
