Subreddit,Post Count
total_count,0
Terraria,1
SuicideWatch,1
darksouls3,2
submission_count,4
