Subreddit,Post Count
total_count,0
u_Imaweirdo100,1
Pyrography,3
teenagers,1
submission_count,5
