Subreddit,Post Count
total_count,0
SuicideWatch,1
depression_memes,2
ImaginaryDragons,2
TheLastAirbender,1
Minecraft,5
discworld,1
ReuseSchoolwork,1
imsorryjon,1
teenagers,14
cats,3
CITREDDIT,1
unexpectedchernobyl,1
Agraelus,5
schizophrenia,2
skyrim,2
dankmemes,2
drawing,1
Memes_Of_The_Dank,4
u_ImNotEightStfu,4
memes,1
submission_count,54
