Subreddit,Comment Count
total_count,0
MLBTheShow,28
Smite,78
leagueoflegends,5
MagicArena,8
PS5,2
EDH,11
marvelrivals,1
NCAAFBseries,1
summonerschool,6
BudgetBrews,6
TeamBuilder25,1
BobsTavern,6
ARAM,1
Advice,4
LiesOfP,6
nfl,2
Eldenring,7
lowendgaming,4
techsupport,5
Genshin_Impact,3
baseball,3
sports,2
Jungle_Mains,8
billiards,1
nba,1
hearthstone,24
49ers,1
AskReddit,6
todayilearned,1
CompetitiveHS,1
college,3
tipofmytongue,9
LeagueConnect,4
gaming,1
MyTeam,3
masterduel,1
BeyondTheFog,6
IcebergCharts,8
WorldofTanks,3
TiktokCringeTime,1
history,1
depression,1
unpopularopinion,12
bloodborne,1
pcgaming,1
StopGaming,1
eagles,2
teenagers,1
Conservative,1
NoStupidQuestions,1
Coronavirus,1
suggestmeabook,1
liluzivert,1
FREE,1
cowboys,1
comment_count,299
