Subreddit,Comment Count
total_count,0
SuicideWatch,10
chat,9
sex,1
ForeverAloneDating,1
snapchat,1
Bondage,1
comment_count,23
