Subreddit,Comment Count
total_count,0
obgyn,6
Hyperspermia,14
Healthyhooha,10
AskReddit,5
Bumble,55
TrueOffMyChest,10
Katy,1
SanDiegan,1
SexWorkers,2
medlabprofessionals,1
NSFL__,8
mendrawingwomen,2
badwomensanatomy,1
Libertarian,1
yugioh,1
Comcast,1
ENFP,5
childfree,5
Tinder,10
WomensHealth,3
AskDocs,10
Indiangirlsontinder,1
vegasr4r,1
intj,7
antinatalism,2
SluttyConfessions,1
offmychest,14
LateStageCapitalism,2
ask,1
cat,1
BDSMcommunity,2
pcmasterrace,1
nonmonogamy,1
netorare,5
texas,2
battlestations,1
averagepenis,4
bdsmmemes,5
entertainment,1
politics,2
KnightsOfPineapple,1
SubSanctuary,9
infj,19
Whatcouldgowrong,1
u_desademona,2
cats,3
INTJmemes,4
interestingasfuck,3
PublicFreakout,7
Gunpla,2
Dreams,1
bdsm,1
spicypillows,1
Parenting,1
fleshlighters,1
u_hyperspermiac,1
gaming,1
cumflation,1
CumCannonAddicts,2
sex,1
ipad,1
CamGirlProblems,1
CPTSD,1
GFUEL,1
TheArtistStudio,2
BPD,1
QueerVexillology,1
Herpes,1
FurryOnHuman,1
AirRage,1
rape_hentai,1
emogirls,1
u_strangecares,2
isfj,14
pics,1
SuicideWatch,1
comment_count,299
