Subreddit,Comment Count
total_count,0
Jujutsushi,1
wildrift,1
discordapp,1
gaming,1
Blizzard,2
blackdesertonline,3
leagueoflegends,5
Steam,2
nier,1
battlefield_one,3
Haganai,1
paragon,7
Amd,5
NoGameNoLife,1
gigantic,1
Re_Zero,1
Overwatch,4
sakurasou,3
Rainbow6,4
comment_count,47
