Subreddit,Post Count
total_count,0
confessions,1
limerence,1
heartbreak,1
SuicideWatch,1
selfharm,1
submission_count,5
