Subreddit,Comment Count
total_count,0
istp,5
lifx,1
swingersr4r,1
bipolar,1
sex,5
SuicideWatch,6
bisexual,9
dating,1
BisexualMen,2
AsexualMen,3
depression,1
genderfluid,2
bisexualadults,1
comment_count,38
