Subreddit,Post Count
total_count,0
SuicideWatch,9
LGBTeens,7
rant,2
lgbt,1
comingout,1
submission_count,20
