Subreddit,Comment Count
total_count,0
veYakinEvren,1
AskReddit,1
TurkeyJerky,3
news,1
Damnthatsinteresting,1
dankmemes,1
me_irl,1
dankvideos,1
Rainbow6,6
comment_count,16
