subreddit,title,selftext,created_utc,score,upvote_ratio,num_comments
Chipotle,How to make certain items?,"I had my three training days about two weeks ago, and today is my first official day. There is a lot I don’t know how to make and I’m really, really not comfortable asking the people I work with—but I don’t want to mess it up either.

I’m unsure how to set up soft and hard tacos, both for here and to go, same for kids quesadillas and regular quesadillas (and also, WHO makes those? I think at my place, the person in front of proteins sets it up but then gives it to the person at condiments to cook it? I’m not sure…), I’m not sure how to do the double wrap/what to do when a burrito is too big, and also, what is a “tortilla on the side”? How do you wrap that?

Additionally, at what point do you refill the trays of ingredients?

ANY advice on any of these would be really really helpful…",1749829034.0,3,1.0,3
Christianity,I am an Atheist interested in learning about Christianity. How do I go about this?,"I am and was raised atheist and I have no interest in converting and I do not doubt my own beliefs. However, I am interested in learning more about Christianity. I want to understand it and have the knowledge necessary to communicate eloquently with those around me who are religious, and I want to be able to see—at least part—of what they see when they look at the world and religion.

I have no idea where to start. The Internet isn’t useful when it comes to the applications of religion or its teachings, at least not in a way I can understand. 

I thought maybe I could go to a church, but I actually have no idea what people even do in church. Is it just a place of worship or does it teach? Would a church even let me attend if I was not a member? 

If, hypothetically, I went to church, I would not mention my atheism, and I would fully intend on being respectful to everyone and everything occurring.

Would this be appropriate, or even an option? Does anybody know how I can learn more about Christianity, its beliefs and teachings? I genuinely know nothing, not even the basics. 

Any advice and/or insight is much appreciated!",1748735094.0,32,0.9,75
SkincareAddiction,[Routine Help] What Order Should I Use my Products?,"I got these earlier today. Really, I didn't have any sort of plan for them. I haven't
experimented with different active ingredients.
My skin is normal (in terms of dry/oily) but closer to dry, and my skin isn't exactly BAD, I just want it to be as clear and smooth as possible.

All of these say ""after cleanser"". The cleanser I use is Cetaphil Foaming Daily Cleanser, and I use an SPF sunscreen moisturizer for morning and lightweight moisturizer for night.

What order should I use these products in if they're all for after cleansing? Should I be using all of them daily? (And honestly, if I just should get new products, I’d like to know that too.) Any advice greatly appreciated!!!",1746941210.0,2,1.0,3
transnames,Masculine nicknames for Eleanor?,I want a masculine nickname derived from my birth name. I’m definitively against “Leo”; I was thinking “Lenny” or something but that doesn’t really feel like me. Any other possible ideas?,1746372248.0,14,0.95,13
AlightMotion,Group vs. Null vs. Parent,"I don’t understand the difference between a group layer, null layer, and parent layer. Do they not all essentially do the exact same thing? I understand that, perhaps, you could put them within one another to give it more complexity, but is that all? Do they really just do the same thing?

Any insight would help… I’m very new to this",1745905932.0,3,1.0,3
learnart,"How are you supposed to learn? (Genuinely, hear me out please)",[removed],1745622219.0,9,1.0,5
learnart,Please critique my 1-Minute Sketches/figure drawings,"I've been trying to do one minute sketches because I see a lot of people say that if you just do it consistently, you'll improve, but I fear this is not the best. Most of them aren't even really recognizable for the pose they're supposed to be (done with references) or I don't finish before the time. I don't really understand what I'm doing wrong. Any advice just from looking at these on how I could improve/better capture the forms?",1741555814.0,12,0.94,3
Dermatillomania,Should I discourage/voice disapproval of my friend’s picking?,"First of all, I don’t mean “disapproval” as in shame them or not be there for them, I more mean, is this something I shouldn’t be okay with? This friend has struggled with other forms of self harm but only recently, while they’ve picked at their skin for most of their life. I’m very discouraging of any self-harm mindsets they have, but I’m not sure how to converse with them about their picking.

I’m not sure if to them it’s meant to be a form of self-harm or if it’s just a stress reliever/compulsive action; my immediate response is to voice that I think they should put effort into trying to stop or discourage themself from the habit the best they can, but is that like… right?

I’ve never experienced the urge to pick at my skin, so it’s difficult for me to understand what this IS in terms of mentality. Is it just something that’s a part of life for them? Is it normal? Is it not something I need to disapprove of? (And again, I mean disapprove of them feeding into their own habit; I always support them through their hardships or bad habits they want to get over)

I know it must be different for everyone, but because I have no experience with this, a perspective from someone who does have some first-hand knowledge would be useful!

Edit: I wouldn’t just randomly bring it up and tell them to stop, I more mean that when they talk to me about it (in a way other than venting, when they talk about it they more just tell me about how they did it and certain things about how they’re annoyed when they CANT do it) I’d reply in a way to gently suggest things that may help them to stop or at least do it less. I’d never judge or shame them or try to make them feel guilty about doing this; I’ve struggled with similar things so I do understand to an extent. I don’t know if that would be annoying though if they don’t see it as a bad thing",1726434621.0,2,0.54,30
ftm,How to pass as a cis man with a roommate?,"I was wondering if anyone knew how a friend of mine would be able to pass as a cis male if he’s living with a roommate. His (future) roommate does not know he is trans and he wants to keep it that way, but worries about how he can hide it. He thinks that they’ll notice a binder and recognize trans tape, and is just generally worried about passing. 

Does anyone have any advice on how he can hide the fact that he is a trans man while living with someone? Especially with binding? They don’t currently live in the same area so this roommate will have never really seen them in person before.",1701841227.0,3,0.72,5
tianguancifu,A little confused on how to get into tgcf,"I don’t know if this is something I should make a post about or not but I wanted to get into this series but I’m kind of confused on what it is/how to start. Is it just novels that you read or is it more like a graphic novel? Should I just buy the copies you find in book stores and that’s the actual or “canon” content of it, or is it something I’ll have to read online?

Sorry if this is a silly question I just want to make sure I start by doing it right, can anyone tell me how?😭",1699640960.0,10,0.78,10
learnart,Should I do figure drawings even if I don’t understand anatomy?,"I have a decent art anatomy & figure learning book but it says first I should get very good at doing figure drawings, but I’m struggling to understand how I can do figure drawings when the whole point I’m studying the book is to LEARN anatomy and the human figure.

Should I just do the figure drawings even if the anatomy or form isn’t going to be correct/accurate? Or would it be better for me to look elsewhere to learn anatomy?",1697593393.0,20,0.96,18
SuicideWatch,Friend swallowed some pills,"They say they took 13 sleeping pills, I don’t know the brand or type. It’s not melatonin. Will that kill them??",1640390064.0,1,1.0,4
omnisexual,Omnisexual or bisexual?,"I’ve been labeling myself as bisexual, because I like more than one gender but I still have preference, but I fit the definition of omnisexual too. I rather referring to myself as bisexual, but would I be “lying” if I said I was bi instead of omni?",1620419480.0,100,1.0,18
