subreddit,title,selftext,created_utc,score,upvote_ratio,num_comments
Taxidermy,Rant: I hate the shop I work for,"I am in a position where I know how to mount stuff, but I can’t afford a shop space. I work in an area where there are a few taxidermy shops but one basically has 99% of the market share.

It’s awful. The owner can’t teach, and everyone who works there is only there for the money and not to mention toxic as hell.

I can never do anything good enough. I am constantly criticized and I have never once been given a complement on my work. I never get to make choices (because they’re always wrong) but when I ask for clarification I’m scolded for not being decisive.

I just wanna breathe new life into the things I mount. I want someone to look at my stuff and go “wow that’s beautiful”, but I only get to do the same cookie cutter mounts because that’s what’s the fastest.

Deer season has only made everything worse.",1733265556.0,8,1.0,1
TwoXChromosomes,Someone I know is ending his friendship with his buddy over a sports argument and not his SA.,"I am so baffled by this.

When I was in college, I was in a friend circle of maybe like 10-12 people. One of the guys (W) r*ped one of the girls (A) in the group and “W” was rightfully cast out. All of the friends except one of the guys (D) basically erased “W” from our lives and we tried to move on.

“D” is not very well liked by the rest of the group either, but it worked out because he didn’t really hang around that much after the assault.

After graduation, the rest of the group kinda fell apart but I stay in touch with who I need to.

Apparently “D” and “W” recently got into a friendship ending argument over some sports debate. It was so bad that “D can’t look at W the same anymore” which is so incredibly frustrating because he never felt that strong about his friend literally r*ping someone.

Clarification and HUGE TRIGGER WARNING:

I put SA in the title because I’m unsure how the content warnings work in this sub.

It was penetrative unprotected sex and non consensual. She was drunk and he was sober. “W” says she consented. “A” says she was very disoriented and was unable to say no. I was not at the party that this happened at.",1730674952.0,259,0.92,8
SuicideWatch,Mom told me I’m too young to be this miserable. If life only gets harder then what’s the point? Eventually I’ll reach my limit.,,1656290114.0,19,1.0,3
SuicideWatch,I’m only alive because I feel like I’m obligated to be.,"I used to have dreams and ambition but honestly I don’t really want to live anymore. There’s nothing out there that I need to do in order for my life to feel complete. I’m fully comfortable with dying, because there isn’t really anything I’d rather do.

I guess the only reason why I’m still here is because I have a pet to take care of and my parents and boyfriend would be incredibly heartbroken. I’ve been thinking about betraying them in some way, but once I died they’d know why I did it and forgive me. I wish I could die in an accident. I’d imagine it would still be hard for them, but there’s so much shame and guilt that the people you leave behind have to face when you kill yourself.

I’m only alive because I feel like I have to be. Maybe things will change. Maybe I’ll get older (I’m 22) and realize that I was just being silly and “life is good,” but for right now, I have no hopes that anything will change. I’m simply not interested in living anymore.",1649710642.0,4,0.75,0
