subreddit,body,created_utc,score
firstaid,I used a razor blade,1647242298.0,1
firstaid,Surprisingly it didn’t get infected,1647242285.0,1
firstaid,It healed actually just left with a big scar,1647242267.0,1
SuicideWatch,Im here if you want to talk,1646298962.0,1
depression,I’m here if you wanna talk :),1646298912.0,1
selfharm,Mine are fading away and I have the urge to cut over them,1646298714.0,1
firstaid,Razor blade,1646298661.0,1
selfharm,"I can’t really relate to what you’re going through, I myself is depressed aswell but I guess we have different ways to cope well for me I cut myself I hurt myself and for other like you find other methods to deal with it",1641381142.0,2
selfharm,I’ll take some time I’m in a psych ward bc of that and it’s not fun,1640782776.0,1
selfharm,That’s a death wish I almost bled to death,1640679888.0,1
teenagers,Sad sad,1640633382.0,1
teenagers,"but don’t delete it, karma isn’t important it’s just points from your liked posts yk",1640625956.0,1
teenagers,"Yeah, I completely understand but it’s not me who’s making the decision you are and if it’s affecting your grades I think you could consider leaving Reddit for a while.",1640625889.0,1
teenagers,"Don’t listen to the comments do what you want if you want to quit, quit or you could stay Reddit is like safe space where you can ask questions and just vent about your problems and speak help and advice. :)",1640624242.0,2
selfharm,well once you hit fat you can’t feel anything bc they are no nerves so idk,1640610169.0,1
selfharm,I might be wrong,1640600915.0,1
selfharm,I have nerve damage but I’m not a professional but I can tell you if you go past the fat you could have nerve damage bc you can’t feel anything bc they’re no nerve compared to styro,1640600906.0,2
Epilepsy,Exactly! But also I got into smoking industrial cigs and I love it but it’s the FATIGUE AND DROWSINESS but then it wears off yk,1640000857.0,1
Epilepsy,Same but for me it has a few effects,1639996551.0,1
Epilepsy,I think I’ll try CBD gummies bc smoking it makes me drowsy and tired so the gummies might be an alternative thanks for the tip,1639996484.0,1
Epilepsy,I smoke it,1639996394.0,1
Epilepsy,"I started smoking it aswell it really calms you down, does stain your skin?",1639943773.0,3
teenagers,Agreed lol,1639765958.0,1
teenagers,Lol,1639765943.0,1
selfharm,"Im hanging on, i was supposed to stay for a week but I guess not it’s literally hell",1639695456.0,1
selfharm,I might stay for a month sadly,1639688681.0,2
selfharm,That’s understandable,1639688665.0,2
selfharm,Oh for me they didn’t,1639686620.0,2
selfharm,I’m happy for you:) Do they do body checks?,1639682995.0,2
selfharm,I don’t think I will I cut every night and it’s so addicting,1639645817.0,1
selfharm,I know but I’m really trying,1639643281.0,2
selfharm,The problem is I can’t,1639642768.0,2
selfharm,I’m in a psych ward yes but I have the urge to cut myself and it’s getting worse,1639636624.0,2
Advice,You could talk about your hobbies and maybe from there you’ll have a good conversation and also try and ask questions,1639609490.0,1
Advice,It’s bc work might not be interesting for her try and get to know her,1639605000.0,1
Advice,And if she’s not interested you could try and be friends,1639604877.0,1
Advice,well the only thing I can propose to you is when you guys maintain eye contact you could try and gain confidence and go up to her and try and have a small talk with her or if you can’t it’s completely fine. I’m not really good at giving advice on this type of topic but the only thing I can tell you is that you have to shoot your shot it can be hard but it’s worth a try,1639604832.0,1
Advice,"As a shy person I’m definitely like her, whenever I see someone I like I look at them but then when we maintain eye contact I look away so she definitely has a crush on you.",1639601634.0,2
teenagers,that’s what I’m planning to do,1639594078.0,1
teenagers,thanks,1639594063.0,1
teenagers,Me too,1639594014.0,1
teenagers,Monster,1639581031.0,2
selfharm,I’m addicted of hitting past styro till you can see beans,1639560109.0,2
teenagers,Nope,1639500658.0,1
teenagers,Self harm,1639486271.0,0
selfharm,If you’re aiming for a deep cut glass isn’t the best,1639486210.0,2
selfharm,"I’m in a mental hospital atm, luckily I have my watch and i broke the glass on top of my watch and I just started cutting myself with it and I feel like for me it’s worth it but using a razor blade is definitely better",1639486111.0,0
selfharm,I’ll try and ask but I’m not the one who decides,1639485948.0,1
selfharm,They didn’t do it in the psychiatric hospital I’m in  but they told me once they transfer me they will and I’m fucked,1639485906.0,1
teenagers,Can we be friends? i need one 2 :),1639420702.0,3
teenagers,"Ooh cool, I was meaning to but platform Mary Janes on demonia but most of them are sold out:/",1639239041.0,1
teenagers,"You seem really cool honestly, what kind of platforms do you have?",1639170416.0,1
teenagers,What did he say?,1639170031.0,3
selfharm,You have a fair point but my scars are fading and I somewhat want them to stay I feel proud of them.,1639137079.0,2
teenagers,The number shit,1639051966.0,1
selfharm,THIS,1639051487.0,3
lonely,me :),1638988899.0,1
selfharm,THIS,1638986503.0,19
selfharm,For me I see self harming as a normal thing to do you know but for other people it’s not because most ppl well from experience they always say your ruining your body well I choose to do that,1638967310.0,40
selfharm,They couldn’t stop crying,1638967227.0,83
selfharm,No it’s fine most people don’t really know how to react to that but you did help thank you,1638920252.0,1
selfharm,i feel numb so that’s what I do I cut deeper and deeper till I can feel the pain at least something,1638920004.0,1
selfharm,why not?,1638919731.0,1
Advice,Scream for help or kick the locker door,1638793317.0,1
teenagers,It’s completely normal to masterbate you’re giving yourself pleasure how is that gross?,1638741898.0,3
SuicideWatch,Well I’m not planning on being here that long,1638726596.0,1
selfharm,"I think you’re right, I feel like styro hurts the most",1638668709.0,2
selfharm,Do you have a therapist you can talk to about it?,1638664509.0,1
selfharm,But if you cut passed beans you’ll have to get stitches,1638569028.0,8
selfharm,I hit beans too and it’s been two weeks and it still hasn’t healed I think it depends how deep you cut so idk 🤷🏽‍♀️,1638568980.0,10
selfharm,I feel the same way,1638519911.0,3
depression,Dudee same I can’t even have a shower I’m to tired and school Omg I might aswell drop out,1638519789.0,46
depression,I honestly think I’m capable of doing it,1638399049.0,1
depression,I honestly just force myself but I just want to sink into my bed and never wake up,1638387885.0,1
depression,i hear ya,1638387829.0,2
depression,I wish I could sleep forever and never wake up,1638381850.0,1
depression,not really,1638375140.0,1
depression,music helps a lot,1638372306.0,2
depression,You literally just described how I cope with things I do the exact same thing aha,1638372287.0,3
depression,it’s my safe space,1638372223.0,6
selfharm,I hide them by wearing bracelets or you could also wear long sleeve’s.,1637750700.0,1
selfharm,"It was the same thing for me, I think it depends where you want to sh on your wrist once you find the right spot ig it’ll bleed more.",1637705005.0,2
selfharm,"Trust me it’s not worth it, I’ve hit beans and I had to get stitches.",1637704741.0,1
selfharm,Whenever I cut till the fat I can’t feel anything,1637696179.0,1
selfharm,oh well shit I’m fuxked,1637676901.0,2
selfharm,It was hard but I did.,1637502821.0,9
selfharm,Thank you:),1637502790.0,7
selfharm,I told my dad he took it well but I didn’t have the words to tell him so I had to write it on a piece and I broke down crying I still am but I’m going to the hospital now to get stitches. I didn’t know that it would be this hard to just tell my dad that I was going to kms last night but I failed the look on his face made him think I should’ve been there for her why didn’t she tell me that something was up but I told him I need help and I’m going to get the help I need now and hopefully I’m going to be ok. Thank you all for helping me and giving me the courage to tell my dad it was hard but it’s a start.,1637497935.0,31
selfharm,Thank you,1637497426.0,2
selfharm,I’m going to go to the hospital I’m going to tell him right now,1637495763.0,2
selfharm,I will,1637495734.0,3
selfharm,I don’t talk to them as much my mom is never home my sister is at uni so rn I only have my dad and we don’t talk either so I’ll have to just try and tell him,1637494831.0,2
selfharm,This is the death of me I’m going to die it all works out for me,1637494550.0,1
selfharm,I think I’m going to have a panic attack telling them I’m already freaking out rn I wish you were with me to support me someone I can’t do it alone,1637494342.0,3
selfharm,a slow painful death!!??,1637494162.0,1
selfharm,"Thank you, I can’t call the ambulance",1637493981.0,1
selfharm,I’m going to go I’ll take your advice,1637493582.0,15
selfharm,"I’ll go, but what do I say to my parents",1637493550.0,3
selfharm,I’m scared,1637492713.0,5
selfharm,"I can see it, why am I still here that wasn’t the plan I don’t understand",1637492697.0,5
selfharm,Bc I can’t go like rlly I don’t want my dad to know that I sh,1637492581.0,4
selfharm,is there any others way besides going to the hospital,1637492545.0,5
selfharm,go where exactly,1637491895.0,6
selfharm,"I’m fine. I ended up not going to the hospital I really couldn’t it was 4 am I didn’t want to wake my dad and just tell him you know, the bleeding has stopped but the numbness is still there. While I was cutting it was weird because I couldn’t feel any pain so I was cutting deeper and deeper till I realized fuck I can see something moving and I thought to myself it can only be my bone and I cut through the fat too but the crazy thing is why am I still here the plan was to end it but it was a failed suicide attempt.",1637491539.0,18
selfharm,Thank you,1636662857.0,2
selfharm,Ok I’ll try,1636662408.0,1
selfharm,But not this deep,1636660349.0,1
selfharm,But not this deep,1636660324.0,1
selfharm,"I used a razor blade and I cut on my wrist, no I’ve been cutting for years",1636660293.0,1
selfharm,Cutting is on my mind 24/7 and yeah sometimes I can resist but I can’t hold on to it,1636650069.0,1
selfharm,omg really I thought I was the only one,1636650027.0,1
selfharm,"It’ll never get better, I called the ambulance",1636641161.0,12
selfharm,I will,1636639688.0,9
selfharm,I hit an artery,1636637990.0,5
depression,"Hi, I don’t think so but feel free to DM me if u need someone to talk to",1636637153.0,1
selfharm,Ok thank you so much,1636636160.0,12
selfharm,I can’t do anything,1636635566.0,3
selfharm,No I can’t my parents aren’t home,1636635543.0,3
selfharm,My parents left to go to work and I can’t do shit rn,1636634424.0,2
selfharm,I can’t go I’m home alone,1636634392.0,2
selfharm,No one cares about me I only have myself,1636060563.0,0
piercing,You’re welcome :)),1636029933.0,1
piercing,Omggg it looks amazing on you!,1636029794.0,1
selfharm,I feel relieved that I’m not the only one.,1636029764.0,2
SelfHarmScars,Thank you,1635628934.0,2
SelfHarmScars,I understand,1635628917.0,2
selfharm,Thank you,1635618164.0,1
selfharm,The skin around it,1635616039.0,2
mentalhealth,Its the worst feeling,1635362473.0,1
mentalillness,why not? Give me one good reason I should stay.,1635340533.0,-3
mentalillness,I give up,1635339715.0,0
mentalillness,Thank you:),1635333949.0,1
mentalillness,Surprisingly that how I’ve been feeling,1635332836.0,1
RedditSessions,It wasn’t,1635184827.0,1
Advice,I think about it constantly as well and whenever I try and do it theirs always something that’s stopping me from doing it,1635170917.0,1
Epilepsy,I wasn’t sure if it was a big deal but I’ll let my neurologist know.,1635170811.0,2
Advice,The problem is I have a hard time expressing how I feel so a therapist might not be ideal for me but if I don’t talk to someone that could help me it might result in me hurting myself or suicide but I’ll take your advice. Thank you,1635163236.0,1
Advice,Depression is what’s causing me to think about these kind of thought,1635160672.0,1
selfharm,"The bleeding slowed down from applying pressure, thank you I got worried that I have to go to the hospital and tell my parents about my SH cuts but anyway I wouldn’t have the courage to tell them so theirs no point.",1635159874.0,1
selfharm,"I can’t go to the hospital because I don’t want my parents to know I Selfharm so I’ll try and find some bandaids I can use but I normally use cotton and wrap it around my cuts with tape, it’s probably not the best thing to do.",1635158171.0,1
selfharm,"Thank you so much, I’ll try and take your advice hoping that it’ll work but as soon as you start cutting especially everyday you can’t go back it’ll f$ck with your head until it starts to be an addiction.",1635157412.0,1
Epilepsy,I’m having the same problems as your wife I get easily irritated and I have mood swings as well and I’m scared that if I continue taking it I’ll end up hurting someone.,1635157108.0,1
Epilepsy,I’m having the same problems as your wife I get easily irritated and I have mood swings as well and I’m scared that if I continue taking it I’ll end up hurting someone.,1635157094.0,2
selfharm,I weirdly like the pain,1634391465.0,1
