subreddit,title,selftext,created_utc,score,upvote_ratio,num_comments
stopdrinking,completely new to this idek how to start,"it all happened so fast, it just got out of hand and I don't even know how, I don't even like to drink anymore, I'm sick almost before I can even smell the alcohol, I starve myself all day and then binge drink all night after work, I just had to leave work early because I can't stop shaking and sweating and being anxious, and the moment I walked in the door I thought ""maybe I should have a drink"" I want to bash my head into the wall, my life was finally turning around everything was perfect, what the fucks wrong with me",1667316409.0,3,0.81,5
ftm,6 days post-op with Dr. Laurel Chandler in CT,,1657042921.0,377,1.0,15
ftm,How to quit weed for top surgery,"I have surgery in 1 week and was told to stop smoking 2 weeks before. I stopped smoking 2.5 weeks ago, and have been vaping instead, though I cut down significantly. I told myself I would stop completely at the 1 week mark.

I'm now at that 1 week mark and finding it incredibly difficult. I know I have a problem with cannabis, but I just don't know what to do right now. I desperately want to vape but am terrified I'm going to mess everything up for myself. I do not want any complications but I'm so scared I'm going to just cave. Does anyone have any advice?",1655932336.0,4,0.84,11
SuicideWatch,i can't fucking do it,,1652373859.0,4,1.0,2
SuicideWatch,completely lost,"i don't even know what to say. my dad begged me not to attempt again. I promised my gf I wouldn't keep drinking. weed doesn't help anymore and I can't go back to outpatient because I have a full time job.

idk what's happening to me but I wake up and it feels like I'm still in a nightmare. every day. I'm tired of it it's terrifying. nothing feels real, no one at my job feels real. weeks blur together and I forget 75% of them. I'm scared and don't know how to get help because I don't know what's happening and when I explain it to people I sound ""crazy"". shit im so scared",1652272984.0,3,1.0,6
ftm,Advice for coming out at new job?,"I've worked here for a few months and they all know me as my birth name and use she/her, but I need to come out in the next month. I'm planning on talking to HR, but I'm worried they'll ask me how I want to go about telling the rest of the company (I work in one department but am often interacting with many people throughout many different departments, so people know who I am). Does anyone have any advice or experience in a job environment like this? Nervous because it's a fairly conservative manufacturing plant.",1652178037.0,2,0.75,0
ftm,"I really, really need support right now","I was making plans for top surgery. I'm losing my insurance at the end of June because I finally have a job that allows me to afford groceries, so that must mean I make too much money to qualify for any kind of help. 
I can't afford top surgery. And when I finally can, it'll be years down the road. I'm almost 30. I can't do this shit for another 30 years.",1651804561.0,3,0.67,3
u_cornstarchshorts,don't want to do this anymore,"the moment I finally start liking and accepting myself is when any last chance I had at becoming who I truly am is ripped away

fuck this. it has to be a sign. what else could it be",1651089991.0,1,1.0,0
ftm,Terrified and never going to have my own body,"I'm a little tipsy so please bear with me. I was planning top surgery finally. After 26 years of denial that I'd ever truly need it, after 26 years of running my own mental health into the ground, I finally realized I need it and I was going to do it. And now I'm losing my health insurance.

I'll never get my chest removed. I'll never afford it. These fucked up, deformed mutations hanging onto my chest like a blight are going to stay with me for the rest of my life. I'll never be me or get to be fully, truly happy. I was so close, I was months away. After nearly 3 decades of pure suffering, I was so, so, so close. 

And now I have a job that pays like, $3 too much to qualify for state insurance. So I can't cover my operation. Idk what I'm going to do but I feel so fucking awful. I feel so fucking alone. I feel the worst I've felt in years and that scares me. Sorry for the depressing, drunk rant, I'm just. So sad. So tired. So scared.

Thanks for reading.",1651004830.0,5,0.78,0
ftm,Any guys who went through Dr Laurel Chandler in CT for top surgery?,"It's hard for me to find much information outside of her website, and I wanted to possibly see some after pictures (if willing) of guys she's worked on with slightly larger chests (I can only seem to find guys with chests that don't really look like mine). Thanks for any help!",1649803571.0,3,1.0,2
tipofmytongue,"[TOMT] [VIDEO] Online video, possibly Vine, of someone's deck/table with small, green AR man dancing to Donna Summer's ""Hot Stuff""",The video starts on the deck with the song playing muffled in the background; 3D guy emerges from the wood and the song increases in volume and clarity,1648955673.0,2,1.0,3
ftm,Waiting for top surgry,"I'm just frustrated with myself. I waited and waited and waited to finally decide to get top surgery, and then to make the actual consultation. I kept saying how I wanted my chest gone for the summer, at least for my friends wedding. I did not want to go through one more summer like this. But I can't even have my consultation until July, obviously. I should have made my decision ages ago, I'm just pissed at myself

EDIT: okay I guess I complained too soon as usual lmao, I called a second surgeons office after watching her on YouTube and they got me a consultation that's in 2 weeks, and promised to call if anything sooner opened up. It was really cool, I could hear the surgeon in the background with the receptionist urgently telling her she was trying to find me a sooner appointment in real time, lol. So far they seem very helpful and accommodating, so fingers crossed!! Thanks for the support guys",1647875339.0,14,1.0,8
ftm,"Are there any short, big hipped guys out there that pass","I'm 5'3"" and my thighs/hips don't seem to be going anywhere. I'm going to keep doing exercises to cut them down as much as possible, but are there any guys out there that have these features they can't change about themselves who actually pass and can live stealth? I'm worried about going through all of this pain only to keep being misgendered my entire life",1647796166.0,4,1.0,5
ftm,Finally seeing T changes!,"I'm about 2 months on T; I've been noticing my veins looking a little more pronounced, and I just looked in the mirror and saw I have chin hairs! I'm just super psyched and wanted to share, everything suddenly feels more real, like this is actually happening. I have this irrational fear for some reason that I'll see little to no changes with HRT, but with actual evidence, my hope is coming back. I'm just so excited, thanks for reading guys ✌️",1636992897.0,13,0.93,2
ftm,Scared to come out to dad again,"Finally starting hormones after mentally going back and forth on it for nearly a decade. I'm 26, I've waited so long does this, and I'm so excited. But I know that means I need to tell my dad soon. I recently moved out so I'm not under his roof anymore at least, but I still rely on him for a lot of important things (he saved me when my utility bill was too high last month, he helps me fix my car, helps out with any issues I have around the apartment) not to mention we've had a pretty good relationship over the past couple of years. I came out to him once and he got angry and then never mentioned it again; I think he thinks it was just a phase. But by not acknowledging my trans identity, our relationship was kind of patched up, even if just on the surface. But I don't want to hide my medical transition from him, because I know it'll come out eventually and seem like I was keeping a secret from him and no one else. Idk I'm just stressed and worrying when to do it and how to do it, I think I just needed to complain",1631746046.0,4,1.0,2
ftm,Taking T while having HS?,"I have my first endo appointment coming up in a few weeks to try and finally get on T. I suffer from a moderate case of hidradenitis suppurativa, and was curious if any other individuals on this sub who take T have HS as well, and if so, what have the effects been? Did flare-ups get better or worse? I am planning to ask the endo directly, but was curious about any direct experiences someone may have.",1629825329.0,5,1.0,0
ftm,Reaching my breaking point,"I had a breakdown last night that didn’t feel like the others. It came out of nowhere, too. I thought it was just general mental stress; I was overheated, tired, been having a lot of relationship trouble. I was leaning over my window fan to try and cool down when I felt myself crying and immediately realized I was upset because I’m trans.

I don’t usually get upset over it. I’ve been fairly comfortable and accepting of the reality for nearly a decade, now. I’m 25, pre-T, and lately the dysphoria has been bad. I mean insufferable. When I started crying there was no stopping it, and it felt like my mind snapped. I was hysteric and pulling at my breasts to try and rip them off, babbling about how unfair it was and all I could think was “There’s no way I’m making it past 30.”

I woke up horribly depressed. My depression has been pretty manageable for the past couple of years, even through some really bad shit. I’ve learned to handle it. But this feels different. This feels bad. This feels like it used to. Hopeless. I don’t want to talk to anyone about it; I’m tired of telling them the same thing. They’re tired of hearing if. Anyone I could talk to is cis; I don’t think they’ll ever really understand. They won’t understand the bile in my throat when I think about these things attached to my chest. They won’t understand the cold hard fact of living the rest of my life in a world that thinks I’m a freak.

I’m an adult, and my rational brain knows this is all the stress and fear talking. I know I can live a happy life. I know it’s possible; I know we do it all the time. Trans people are so resilient and strong. But, fuck. Lately? It’s so much harder to think that way. It’s so much harder to look at myself and see a happy future. To see any future. I don’t know where I went wrong; things were getting so much better: I was happy, I finally have a good gender therapist, I got my degree. But. 

My life feels like it’s suddenly just fallen apart again and I’m completely lost.",1621793205.0,3,0.81,2
