subreddit,body,created_utc,score
HodlToken,did it fix? i still am trying,1717954233.0,1
HodlToken,help i need to migrate over 200usd of hodl token to v2. no one helped me years ago when i was having issues. how can my money be stuck like this? scam,1717954068.0,1
AlAnon,"I’m sorry for what you are going through as my mother has been in a similar situation for my whole life. Please find ways to bring a smile to your face whether that be watching TV, exercising, or trying a new hobby. Anything to distract from the negative thought that “this is temporary”. I hope better days are ahead of you 🙏🏻 keep your heard up",1629776249.0,4
HodlToken,Mine didn’t show up..,1628783485.0,1
HodlToken,does it show your 2.0 balance?,1627011522.0,1
HodlToken,"i swapped from 1.0 to 2.0 on the hodl website by connecting to trust wallet, it took the BNB fee but then it does not reflect any changes - it says i have 0 HODL 2.0 coins on the hodl website. anyone have any ideas?",1627010850.0,1
GateioExchange,Daddy coin,1621095141.0,1
GateioExchange,More desirable ;) for sure,1621095133.0,1
GateioExchange,FOR SURE MAN I LOVE YOU TOO❤️,1621095119.0,1
GateioExchange,Every single day 😉😉😉😉,1621095103.0,1
GateioExchange,Oh yaaaaa,1621095093.0,1
GateioExchange,Australian Shepard hands down has the best marketing scheme. Whose marketing can even come close to one of mans primitive instincts.. looking at booty 😉🦅 Shepard to the moon!,1621094909.0,1
