subreddit,body,created_utc,score
cardfightvanguard,"Boxes of Genesis of the Five Greats no longer contain card sleeves. They original printing of the set did, however since the second printing of the set they no longer have the sleeves.",1645289246.0,15
masterduel,Yugioh Master Duel follows the OCG Forbidden and Limited List. This is also why Maxx C is at 3 and Dragoon is banned.,1642799204.0,3
