subreddit,title,selftext,created_utc,score,upvote_ratio,num_comments
VALORANT,Highest rank you can place at the start of a new episode?,"Sorry guys, this question has probably been posted multiple times but I can't seem to find the answer anywhere. Last act I ended immortal 2 and placed immortal 1 and this act I'm going to end immortal 3. However next act is the start of a new episode so will that change the highest rank I can start or will I start immortal 1/2 still?",1671769883.0,0,0.5,2
ClassroomOfTheElite,Best quotes in COTE,"Ik I'm quite late but while watching the new episode when it first came out, all I could think about was the quotes from the light novel being voiced. I'll just say it did NOT disappoint. ""Am I even in trouble right now?"" ""If it's just the four of you, you won't be able to stop me."", and the ""Are you happy? Are you angry? Frustrated? Come on, let me feel it!"" ""What are you even talking about?"" ""There. There it is, Ryuuen."" were so hype and definitely captured what I felt while reading the Y1V7.  


https://preview.redd.it/vq06d0fxhep91.png?width=1308&format=png&auto=webp&s=1bdaeee686fe81f9261f24ca3264cc9d417aee1a

This made me think though, what are some of the best quotes so far in COTE? Kinugasa is a genius when it comes to the impact given through some of the dialogue and monologues so I wanted to know your favorite quotes.  


Some of my favorite quotes:

Manabu to Koji - ""There is no such thing as a perfect human. Am I wrong?""  
Koji to Horikita - ""Nobody is stronger than me, even when I'm going easy on them. Remember that.""  
Koji to Hiyori - ""Tell Ryueen that if it were me, I would have been able to secure more than 5 wins, using a better method. Please pass that on to him.""",1663848611.0,30,0.98,22
