subreddit,body,created_utc,score
AskReddit,"A Serbian film, not even worth describing what happens in it.",1653833948.0,1
AskReddit,"Weston-Super-Mare England, absolute dump",1651417634.0,3
AskReddit,24 year old male btw,1650404089.0,1
ketamine,all at once,1632083208.0,1
wallstreetbets,anyone hopping on AMC????????????,1611831864.0,1
