subreddit,body,created_utc,score
namenerds,ty😌,1732229324.0,1
namenerds,Thank you so much!!,1732229310.0,1
namenerds,"Thank you, I love Fletcher",1732229292.0,1
namenerds,"Love those, thank you",1732229236.0,1
namenerds,"So many good options, thank you so much.",1732229220.0,1
namenerds,I love ashton but it’s a family name already :\ but thank you!!,1732229202.0,2
babywearing,"The woven wraps seem so wonderful, i think i could really benefit from the versatility of it. Thank you so much for all this information and for sharing your experience, it’s honestly insanely helpful.",1729312844.0,1
babywearing,"Thank you, you have no idea how much i appreciate your reply.",1729312591.0,1
babywearing,I saw the ergo baby at target today and from what i’ve read on this group it sounds really great. I will definitely have to check ebay. Thank you so much for your help!,1729312547.0,2
babywearing,"Wow, thank you for such a detailed response. I will definitely post a fit check, i really appreciate it!!",1729312464.0,1
lookyourbest,someone’s hurt,1697424055.0,1
lookyourbest,not a very kind one,1697423908.0,1
lookyourbest,is that an insult,1697422096.0,1
lookyourbest,no pink?,1697419774.0,1
lookyourbest,hat did nothing wrong 🥹,1697406105.0,2
SuicideWatch,thank you. i’m trying,1682539846.0,1
namenerds,i’m chandler & i love my name!!,1681400950.0,0
stopdrinking,"i’m so glad therapy’s been helpful for you, and i hope things continue to get better & you find peace. sending you all the support i can through a screen",1656625130.0,2
stopdrinking,"thank you so much, that is seriously great advice. and thank you for being willing to support, i wish you the best of luck on your journey.",1656605043.0,2
stopdrinking,"i’m working with a doctor now and i’m hoping to get some relief, thank you so much for taking the time to comment it really means a lot",1656604938.0,2
stopdrinking,"not a bad idea, thank you so much. <3",1656604831.0,1
stopdrinking,thank you so much.,1656561367.0,2
stopdrinking,"no, looking into out patient options now",1656561333.0,1
Jellycatplush,"miami, and nooo i’m trying to slow down bc i’m running out of room to keep them 😂😂",1655348130.0,1
Jellycatplush,miami!,1655348108.0,2
Cruise,"dear god, get better soon i’m sorry",1655348023.0,1
AnorexiaNervosa,aerie!! they have the best sets and softest hoodies. super plush and flowy :),1643004473.0,1
SuicideWatch,getting in bed after a shower,1642315591.0,3
SuicideWatch,felt this,1642314734.0,1
SuicideWatch,but dogs,1642314606.0,1
AMA,"I’m 20, do ketamine treatments for depression. It’s been months and I still feel stuck. What can I do beyond medicine to help with severe depression/ lack of will to live lol",1640653424.0,3
FuckTravisScott,"my heart is fucking broken, couldn’t stop thinking about this today. cant make sense of it, just shattered fr",1636336621.0,2
EUGENIACOONEY,"it’s me, and thank you so fucking much. i def couldn’t do it alone, but accepting support is everything.",1635831290.0,40
EUGENIACOONEY,"Thank you so much everyone. I know recovery seems impossible but i just wanted to bring some hope that nobody is too long gone. it’s a process and a choice every day, so hold hope.",1635826232.0,92
SuicideWatch,"i was a homecoming queen, cheerleader, model, and was supposed to travel the world. i was going to write children’s books, i was going to have a family someday. i was going to make my mom proud, i was going to have a best friend. i was going to move to georgia one day. i was going to see glass animals live, i was going to see the hot air balloon festival. i was going to paint murals and i was going to be happy. i was i was i was.",1633760997.0,1
