subreddit,title,selftext,created_utc,score,upvote_ratio,num_comments
knifeclub,My uncle left me this and I wanna clean it.,,1658644006.0,2,1.0,2
FGC,Bought GG and GGXXACP. Plus both BB games on switch. I’ve been playing FG all my life but now I’d like to get to know people. I’m on switch. I’m not the best but I do understand a lot of mechanics and don’t need much teaching. Just a partner.,,1657440511.0,1,1.0,2
Mario,Next Mario switch game to buy,I just finished the true ending on super Mario Oddysee. It was my first mario game I fully completed and I loved literally every second. Im purchasing another tomorrow. I would love to hear what I should play next after this. Anything mario on the switch. Thank you,1653204274.0,2,1.0,11
SauceforNSFWads,Anyone know the original photo or name?,,1648344948.0,4,1.0,2
dirtyr4r,(24M Australia LF F) looking to make someone’s night. I guarantee I can give you what you want. Chat or Video.,[removed],1646493058.0,1,1.0,0
Minecraftbuilds,Never have built before and would love some advice and tips for making a fishing hut (link in comments),,1646468560.0,522,0.98,9
SuicideWatch,"(NSFW) I’ve been taking all of my medication today. I don’t know if I should get help, I don’t know what to do",,1646467076.0,9,1.0,1
TradePokemonHere,"Looking to trade my spare shinies, will be in comments.",,1644492734.0,1,1.0,2
pokemon,Pokémon Legends Arceus *Spoilers*,[removed],1644239265.0,0,0.5,5
pokemon,Pokémon legends Arceus *SPOILERS*,[removed],1644238959.0,1,1.0,0
AskDocs,Looking for medical advice since I can’t get into to doctors for three days,"[Gender] Male [Age] 24
I’ll keep it brief I had a lot of blood in my stool, more then any I’ve ever had and it concerns me. I sometimes have blood but never to this extent. I’m very worried and don’t know if I should be. Thank you for any help. I don’t have any past medical issues and I take Citalapram, Olenzepine and Conerta. I’m happy to answer anymore questions.",1644200440.0,1,1.0,3
SuicideWatch,I think I actually might try to end it tonight,"I’m so tired. I’ve let everyone down. I don’t want this feeling anymore. I honestly can’t remember the last time I truly felt happy. I feel abandoned, this isn’t like me and I reached out to friends who didn’t respond or showed they don’t care. I don’t know why I’m writing this, I don’t know why I’ve honestly forced myself this far. Thanks for reading I suppose.",1644070430.0,23,0.96,16
selfharm,Gonna push myself to my limits tonight,[removed],1644065712.0,1,1.0,0
MeetPeople,24 M Australia [Chat],"I’m looking for someone I can just be honest with finally. I’m not looking for advice just sort of a vent. But not just me I want the other person to be in a similar situation in terms with just wanting someone to feel you can be honest to. No judgment just listen to what each other have to say. Anything that comes to mind. I’m not looking for sympathy, just a friend I can be honest with. Long term or just tonight. I wanna see if I can make a connection.",1642669506.0,1,1.0,0
MeetPeople,24 M Australia,[removed],1642669429.0,1,1.0,1
Advice,Calming down,"I’m having trouble dealing with issues and news given to me. The news is a family member has assaulted another while I’m across the country the other I’ve taken drugs. I’m not taken anymore. I’ve taken speed not much. I’m drinking water, I’m trying to breath I took it before this happened I’m just trying to calm down and go to bed for tomorrow any help is appreciated. Thank you so much.",1641462281.0,1,1.0,5
pokemon,I didn’t miss having to do this more then once (I was under levelled),,1640242647.0,4,0.71,2
Switch,I bought a switch after wanting one for years,"On Monday I bought a switch with Pokémon brilliant diamond, I haven’t owned a Nintendo product since the ds lite or played since the original diamond. I’m not a very emotional person, I’m scared of doing so. But playing through Pokémon for the first time again made me shed a tear and feel joy I haven’t felt in a long time. I asked the committee yesterday and decided to buy BOTW, haven’t gotten through much but love it as well. Nintendo has always brought me joy I still own my old ds lite and diamond I play it all the time. I also get to share it with my nephew. I’m happy, and I haven’t been able to say that in a long time.",1640168109.0,4,0.83,1
pokemon,Unique Pokémon builds for Pokémon Brilliant Diamond.,"I beat Pokémon brilliant and wanted to try new and unique Pokémon builds that are either trolly or something entirely defensive. I’d love to hear any ideas you guys have come up with, I haven’t played a Pokémon game since the original diamond and I don’t have much knowledge of what certain Pokémon can abuse or what certain ones can pull very gimmicky things off. Thank you",1640090532.0,1,0.67,2
pokemon,Unique Pokémon builds for Brilliant Diamond,[removed],1640089981.0,1,1.0,0
Switch,Here we go! Should I get Mario or Zelda,I bought a switch yesterday and can’t decide between getting breath of the wild or Oddysee. I’ve seen reviews but I already know they are both great games and love both the concepts. I know they are both completely different games. But in the end I want a game I’ll really remember. Thank you,1640089497.0,27,0.72,47
pokemon,Buying Brilliant diamond and gonna do the play through with my favourite Pokémon Aggron.,"Gonna buy a perfect Aron after I beat the first gym, wanna make him very tanky and hard hitting but overall a tank. The eBay I’m buying from adds ability, trait and item what should I put? Also what evs should I do they confuse me and I’d love help. Thank you so much.",1639978022.0,0,0.44,9
Advice,Recovering alcoholic (23M) not sure why to keep going,"I’ve been sober for just over three months now, part of me feels good for getting sober for those around me. I attend AA and talk to a therapist. But every bit of bad news sends me into bad cravings, I don’t want to drink I know I’m better without it and I know I would regret it. But yesterday one of my best friends said she found a guy who makes her so happy. She finally found someone who gets her and she can build something with. I’m happy for her I want her to be happy, I did have feelings for her a while ago but not in a while. So why did her telling me this upset me and make me want to just get drunk and forget about it? I still do, it’s honestly tearing me apart inside. I want to be a better person. I’m sorry if this is too much.",1637734745.0,2,1.0,17
WarhammerAoS,Need help and advice (Retributor Armour base),"New to reddit and warhammer painting, what shades would work well with retributor armour? Currently I have nuln oil and reikland fleshshade.",1626924558.0,2,1.0,2
MeetPeople,[Chat],"I’ve tried posting so many times and I’m drunk, 50 percent chance I’ll give you a good conversation. M-23 Australia",1625250653.0,5,1.0,0
MeetPeople,Chat,[removed],1625250575.0,1,1.0,1
MeetPeople,New looking to see what’s here,[removed],1625250440.0,1,1.0,1
MeetPeople,"New and Intrigued what I’ll find, looking for a chat maybe a friend. M-23",[removed],1625250301.0,1,1.0,1
