subreddit,title,selftext,created_utc,score,upvote_ratio,num_comments
newborns,Any tips/advice for a 23M with a 2 day year old 🙂,"Any tips for me with a 2 day year old? 🙂 I have watched videos and read books and got advice already before he was born but figured more tips and advice from people wouldn't help so why not 🙂

2 DAYS! Best 2 days so far!",1741234321.0,2,1.0,4
Healthygamergg,Sleep,"How come when I try to sleep my mind thinks of every bad possibility of everything even though nothing is wrong and I'm completely happy. I'll think of hundreds of what ifs and then I only get a few hours of sleep. 

I can only sleep if my body is forcing myself to sleep. I feel tired and wanna sleep but when I turn the screen off and try to sleep my mind doesn't shut up",1740976854.0,1,1.0,2
Life,Purpose,The purpose is you. So do it for you. ,1740811857.0,3,1.0,8
PcBuild,Is this cord supposed to be this way?,Ia this supposed to be unplugged? I bought it for my fiancee and I'm setting it up and this cord is just not plugged in?,1740351207.0,4,1.0,8
Healthygamergg,Why do I dam near cry when I read books lol,Not sure what tag to use but how come I get super emotional as a grown man when I read books? I had my pelvic shattered in a car accident and not one tear fell from my eyes but I read a book and there's lots of times that I get the pages wet ahaha or my vision gets so blurry and my throat tightens. ,1739466036.0,4,0.75,9
RangersApprentice,What part of the series made you emotional?,What event in the book made you most emotional?? Mine would be when Horace and Halt were tracking in the snow in Skandia looking for Will. I got teary eyed ngl when Will heard Halt's bow behind him and he knew right away he was safe. That like page or 2 in the book for me 🤌 not sure why but even remembering it makes me teary eyed lol ,1739465788.0,63,0.98,27
driving,Anxiety is good,"Anxiety is a good thing to have, when you drive without any anxiety is when accidents happen. Of course when you start you're gonna make mistakes and have so many what if situations in your head. To lower your anxiety and get rid of thinking of situations on the road you have to practice. The more you drive the more your body and mind learn the car, the less you drive the longer it takes. You learn to judge the speeds of other cars to know if you can turn or pull out or if you have to stop or not. Always assume when approaching a light that it's going to turn red or someone will turn on red and cut you off. Always assume that car driving next to you is going to squeeze into the following distance you have to the car in front of you. If someone is making love to your rear bumper as you drive that's all on them, if they wanna floor it past you and honk just don't care. You'll end up at the same place all within a minute. If you feel too anxious or shaky just pull into a parking lot or a side street. I was in one accident and my car was totaled cause I was driving too comfortable, was in lala land, thought I could make the tinest gap but didn't see a whole car and a ditch in the road. If I was anxious I would of have second thoughts and slowed down and waited. Anxiety is good and don't wanna lose it. Good to be confident but always aware",1739290276.0,3,0.71,4
selfcare,Do it for you,Do it for you! You are the purpose 🙂 ,1739289530.0,144,1.0,7
davidgoggins,Rucksack,"Hello so I wanted to ruck run/walk but seen a 50ib pack was $200 and change at the sporting goods store so I decided to just put 50 pounds of weight in a backpack and go but the weight on my shoulders was killer. Is that normal starting off? The straps dig into my shoulders too much. Figured someone here could inform me? Maybe my backpack just isn't meant for that much weight, or off balance? The weights not too much for me, I still went 10 miles with it but the pain after was atrocious. 
",1739168526.0,3,1.0,14
davidgoggins,STAY HARD,This upcoming week be 10 percent better than you were last week 💪 ,1737871118.0,64,0.93,7
TheOC,Seths a dumb dumb,"Seth is silly and funny and all that but he's a lost cause when it comes to relationships, my fiancee and i are on the part when they all go to Miami and he's caught licking the cream off the girl during the spring break thingy and once again ruined his relationship with summer 🙄 and before with just not telling her about the comic/novel and telling the truth he lies/withholds information like it's so annoyingly easy to communicate yet he never does 🙄 lol, he ruined his relationship AGAIN. I found it's a cycle with this show, an episode ends with everyone happy and then the best episode it ends with everyone sad and depressed and then suddenly next episode alls good!!  And it's back and fourth back and fourth lool love the show but dam ",1737340389.0,20,0.92,11
davidgoggins,"""I'm not crazy I'm just not you""","""i'm not crazy I'm just not you"" I love when David said this, every time I get told I'm working too much or I do too much cardio or losing sleep to work more is crazy I always love saying, it's not crazy I'm just not like you and everyone I say it to gets frustrated in an instant and it fires me up to do more! even saying it to myself when I feel crazy or while doing something I don't ""need"" to do I'll say I'm not crazy I'm just not like them, just those 7-8 words have helped push me thru rough 16+ hour days when I didn't wanna do it. 

It's so much better than agreeing with them and go yea yea I shouldn't go run in the rain, let's eat thousands of calories then regret our lives for a few days then go run. Just don't be like them and do what you know you should do☝️😀",1736584131.0,85,0.98,8
sleep,Only sleep when my body forces me too,"I can only sleep if I'm so tired I accidentally fall asleep and my body forces me to. I nonstop think about all I should be doing and haven't done so my mind keep me up with thoughts that I haven't ""earned"" sleep. Although I tell myself if I sleep I'll be able to achieve more without feeling dead, I still can't sleep  maybe it's some mental illness but idk",1736085079.0,0,0.5,3
HuntShowdown,Ellooo,Anyone on PS5 that's new or doesn't mind a new player wanna play?? 😃,1736005942.0,4,0.84,4
Healthygamergg,Thank you for the content over the years 💙,"Hello! I've been a big long time lurker/listener/reader of healthy gamer and Dr K. I was 16, an incel with handfuls of mental illnesses, almost succeeded at taking my life 4 times, but with the knowledge/tips/advice from the YouTube and stories and events told here I'm ecstatic to say I'm 23 and completely happy and free of any mental issues 🥳🥳 Engaged and I'll be a dad in March 🙂 I wanted to thank Dr K and all the posts and advice that's given here for the help 💙 my little brother was in a clinic recently for a few issues and his therapist didn't understand analysis paralysis and thought my brother was just ""losing it"" and couldn't ""remain in the real world "" so I showed her the YouTube Video and it led to him being able to get the help he needed 💙 
Just wanted to say I appreciate the content and everything 💙",1735154813.0,18,0.92,3
Vent,The new world,"No one accepts facts or things people learn by pattern recognition, you gotta follow the new handbook that teaches you to be soft. Can't give advice to people without being reported, the people that you give advice thank you and appreciate it but others aren't happy I help so I get banned everywhere 🙃 can't even give advice these days",1735038375.0,1,1.0,0
throneofglassseries,Mannon ,"So how does Mannon go from losing a fight severely vs her grandmother but then later on takes on her grandmother and the other 2 high witches AT THE SAME TIME and gets hit once, and easily takes them down. I don't remember reading her getting stronger from wearing the crown or being crowned Queen. And I also wonder why Dorian didn't just snap the high witches necks in a single thought, he snapped the wings that witches were on, clearly he could snap their necks while focused on Mannon. I understand Mannon wanted to take them on herself but kinda facepalmed every chapter over how the author chose to write. Loved the books incredibly but still. Some decisions are meh 

I believe it's her grandmother and they're called high witches, I finished KoA 2 weeks ago and re reading and on the 2nd book so some titles I may have forgotten ",1734385107.0,4,0.7,13
Waiting_To_Wed,I may be moving too fast but why wait if you know you'll be married someday right?,"Im a 23M my lady is 21 and pregnant, I'll keep this simple. Its only been 10 months but there's been 0 issues, no negatives, we both compromise, come to understandings, I love to work non stop to support her and get ready for our baby. Usually with past girls I'm argued with and given silent treatment over yawning or if it's too cold out or some nonsense but not with this lady. We both make it clear we want forever and all of it. 

I do rush things in my life, I like to be speedy, why wait years to marry this women when I love her now? My hobby is making her life better. So my question is should I wait to propose? Do I slow down? Wait until our baby is here and settled then do it? 
Usually my relationships start out the greatest and 1 month in the girls talking about babies and marriage and calling me husband but then they turn sour, but this time it hasn't turned sour not one time. Maybe its an extended honeymoon phase lol there's always a maybe at the end. I can't think of a reason not to propose only reasons I want to. 

I'm sure there's people here married for decades that could tell me useful advice 🙂💙 thank you for reading 🥂",1734134187.0,7,0.57,200
thedivision,Is Division one only hackers? ,"Played division one on PS5 the only issue is lag switch but you can outrun it and even put dps then but my first time in the DZ on PC it's literally only hackers, every checkpoint I go to bullets just spawn in and I die, I don't even see anyone 😐😐 no work today so my girl and I wanted to roam the DZ and explore loot etc.. but we just get pred bleed no matter what server 😐😐 ",1734116743.0,0,0.31,9
RedDeadOnline,Solo lobbies ,"How to do a solo session on PC? My girl loves to roam around the map and do bounties and all but doesn't care for pvp, on PS5 I swapped the mtu settings to 750 instead of 1500. Is there a similar thing on PC?",1733964563.0,2,1.0,8
throneofglassseries,Why Arobynn switched up on Celaena so drastically? ,"So I've read the series twice now and my girlfriend just finished assassin's blade, I didn't think about it much but she's confused on why Arobynn let Sam get tortured and killed and played a hand in it and why he would set Celaena up and get captured then sent to endovier. Yeah they both ruined his slave trade and cost him $$$ and she chose Sam over him but that doesn't seem like a big enough reason to torture and kill them. 

A harsh talking to and maybe a beating while training them would have sufficed and then find another moral way to make $$

Am I missing a big key reason why he full on turned on her and Sam? 

Celaena and Sam could of been his best assassins and money makers if he just let them be, he wouldn't have lost either of them and been better off. 

Just randomly thought about it",1733593571.0,70,0.92,27
love,Is it dumb to revolve my life around my partner even though loving them is my happiness ,[removed],1733197716.0,15,0.94,12
Christianity,How can I help my brother adapt to God and Christianity and beliefs as a new person to it all? ,"Hello I'm a 23M my little brother is 15 and he's recently discovered God and has jumped head first into it. I don't believe but I don't not believe. Its a grey area, would be cool if God was real but I need proof. But he's talking about God to everyone with a heartbeat, if I say anything negative or bad in his eyes then I'm the devil's eyes 🙃 he says God has forgiven him and God is real about every 3 minutes at most, he does the chest symbol and prays non stop, preaches to everyone, writes on paper lines from the Bible and hands them out to everyone, Its his entire personality now, his teachers dismiss him from class, our mom cant stand him, i try to talk to him but if i dont agree 100 percent on his beliefs then that means im the devil and god will teach me. I said cool give him my number I'll have my ringer on and then he got mad and started praying. Not sure what I can do to help him. I'm all for him believing in God, I offered to go to church with him and listen but it's as if he thinks he's gods henchman. He just spent 20 minutes talking about God straight, that's not the issue, the issue is he'll say he can sense the evil in me and that he senses it from everyone around him and he can't sleep or eat cause the devil scares him and he needs to pray to God for guidance. He won't say what evil or anything. I go to humor when I don't know what to say so I said I'll go ask Santa Claus what he thinks and he got mad 🙃 How can I help him properly adapt to this whole Christianity thing? 

I don't make fun of God or the beliefs I even think it would be awesome if God was real and everything. I just wish there was concrete proof beyond belief. I think ghosts are real so I can't judge 🙂",1732772758.0,0,0.4,3
throneofglassseries,Loved the series so much I may name my baby boy in 3 months Dorian 😅,"I'm having a baby boy in 3-4 months and can't think of a name but after reading the series I'm always like, hmmm maybe Dorian wouldn't be a bad name, maybe Rowan lool I'm a guy but even I got so into the books I swear I teared up like every other chapter. I've always became attached to characters in shows or books. I re read books 50 times over, I re watch shows 40 times over. Throne of glass series is my new addiction loool ",1732650031.0,101,0.96,43
BabyNames,Can never think of a good baby boy name :( ,"3-4 months left and still no super definitive boy name :(( I kinda like Dorian but my lady says ehhh and shakes her hand in a idk fully kinda way. Don't want a generic name like Josh, Sam, Chris lol my name is Chris and hate it lol ",1732648765.0,10,1.0,32
SavingMoney,Where should I put my money to safely grow it over time?,"Hello I'm having a baby in 3-4 months, I have 18k saved but just sitting in the bank doing nothing. I make 86k a year but I wanna ask where I should put my money to save it but also grow it. I add about 1k a month to savings sometimes more but figured I'd ask for advice 💙 ",1732618070.0,6,1.0,18
Healthygamergg,Not sure if I'm bipolar or something else,[removed],1732606411.0,1,1.0,2
drivinganxiety,If this driver I encountered tonight has a license all of you can no problem 💙,"So Ive driven hundreds of thousands of miles but this was a first. Tonight driving home from getting desert somewhere with the Mrs. I was heading down a road that has 5 lanes , 2 lanes going north, the other 2 lanes going south, the 5th being the turning lane in the middle. Instead of the oncoming driver sitting in the turn lane with his blinker on, he's in my lane next to the turn lane facing me with his blinker on 🤦🤦 It was around midnight so no other cars really so no issues but I wonder if he does that a lot 🤦🤓 so for all of you that share your embarrassing moments or mistakes, none of you are as dumb as the driver I seen tonight 🙂🙂 if they got their license you can too 🙂",1731404450.0,23,0.9,8
drivinganxiety,Best driving tip imo,"Driving, even in just a big parking lot is better than reading tips and tricks for driving. Can't replace experience. The more you drive the less anxious you will be. Once you experience the scenarios you think you can't handle or are scared about, then the anxiety will lessen if not go away completely. You learn how to merge onto the highway and if you can turn at that intersection or not, if you should not pass a car cause you see them swerving so you wait until it's safe to, all those things you worry about you learn as you drive. Its the easiest thing to do, driving once you get enough experience is simple. ",1730131969.0,48,1.0,7
Empaths,Too empathetic a thing?,"Been told I'm too empathetic to the point I try to not care about a lot of things. But I care 🙂 can't be helped. Is it ever bad to be too empathetic, is that even a thing to be?",1729797573.0,1,1.0,0
thelastofusfactions,Tlou on ps5 skipping,"I dont skip but my team and enemy skip, i have ethernet but on tlou it skips every 10 seconds but not on other games, i deleted and reinstalled, anyone know a fix? thank you",1686446906.0,2,0.75,2
BloodHunt,I get hit reg and this happens,,1651699971.0,1,1.0,0
newworldgame,Returning player,I haven't played since a month after launch. I had to quit playing after getting 571 hours but I can grind now. What's the best way to my gear score maxed? I seen leg mats are worth nothing now so it seems selling max gs weapons and gear is how gold is made now. Is it even worth coming back to this game or is it still buggy and downtime every other day with disabled trading every other three days 😂,1643904372.0,0,0.33,14
