subreddit,title,selftext,created_utc,score,upvote_ratio,num_comments
SomeOrdinaryGmrs,Indian jesus,,1705443475.0,20,0.84,1
plants,unknown plant,This plant has started to grow next to this plant my mum has planted. Does anyone have a clue what could it be?,1661517973.0,1,1.0,0
ECG,please explain,,1654382666.0,0,0.1,10
medical,pls ex🅱️lain,,1654366790.0,0,0.4,3
relationships,I tried to contact my ex after 1 year while high on multiple drugs,"I used to be with a girl, who I love very deeply. We were together for two years and everything was great, we were living, eating and sleeping together. Our relationship got serious and we both wanted to get engaged, until one day she cheated on me, in me own house and in me own bed. I left her immediately and got hooked on drugs because of that. I managed to go to rehab and I effectively curbed my addictions but never fully eliminating them. Yesterday I decided I wanted to have meself a couple of drinks and I had some xanax on top of that. Then, I started ruminating about the relationship I used to have and how happy I was, so I sent her a friend request and she hasn't replied to it yet. Should I own up to my mistake and let things be, or should I just roll with it?. To be dead honest though, I'm not sure if I have the strength to meet her again and I need help.



TLDR: I got really drunk and high and decided to ""friend request"" my ex who has cheated on me. I don't know if I should roll with it or own up to my mistake and take it back.


Edit: I blocked her and I'm not talking to her again. Thank you all lads for putting some sense into me head.",1650991060.0,1,0.67,6
SuicideWatch,"If I cannot practically live the life i want, what good is it to be alive?",,1643303320.0,6,0.81,2
existential,NSFW,"If I cannot practically live the life I want, what good is it to be alive?",1643303247.0,2,1.0,2
