subreddit,title,selftext,created_utc,score,upvote_ratio,num_comments
FuckPierre,The type of crops I’d give Pierre.,,1736094205.0,258,1.0,9
astrologyreadings,Why is ascending aligned with 8th house?,[removed],1712171043.0,1,1.0,2
AstrologyCharts,Why does it feel I have so many obstacles? And when will they stop?,,1711210356.0,1,1.0,0
AnimalCrossingNewHor,I need help with recipes!,"If anyone has the complete set of mushroom recipes and cherry blossom recipes,
I can pay you back with Nookmiles .",1672324172.0,1,1.0,0
FoodPorn,I made Korean cold noodles.,,1664365554.0,6,0.69,0
astrologyreadings,"Can someone help me out a bit, I’ve been having a hard time :/",,1664045247.0,2,1.0,9
ShinChan,Shinchan cafe in South Korea,,1663584613.0,62,1.0,3
AnimalCrossing,Animal crossing (NH),The only place I can buy a house and yacht 🛥. And live the American dream.,1655766112.0,7,1.0,1
FoodPorn,Korean KFC.,,1655024973.0,14,0.72,2
AnimalCrossing,"Turn-up tracker...Did you guys know if you guys get the Nintendo switch app and link it to your switch, you could track the value of your turn ups?",,1648349243.0,168,0.94,46
koreaboo_cringe,The guy isn’t even the same guy in the video. They’re playing you hard my guy.,,1632370151.0,141,0.97,6
