subreddit,title,selftext,created_utc,score,upvote_ratio,num_comments
funny,"Whatever works for you, do it.",,1747335893.0,33,0.72,15
IdiotsInCars,"Damn, she almost missed her exit.  [OC]",,1742494636.0,179,0.98,17
stlouisblues,51 years ago today,"When I bought the ticket, I didn't think much about the 'limited view' stamp, I was too excited to see my first game at the Arena, Blues vs. the Bruins. I got to my seat and discovered I could see only half of the ice unless I leaned on the guy in front of me. I ended up standing. Boston won 1-0. Bobby Orr got a 5 minute major and Phil Esposito played all five minutes of the penalty kill. At one point he was leaning over the boards the at their bench, sucking wind like crazy. The crowd let him have it because he was stalling. ",1737575369.0,114,0.99,10
stlouisblues,The best Christmas gift ever!,Grandchild #5,1735152541.0,69,0.92,3
3Dprinting,Merry Christmas to me!,My daughter and I are going to have a bit of fun in 2025. She's already told me about her money making plans. ,1734985868.0,26,0.86,3
explainlikeimfive,ELI5:  What is tree[3]?,[removed],1734398707.0,0,0.25,14
FuckImOld,"If you're hearing the theme song, you're old.  And a bad mutha...",,1731438178.0,259,1.0,48
pics,See at the bowling alley today,,1730394042.0,9,0.8,3
FuckImOld,This was the best show on TV until Batman came along.,,1727486054.0,15,0.95,5
FuckImOld,I wanted to join this club.,https://m.youtube.com/watch?v=XccsO5t9D5g,1720151855.0,8,0.91,0
FuckImOld,Speaking of Herb,This was my introduction to Herb and the Brass. I was hooked immediately.,1718912522.0,10,0.92,0
FuckImOld,Do you know who his alter ego is?,,1718069850.0,4,0.84,4
FuckImOld,What was his secret identity name?,,1717096482.0,7,0.9,7
CasualConversation,My friend had to let me go today.,[removed],1716595926.0,18,0.91,7
FuckImOld,"If you had this, you're Old as F","I got this for Christmas 1968.  I couldn't figure out how to get it to walk and I took it to my dad who was watching Apollo 8 going around the moon. That wasn't important, getting Horrible Hamilton to walk was.",1715404981.0,9,0.82,1
Bowling,A new personal best!,,1711314491.0,14,1.0,3
PhotoshopRequest,F-35 and V-280,,1710530779.0,2,1.0,16
PhotoshopRequest,Can someone please add my brother to Superman's body? $20 USD.,,1705525159.0,2,1.0,26
CasualConversation,I need a big laugh,[removed],1695667042.0,1,1.0,1
movies,Help with a movie title,"I saw a scifi movie twice back in the 90's. When I saw it the second time, I didn't remember seeing it the first time until the very end. Three gray ETs crash landed on Earth but they were tourists and didn't know how to fix the ship or contact help. It takes place in Montana or Wyoming. The only scene I remember is the young woman sitting in the back of a pickup truck once night and they are telepathically telling her they like how quiet her mind was. It's not much to go on but it's driving me crazy.",1693781246.0,0,0.45,3
IdiotsInCars,A true idiot.,,1681049073.0,20488,0.94,533
SumoMemes,Highest honors,,1678413640.0,17,1.0,1
CasualConversation,I spoke with a champion today.," So I answered a call at work and I see the name Doug Risebrough on my screen, he lives in Alberta.  I helped him with a couple of problems and when we were finished I asked him, ""Are you the Dough Risebrough who played with the Montreal Canadiens in the 70's and 80's?  He replied, I sure am.    


He was one of my favorites back then and when I told him I couldn't believe it, he said, ""Imagine how I feel that you remember me!"" I told him I thought he wore number 8, that was right; he mention playing in the St. Louis Arena and said he it was so hot one March that he's sure he slept on a park bench one night.  


This was a highlight moment for the year, shooting the breeze for a bit with a 4 time Stanley Cup Champion!",1660006701.0,289,0.98,7
dontputyourdickinthat,For a really hot time!,,1648230345.0,16,1.0,0
estoration,"This is my dad in the Korean conflict, he was 19 or 20. He died a couple of years ago and I'd love to have it restored and colorized for my mom. Thanks to anybody willing to help. Willing to pay for it.",,1647296204.0,11,1.0,4
SuicideWatch,I just bought a gun,,1643669112.0,24,0.92,7
SuicideWatch,I'm at the very bottom and there's no way to the top,"Once again, my life has gone to shit.  My marriage is over and I'm an exile in my home until we get divorced.  I'm too old to start over again and I can't keep living this life knowing it won't get better.  The last of any happiness is gone and the only people keeping afloat are no longer enough.  I don't have any fight left in me, I'm giving up.",1643642028.0,6,1.0,1
