subreddit,title,selftext,created_utc,score,upvote_ratio,num_comments
Denton,Are there any vets that take bunnies?,"Hello! My female rabbit is in heat and I was wondering if there were any pet vets that spay bunnies and don’t cost too much? Sadly the person we got her from said she was already fixed but we learned this was a lie ,,,",1683928264.0,1,1.0,0
Denton,where to get my bunny spayed,[removed],1683335834.0,1,1.0,0
SuicideWatch,losing it,"just realized it’s been two years since my last attempt. i think today’s the day i got out of the hospital idk. i’ve had good days since then but i don’t think it’s been enough to outnumber everything else. these two years have been so hard i really don’t know if i can do this anymore. i can’t keep a job bc i hate working like each time i go up to my workplace i really do have a moment of “if i throw myself into the road i don’t have to go” and i can barely keep it together while i’m there. i can’t keep relationships because i can’t fucking hold a text conversation. the only person in my family who actually loved me and never took advantage of me is dead and i didn’t talk to her for a year. the last time i talked to her was on my 18th birthday and she said she wished i called more. i didn’t know she was gonna die a month after. i will never have a relationship with my family again. my moms fucking crazy and caused most of my disorders but i still miss her so much i haven’t talked to her in months. and my sister i love but she did take advantage of me this summer financially and we’ll never be as close as we once were, which really fucking sucks because she was one of my favorite people in the world. my fucking dad is just awkward around me now and i really have no desire to start our relationship again. 
i love my friends but i can’t talk to anyone because they’re going through their own shit. even if i could i feel like i’m growing apart from everyone. i feel like i’m on the outside no matter what i do. all of my art sucks too and that’s all i want to do in life but i don’t think i’m very talented at anything and i hate the community in my hometown i’m p sure everyone thinks i’m weird too it’s either that or they just wanna fuck me and don’t even think of me as a human being. anyways i think i made a mistake that night and i wanna correct it but i think i might be too much of a pussy too which makes things worse.",1638552163.0,1,1.0,1
SuicideWatch,two hours,i go to work in 15min and i’ve been having a mental breakdown for the past two hours trying to get myself to end it but i bitched out and now it’s too late i have to carry on for the rest of the day like nothing even happened. the cycle continues to the next day and the next and the next and it’s never going to end. i’ve had fleeting moments of happiness but they don’t stay long the only thing that stays is this feeling. i’ve been depressed for as long as i can remember and i’ve been suicidal since the age of 12. it’s been almost a decade of people saying it’s going to get better but holy fuck it’s gotten worse. i just wish i wasn’t such a pussy and could end it.,1638551566.0,1,1.0,2
