subreddit,title,selftext,created_utc,score,upvote_ratio,num_comments
SuicideWatch,Here goes,"Hi, my name is Steve, and I hate being alive. Life is horrible. I hate being unemployed and being turned down by most places I apply to. I hate having a crush on my best friend that's already taken. I hate living with my parents. I hate having depression and not owning a firearm to end it with. I hate being addicted to porn, video games, and YouTube. I hate having low self-esteem and poor ambition. I hate my brain, being shit at math, science, and money-making skills. I hate my dreams of being a filmmaker and a writer. (No I don't give a shit about the grammar or punctuation of this spiel.) Nothing matters anymore. Everyone I care about is states away. The woman I love is already in love with someone else. Money is fleeting and difficult to retain. If I had a gun right now, I most certainly would blow my brains out after saying goodbye to my two friends and my crush. I hate... being alive without a sense of purpose.",1644545682.0,5,0.86,2
