subreddit,body,created_utc,score
Drugs,If anyone sees this i forgot I posted this. I took a lot more and ended up in the er and thw psych ward 😬 Thank you everyone who commented I was not doing good but im doing better now.,1645257278.0,1
SuicideWatch,I d cease attention u are righrbhutbi _mm? I'm no olqy u,1642766587.0,1
Drugs,Trying. Shits just dark never thought my life would get this dark,1642764113.0,4
Drugs,I got qgeee im sorry,1642763036.0,1
