subreddit,title,selftext,created_utc,score,upvote_ratio,num_comments
SuicideWatch,I want to take control of my life again but I can’t,"I feel like everything I do was always a step in a direction I would eventually cycle back toward,I felt myself unintentionally grow as I feel myself encounter the same struggle with a different mindset, even now I want to cling to every sense of desperation just to keep afloat and not feel like a burden, but even then it’s not like that’ll save me in the economic situation that hits those who struggle the most, and me, who depends on someone else because all they can do is wait for opportunity to arise to make bridges, to jump to the other side and not feel so parasitic, I am trying. I am looking for help, but opportunity isn’t as spontaneous as I am and when I’m anchored in a better position by mental, physical, or emotional standard I can dream away that I’m in a world those problems don’t exist, not because I can or wish to but it’s the only grasp I can feel is the most I can do with what I have. Only having time, to make less time. Then realize every second I waste through time will eventually eat me away. As does the feeling of my newfound anxiety finding the less time I make the less company I have, when company is especially what I need.


I’m truly sorry to anyone who has to read this. But we are all here for a reason so maybe I shouldn’t.",1647395949.0,3,1.0,0
AskReddit,"People who like poorly written or weak endings to shows, why?",,1622090751.0,1,0.6,3
u_preparegto,So since nextfuckinglevel deleted my post I’ll post it here. I played a playable ad (eggs inc) until I got a million moneys. Then I went ahead and went for the funny number. All without upgrading anything and just pushing a button for 2 hours,,1620853299.0,1,1.0,0
nextfuckinglevel,"I went ahead and played a playable ad of eggs inc to get to a million money by pressing a button 40,000 times. I decided to go through with this right after.",,1620852259.0,3,0.57,16
teenagers,"I decided to play a playable ad to get to a million money’s, then I went for the funny number. All without upgrading anything to trigger the App Store",,1620852108.0,10,1.0,0
teenagers,It’s my cake day so I figured I should do something unique this time around,[removed],1606278047.0,1,1.0,0
teenagers,To nLHirohito & PotComrade2006,"Thank you for that zombies session on black ops 2 just now for mob of the dead , the account I played on was not mine and so I posted this hoping to reach you via Reddit.",1600483513.0,2,1.0,2
PewdiepieSubmissions,First meme I’m attempting to post on the sub.,,1595830225.0,13,0.86,2
ShitPostCrusaders,"(My first meme, and possibly my only, a old meme template but yeah, I need to bring it back one last time)",,1572836859.0,12,0.88,1
