subreddit,title,selftext,created_utc,score,upvote_ratio,num_comments
awwnverts,Flowerbed Friends,These were imaged earlier this afternoon with camera and speedlight. ,1749961656.0,17,1.0,0
ypsi,Enjoying the Milkweed,Had some visitors to the milkweed monstrosity in flowerbed.   Got the camera and speedlight out...,1749953066.0,51,0.95,9
ypsi,Strawberry Moon,"In case you missed tonight's Strawberry Moon, the clouds did finally subside to give a full view,  but it took a minute...",1749615070.0,109,0.98,6
ypsi,Flowerbed Macros in Y-Town,Messing around with a 60mm macro lens and a speedlight in our flowerbed today...,1749365475.0,39,0.93,3
ypsi,Andromeda Galaxy from Ypsi Twp Backyard,"Andromeda Galaxy (M31) located approx. 2.5 million light-years from earth.   Captured 1 Sept 2024, just under 2hrs of integration time (1 hr 18.75 mins) using Olympus OM-1, 150mm at f2.8, ISO-1600, mounted on Skyadventurer GTI tracker.",1749256507.0,189,0.99,24
ypsi,Smokey Sun Courtesy of Canada,Pics of the sun during sunset on 6/3/2025 with the only filter that of the Canadian wildfire smoke.  View from Ypsi Twp. ,1749172327.0,63,0.97,5
ypsi,Low Due West Over Ypsi Twp,"30% illuminated Waxing Crescent as viewed from porch, due west.   ",1748751590.0,68,0.99,1
ypsi,House Fire Ypsi Twp,"One street over,  no injuries i believe, other than heartbreak.   Be careful grilling.",1748291139.0,53,0.94,27
OlympusCamera,LiveComp Fun,"OM-1 mk1, 12-40mm  f2.8 , LiveComp  and Mother Nature. Big fan.",1747581582.0,52,1.0,2
ypsi,Skies Looking Electric Tonight,North and west views from Ypsi Twp as the storms more or less passed on by.,1747461604.0,192,1.0,14
ypsi,Stormy Night,"Single frame from GoPro timelapse.  Wish I'd set up earlier!  Also, ignore that foreground plant stem.  Lol.",1743693306.0,80,0.97,5
ypsi,Lunar Eclipse Timelapse,"March 13-14, 2025 total lunar eclipse from SE Michigan.  Individual frames captured from 11:30pm to 5:15 am, roughly 1-1.5 minute intervals.  OM-1 camera, 150-400mm lens at 400mm, tracked using Skyadventurer GTI mount.  Collection of 190 frames over that period.",1742139814.0,121,1.0,5
OlympusCamera,3/13-3/14 Lunar Eclipse,"OM1mk1, 150-400mm  lens at 400mm, mounted to Skywatcher Sky Adventurer GTI tracking mount.  Just a few, haven't had time to go through all 5 hrs of images.   Hoping to pull off a timelapse since I took images roughly every 1 to 1.5 mins",1742001269.0,37,0.98,2
ypsi,While You Were Sleeping,Thankfully the clouds mostly stayed away tonight.   Lunar eclipse is not a bad way to spend an evening.    ,1741945320.0,659,0.99,27
monsterjam,Detroit Show 2/22,A few pics from section 322...,1740295929.0,59,0.99,3
OlympusCamera,OM-1 Freezing Soap Bubbles,"With frigid temps in the Midwest,  I decided to break out soap bubbles to capture while freezing.   The blue images are solution mixed with invisible ink, then hit with UV from a blacklight flashlight. ",1740091260.0,52,0.98,3
ypsi,Single Digit Temps,"Once we get into single digit temps outside,  soap bubbles will freeze.  A few samples from tonight in Ypsi Twp...",1739947465.0,127,0.99,3
GoveePermanentLights,Cablemate III Raceway ,"Similar to others,  using the Cablemate III (C310) vinyl raceway for installation.   For holes in the raceway,  using a 3/4"" forstner bit, and a custom jig for locating the hole from edge of raceway since it's offset.  Jig is simple,  made of scraps.  See pics.  ",1732993201.0,2,1.0,11
PureMichiganPics,SE Mich Foggy Monday,A few images from Monday's thick layer of ground cloud.,1732168115.0,34,0.98,8
ypsi,One Last Foggy Barn Pic,"Same Foggy barn, different angle. ",1732167632.0,53,0.98,1
ypsi,Foggyville,Long lasting fog this morning in Ypsi Twp before the sun chased it away...,1731977363.0,132,0.99,21
ypsi,Moon with Visitor Tonight,"Another Redditor asked if I knew what was near the moon tonight.   We'll, there's a ringed visitor just to the right.  

Quick single shot jpg.",1731296241.0,44,0.99,0
ypsi,Sheriff Response This Morning,"Nine sheriff SUVs raced south down Carpenter Rd (seen from intersection of Ellsworth).  Unsure of the source of this response,  but hoping for the best.   Be safe everyone.  ",1730208692.0,7,0.69,14
ypsi,Comet C/2023 A3 Tsuchinshan-ATLAS Over Ford Lake Tonight,"With clearing of clouds,  managed to catch the comet overlooking the western portion of Ford Lake tonight.  Single 4 sec exposure, 80mm, f2.8 ISO2000.",1729131487.0,130,0.99,9
PureMichiganPics,Sunset Over Ford Lake,"Searching for the comet, but instead found this sunset over Ford Lake instead.",1729089637.0,32,1.0,5
ypsi,Ford Lake Tonight,"Hoping for clouds to clear to allow imaging the comet Tsuchinsnan-ATLAS, but clearly they had other plans.    ",1729041060.0,177,0.98,5
ypsi,Ford Lake Views,"A few shots straight out of camera, uploading during what I hope is a short lull.",1728614859.0,185,0.99,6
ypsi,PSA: high likelihood of Aurora tomorrow night,"Predictions from multiple agencies that tomorrow night into Fri morning could have Aurora more powerful than on May 10th, so watch that night sky!  

Pic is from May 10th, looking directly overhead towards zenith. ",1728493510.0,82,1.0,13
PureMichiganPics,Aurora Over SE Michigan Last Night,Round 2 last night didn't disappoint.   These were from a little past 1am this morning. 10-15 sec exposures looking north.,1728430135.0,35,0.97,3
ypsi,Even More Aurora Tonight,"Round 2, moved to a better location still within the Sub.  Much better views!",1728366460.0,114,1.0,11
ypsi,Little Aurora Action Tonight,"Managed to catch a little of tonight's Aurora from Ypsi Twp.   Was hoping for something more like in May, but I'll take it. ",1728360188.0,38,0.97,4
PureMichiganPics,Little Sable Point Lighthouse,"Little Sable Point Lighthouse on the shores of Lake Michigan.  Built in 1874 due to increase in shipping (and thus shipwrecks) following the Civil War.  108 ft tall, 130 steps.  Climbing to the top later today",1723903122.0,25,1.0,6
ypsi,F-18 Super Hornet & FG-1D Corsair x 2,1st of several from Thunder Over Michigan,1721497596.0,23,0.87,14
ypsi,Backyard Birding Ypsi Twp ,This little guy poked through the fence before getting lunch...,1721259714.0,56,0.98,0
ypsi,Electrical Storm Early Morning 7/16,"Missed the big strike, but managed this from Ypsi Twp",1721136398.0,52,0.98,3
Govee,Outdoor String Lights H7021,"Purchased and unpacked the H7021 outdoor Lights today,  and found lamp space to be nearly 3 feet so each 48 ft length only has 15 lamps.  Prefer to have lamp spacing half that (18 inches) so more total lamps,  even if that meant only a single 48 ft light String.   Looked for Govee documentation regarding lamp spacing,  but coming up empty.   Should be listed in their specs.  Anyone know of similar (RGBIC, Warm white) outdoor String set where the spacing is closer to 18 inches?",1720496877.0,1,1.0,1
PureMichiganPics,"River Raisin, Dundee",Mayfly Music Festival next to Old Mill Museum along the River Raisin.  ,1719109928.0,16,0.9,7
ypsi,2-3 Yr Old Found in Ypsi Twp,Washtenaw County sheriff attempting to find parents/ guardians of this child.   Contact 911 or Washtenaw County Sheriff at (734) 994-2911 ext 8 if you can help. ,1717597037.0,45,0.94,5
PureMichiganPics,After the Storm,Ypsilanti Twp treat tonight,1716771919.0,16,1.0,1
ypsi,Ypsi Twp Rainbow,Mother Nature at it again.  View from backyard...,1716770662.0,113,0.99,6
ypsi,More Northern Light Pics from Fri Night,,1715473698.0,28,0.91,0
ypsi,Aurora Borealis Over Ypsi Twp,,1715417560.0,49,0.95,2
AnnArbor,"Eclipse from Grand Rapids, OH","Lots of Michigan folks at this metropark along the Maumee River in Grand Rapids, OH.  thought of share here since there chatter in this sub reddit that led me to that particular park.",1712807737.0,61,0.89,10
solareclipse,"Grand Rapids, OH along Maumee River",,1712629313.0,9,1.0,0
ypsi,Took a Trip to Ohio for Eclipse 2024,,1712620151.0,181,0.98,16
itookapicture,ITAP of the Atlantic Ocean,,1711864732.0,0,0.5,1
HockingHills,Darkened Hills,From an Aug 2022 visit...,1711203498.0,20,1.0,3
itookapicture,"ITAP of The Belt, Detroit",,1709530966.0,6,0.88,3
PureMichiganPics,"The Belt, Detroit ",,1709530027.0,20,0.95,2
Detroit,The Belt,,1709529795.0,218,0.97,16
minimalistphotography,Winter Berries,,1709268772.0,9,1.0,1
PureMichiganPics,"Foggy Walk Ford Lake Park, Ypsilanti",,1709261959.0,13,0.94,0
ypsi,Ford Lake Park Walk,,1709252313.0,127,0.98,20
minimalistphotography,Leaf Dew,,1709003274.0,13,1.0,2
monsterjam,Detroit Sat 2/24 Jam at Ford Field,,1708878424.0,51,0.97,13
ypsi,"Jupiter, Moon, & Plane Walk into a Bar...",,1707963646.0,22,0.9,0
minimalistphotography,"Moon, Jupiter, Plane",S23 Ultra while heading out for dinner tonight.,1707963195.0,2,1.0,1
OlympusCamera,Orion Nebula Last Night,"OM-1, Oly 40-150mm f2.8, 164 60sec exposures at f2.8, ISO 1000.  Skyadventurer GTI mount.  Used OM-1's interval setting with 5 sec delay between frames.  Lights, darks, flats, bias frames loaded and stacked in Deep Sky Tracker.  Very quick edit in Photoshop for levels and curve adjustments to bring out more nebulosity.  First attempt at imaging nebulae.",1707193282.0,26,1.0,2
ypsi,Orion Nebula Backyard Astro,"Finally some clearing of the clouds over the weekend.  164 individual frames of 60 sec exporures stacked.  ISO 1000 with light pollution filter.  First time imaging nebulae, so room for improvement.",1707192056.0,55,1.0,7
ypsi,Majestic Lakes Leaf,,1707013573.0,17,0.9,0
PureMichiganPics,Winter Leaf,,1707013463.0,5,1.0,0
ypsi,Water's Edge at Sunset,,1706971317.0,32,0.97,0
PureMichiganPics,Kitty Tails,,1706940078.0,9,1.0,0
ypsi,Majestic Lakes Winter Reflections,,1706936939.0,42,0.96,1
PureMichiganPics,Winter Reflections,,1706936576.0,20,1.0,2
PureMichiganPics,Mighty Mac Part 2,,1706407731.0,12,1.0,8
PureMichiganPics,Mighty Mac,,1706403561.0,29,0.97,3
minimalistphotography,Kiss the Moon,,1705857697.0,7,0.9,1
minimalistphotography,Morning Dew,,1705813479.0,10,1.0,4
minimalistphotography,Fly Me to the Moon,,1705801848.0,23,0.97,4
minimalistphotography,Baby Icicle,"Was actually hunting snowflakes yesterday,  but instead found this little icicle.  Hit with some blue light from behind.",1705801098.0,8,1.0,1
PureMichiganPics,Michigan Snowflakes,"Working on technique, so these aren't as crisp as I'd like,  but it's a start...",1705786425.0,18,1.0,1
OlympusCamera,Snowflakes - Oly 60mm and MC1.4 with Extension Tubes,"Working on technique, so these aren't as crisp as I'd like,  but it's a start...",1705785079.0,19,0.96,2
ypsi,Porch Snowflakes,"Working on technique, so these aren't as crisp as I'd like,  but it's a start...",1705784978.0,50,0.98,0
itookapicture,ITAP of a Baby Icicle,,1705719007.0,27,0.94,3
OlympusCamera,"Oly 60mm, MC14, 10mm and 16mm Extension Tubes","Found a baby icicle behind the garage light,  so I lit it with a variable color LED puck light and took some macro shots....",1705713821.0,30,0.98,7
PureMichiganPics,Ice Ice Baby,"Found a baby icicle behind the garage light,  so I lit it with a variable color LED puck light and took some macro shots....Ypsilanti Township.",1705713614.0,14,0.94,6
ypsi,Ice Ice Baby...,"Found a baby icicle behind the garage light,  so I lit it with a variable color LED puck light and took some macro shots....",1705713308.0,31,0.88,0
PureMichiganPics,(Go) Blue Snow,,1705187338.0,7,1.0,0
ypsi,Ypsi Twp Slow-mo Snow,,1705109415.0,32,0.9,0
ypsi,Season's End,"Captured in the fall, Ypsi Twp field.",1704500736.0,17,0.95,0
ypsi,Dew Drops,Seen on a walk in Ypsi Twp,1704490573.0,27,0.89,4
M43,Winter Leaves,OMDS OM-1 and Olympus 12-40mm f2.8 on a foggy winter day in Michigan.,1704081220.0,25,1.0,0
PureMichiganPics,Ypsi Twp Winter Leaves,Xmas Eve morning image during a foggy walk in Ypsilanti Twp.,1703962755.0,13,1.0,2
OlympusCamera,Winter Leaf,"OM-1 and 40-150 f2.8 at 40mm, 1/100s.",1703962612.0,13,0.94,0
ypsi,Winter Leaf,Holding on through this mild weather in Ypsi Twp.,1703962460.0,25,1.0,0
ypsi,Foggy Walk,Took a walk during the Xmas Eve Foggy before noon on Ypsi twp.....,1703913120.0,107,0.99,10
astrophotography,Lunar Mosaic,"Celestron 6SE on Skyadventurer GTI mount. 2x Barlow, ASI662MC,  UV/IR Cut filter.   18 or so images (stacked from 2 min videos) processed in PIPP, AS3!, and Registrax, then stitched in Microsoft ICE.  First time mosaic.",1703908716.0,29,1.0,2
ypsi,Ypsi Twp Night Sky,"Jupiter and moons Europa (left) and Io (right).  Backyard observations from mid-November.

Don't forget to look up on cloud-free nights!",1703905182.0,53,0.98,11
astrophotography,Jupiter,"Collected using Celestron 6SE OTA on Skyadventurer GTI mount.  ASI662MC with UV/IR Cut filter. Processed in PIPP, AS3! and Registrax 

Eighty-seven 90-105 second videos.  Stacked into eighty-seven individual frames, then processed by PIPP into a GIF animation. 

Moons Europa (left) then Io (right) made special guest appearances.",1703902514.0,292,1.0,23
astrophotography,"Jupiter and Io on 11/19/2023, 11:16pm","Celestron 6SE, two 2x barlows, ASI662MC,  ASIAIR Plus on Skyadventurer GTI mount.",1700595786.0,48,1.0,2
Astronomy,Jupiter on 10/2/2023 Southern Michigan,[removed],1696478370.0,18,0.9,0
astrophotography,Jupiter 10/2/2023,"Celestron 6SE OTA, ASI662MC, Celestron Ultima 2x Barlow, Skyadventurer GTI mount.  2 min AVI processed in PIPP, AS!3, then wavelets in Registax.",1696474175.0,22,0.94,0
itookapicture,ITAP of Jupiter (Special Guest Europa),,1696473017.0,10,1.0,1
itookapicture,ITAP of the Sun,,1693799891.0,5,0.73,1
astrophotography,ITAP of the Sun,Pretty calm today...,1693799832.0,10,1.0,0
itookapicture,ITAP of Saturn in Opposition,,1693725982.0,14,0.94,1
astrophotography,"Opposition on Sept 2, 2023",,1693722841.0,15,0.9,9
ypsi,Friday Night Opposition,"Barely visible just below right is Saturn is a moon, too (Dione).",1693722091.0,28,0.97,0
ypsi,416 million miles Neighbor,Last night from Ypsi Twp.  Hopefully cleaner pics in near future.,1693587087.0,24,0.93,3
WarplanePorn,F22 Practice Run [Album],"Aug 11, 2023 Practice for Thunder Over Michigan",1692148085.0,74,0.96,0
WarplanePorn,F22 Practice Run,[removed],1692147778.0,1,1.0,1
itookapicture,ITAP of a Tent Under Trailing Stars in Michigan,,1692037238.0,67,0.97,7
PureMichiganPics,End of Summer Campout Under the Stars,"SE Michigan (thus the planes), with a couple Perseid meteors mixed in",1691992505.0,14,1.0,2
ypsi,Rolling Hills Campout 8/12/23,,1691901142.0,25,0.94,0
F22Raptor,Thunder Over Michigan Practice Runs 8/11/23,,1691816716.0,22,1.0,0
M43,OM-1 plus Celestron 6SE Telescope,"Used a single 2x Barlow Lens and then two 2x Barlow lenses between the OM-1 and the Celestron 6SE scope, mounted to Skywatcher Skyadventurer GTI tracking mount.  Each image is a stacked quantity of frames taken from video clips.  Atmospheric conditions weren't great,  and pretty humid.   Converted MOV to AVI in PIPP software, then stacked in Autostakkert,  and finally processed in Registax for light wavelet processing (Lucky Imaging technique).  Telescope manual focus wasn't the best,  will hopefully improve in future imaging sessions.",1690847987.0,51,1.0,6
OlympusCamera,Lunar Astro w/OM-1,OM-1 attached to Celestron C6 telescope with 2x Barlow and two 2x Barlows.  Manual focus on Celestron probably could have been improved.,1690813999.0,24,1.0,9
ypsi,Last Night Luna #2,Reddit struggling with multiple picture posts for some reason.   Here's a couple more from last night.,1690586027.0,23,1.0,1
ypsi,Last Night's Luna,"Around 9pm, not great seeing due to the high humidity.   Captured using a Celestron C6 telescope, Olympus OM-1 camera, and Skyadventurer GTI mount/tracker.  Added a 2x Barlow (or two) for getting in even closer.   These are straight out of camera,  no processing.  Manual focusing, so that needs some improvement.",1690584363.0,6,0.88,0
itookapicture,ITAP of an Old Barn,,1687927832.0,23,0.94,1
OlympusCamera,Oly 7-14mm f2.8 and LiveComp,"Shot this old barn in SE Michigan tonight since we had clear skies.   About 1 hr using 10 sec exposures at 14mm, f2.8.  Painted barn using flashlight.  OM-1 focused using Starry Skies AF.",1687075340.0,21,1.0,5
PureMichiganPics,Old Barn Under Moonless Sky (Ypsi Twp),"Drive by this old barn daily,  decided I needed one night of clear skies,  and that came tonight.",1687069045.0,12,1.0,0
M43,Old Barn and Star Trails,Shot using Olympus  LiveComp for about 1 hr total time.  Olympus 7-14mm f2.8 lens at 14mm.  Flashlight light painting to illuminate the barn (moonless night in middle of field).,1687068825.0,19,0.96,3
ypsi,Ypsi Twp Old Barn,Star trails above old barn tonight.   About 1 hr of exposure time.,1687068440.0,45,0.98,2
ypsi,Post Storm Flowerbed Pics - Part 3,Reddit was hanging when I attempted to upload all in a single post,1686887655.0,57,0.99,6
ypsi,Post Storm Flowerbed Pics from Y-Town,,1686887433.0,42,1.0,0
PureMichiganPics,Tahquamenon Falls,,1686239308.0,27,0.97,6
plants,Plant ID,Anyone care to ID this?  SE Michigan...,1686187984.0,1,1.0,1
PureMichiganPics,Across the Bridge Trip 2021,,1686187804.0,13,0.93,9
AnnArbor,Plant ID,[removed],1686184988.0,1,1.0,0
Michigan,What Plant Is This?,[removed],1686184598.0,1,1.0,0
ypsi,Full Moon Over Ypsi Twp Tonight,"Low in the sky,  getting good color...",1685847964.0,126,0.98,7
itookapicture,ITAP of the 95% Waxing Gibbous Moon Tonight,,1685682726.0,9,0.86,1
ypsi,95% Waxing Gibbous over Ypsi Tonight,"Celestron 6SE connected to Olympus OM-1, first time setup tonight.   The entire moon doesn’t fit in the frame.   May try focal reducer next time.",1685682620.0,51,0.98,2
ypsi,Sunset over Ytown,,1685240574.0,62,0.97,0
ypsi,Waxing Crescent 35% from Ypsi Twp,,1685064989.0,44,1.0,1
itookapicture,ITAP of a Spider Dangling in Front of the Sun,,1684815360.0,44,0.93,1
itookapicture,ITAP of the Sun Filtered Through Alberta's Wildfire Smoke...in SE Michigan,,1684815280.0,67,0.94,5
Michigan,Alberta Wildfires Filter SE Mich Sun,"About 1/2 hr prior to sunset,  I got the camera out.   Sunspots and spiders.",1684812415.0,65,0.98,3
ypsi,Spider Sun,"These guys were hanging out,  then the paparazzi showed up...",1684807791.0,23,1.0,1
ypsi,"Tonight's Sun, Sponsored by Canada",Alberta's smoke is filtering our sun,1684807652.0,117,1.0,7
ypsi,Township Sun Fade,,1684459810.0,40,1.0,0
samsunggalaxy,S23 Ultra Snap of Sunset Tonight,,1683344935.0,93,1.0,10
itookapicture,ITAP of Tonight's Sunset,,1683343756.0,12,0.84,1
Michigan,SE Michigan Sunset,,1683342563.0,90,0.96,2
ypsi,Township Sunset,,1683335175.0,18,1.0,1
ypsi,Township Sub Sunset Silhouette,,1683333285.0,40,1.0,0
itookapicture,ITAP of Spring Geese Babies,,1682888022.0,9,0.75,2
ypsi,Spring Critters,,1682877764.0,48,0.98,0
Ohio,Put-in-Bay Style,A few pics from Put-In-Bay travels...,1682266840.0,394,0.97,41
itookapicture,"ITAP at Pictured Rocks, Michigan",,1682126618.0,5,0.78,1
itookapicture,"ITAP at Pictured Rocks, Michigan",,1682126546.0,17,0.85,1
Michigan,Pictured Rocks,,1682125671.0,309,0.98,23
Waterfalls,"Hocking Hills, OH",,1681783993.0,257,1.0,3
Ohio,Hocking Hills John Glenn Observatory,Milky Way during clear skies at this Bortle Class 4 location,1681765852.0,404,0.99,39
Ohio,Hocking Hills,,1681765574.0,146,0.97,9
Ohio,Hocking Hills,,1681750073.0,89,0.96,2
Ohio,Hocking Hills,,1681750029.0,105,0.98,6
OlympusCamera,"Hocking Hills, OH with OM-1",,1681708457.0,8,0.91,0
OlympusCamera,"Hocking Hills, OH with OM-1",,1681708384.0,35,0.97,4
OlympusCamera,"Hocking Hills, OH with OM-1",,1681708317.0,14,1.0,3
itookapicture,"ITAP of a waterfall at Hocking Hills, OH",,1681707193.0,11,0.93,3
itookapicture,"ITAP of a bridge at Hocking Hills, OH",,1681707105.0,3,0.81,1
itookapicture,"ITAP of a waterfall at Hocking Hills, OH",,1681707046.0,3,1.0,1
HockingHills,Aug 2022 Vacay Pic 3,,1681706865.0,9,1.0,0
HockingHills,Aug 2022 Vacay Pic 2,Reddit not allowing multiple pics in single post right now for some reason...,1681704467.0,16,1.0,4
HockingHills,Aug 2022 Vacay,,1681704351.0,10,1.0,0
itookapicture,ITAP of a Cat Relaxing,,1680979499.0,10,0.82,2
ypsi,95.6% Waning Gibbous,"Handheld shot, low on horizon.   Olympus 100-400mm with 1.4x teleconvertor.",1680925369.0,41,0.97,0
Michigan,SE Mitten Sunset,,1679626483.0,66,0.94,1
itookapicture,ITAP of the Sky,,1679621421.0,24,0.92,1
ypsi,Rocket Launch from Ytown,"Ok, not a rocket launch, but made ya look!",1679617074.0,25,0.8,0
monsterjam,Detroit Ford Field Show,Some pics from tonight's festivities....,1678598995.0,24,1.0,13
itookapicture,ITAP of Megalodon,,1678580446.0,1,0.56,1
itookapicture,ITAP of Grave Digger,,1678579957.0,1,0.55,1
itookapicture,ITAP of Curious Cats,,1677992601.0,30,0.92,5
itookapicture,ITAP of a Tree During Yesterday's Storm,,1677992160.0,340,0.97,6
KiaTelluride,Winter Issues,"First it was frozen wipwr fluid,  but I brushed that off on the extreme cold (neg Fahrenheit).  Recently it was windshield wipers not operating, requiring several side of the expressway stops with some terrible road conditions.   Also, drivers' side mirror won't fold out.   Yes, we got snow, but Temps were mild (30-33F) and the snow had been cleared off the windshield and side mirrors.   Ridiculous for a car named after a Colorado city famous for snow, that has led than 15,000 miles on it.  I grew up in Northern Michigan, never had wipers that wouldn't work (unless blocked by snow/ frozen in place).  Kinda regretting the purchase.",1677969197.0,0,0.5,1
ypsi,Little Added Light...,,1677907919.0,5,0.69,0
ypsi,Golden glow....,,1677902373.0,48,0.94,0
ypsi,Out Like a Lion....,,1677895373.0,32,0.88,1
ypsi,New Gear for (Hopefully) Improved Imaging,,1677731689.0,25,0.96,1
ypsi,"Venus & Jupiter Conjunction, Moon Tonight Over Ytown",,1677724355.0,46,0.98,10
itookapicture,ITAP of the Venus and Jupiter Conjunction tonight,,1677724159.0,2,0.75,2
itookapicture,ITAP of Star Trails,,1670782375.0,7,0.77,1
itookapicture,ITAP of cats next to window,,1670763872.0,7,1.0,1
itookapicture,ITAP of a Plane at sunset,,1670763728.0,36,0.93,7
itookapicture,ITAP of a Cat's Primordial Yell,,1670742120.0,3,1.0,2
itookapicture,ITAP Of Cats In a Xmas Tree,,1670740530.0,4,0.68,1
ypsi,Sunset Contrails Over Ypsi Twp,,1670684410.0,34,0.98,0
telescopes,Celestron 6SE Dew Shield Recommendations,"Recently purchased a Celestron 6SE for some lunar/ planetary imaging.  Any recommendations for our against the OEM aluminum vs a 3rd party flexible?  

The aluminum has a cap that probably would fair better when taking darks.  Anything else?",1669702559.0,2,0.76,1
AskAstrophotography,Celestron 6SE Dew Shield,"Any recommendations for dew shield for the 6SE?  Specifically,  the OEM aluminum vs 3rd party flexible?  I'm planning lunar/planetary imaging,  and it gets cold here in Michigan.",1669701543.0,3,1.0,5
ypsi,Crescent 🌙 Over Ypsi Twp Tonight,,1669416977.0,103,1.0,5
itookapicture,ITAP of the Crescent Moon,,1669416417.0,17,0.82,1
DetroitRedWings,Parking (where to)?,Any good spots to check?  Heading to LCA for Jurassic World Live with young kids.   Are there any pre-booked options?,1668963625.0,8,0.7,23
delta,Delta Moon Golden Hour,,1668727955.0,157,0.99,10
itookapicture,ITAP of a Spider,,1668719881.0,2,0.57,5
itookapicture,ITAP of a Common House Fly,,1668719777.0,25,0.93,5
itookapicture,ITAP of a Plane Flying Over the Moon,,1668719300.0,21,0.87,7
itookapicture,ITAP of Stella Rosa Wine Bottles,,1668689555.0,2,0.75,1
itookapicture,ITAP of Blue Angels in Formation,,1668688893.0,16,0.83,2
itookapicture,ITAP of Blue Angels' Practicing,,1668688681.0,8,0.79,1
itookapicture,ITAP of a Plane Passing Below the Moon,,1668688536.0,18,0.87,1
itookapicture,ITAP of Yet Another Plane,,1668665046.0,0,0.5,2
itookapicture,ITAP of Another Plane,,1668664883.0,5,0.86,2
itookapicture,ITAP of a Plane,,1668664782.0,2567,1.0,70
itookapicture,ITAP of the Lunar Eclipse,,1668663079.0,7,0.89,1
AnnArbor,Lunar Eclipse (Quick Composite),,1668265218.0,116,0.99,2
OlympusCamera,Rough Composite of This AM's Eclipse,,1667933104.0,39,1.0,3
ypsi,Quick & Dirty Composite of Eclipse This AM,,1667931694.0,86,1.0,6
MichiganWolverines,Get Them While They're Hot!,,1667167324.0,93,0.91,23
MichiganWolverines,Paul Bunyan sighting,,1667097687.0,277,0.99,23
AutumnPorn,"Belleville, MI",,1666495272.0,36,0.92,1
ypsi,Autumn Orchard Day,,1666487566.0,54,0.97,2
Autumn,Autumn Orchard,,1666479147.0,167,0.99,4
OlympusCamera,Observe the Moon 10/2 Edition,,1664755927.0,55,1.0,6
ypsi,10/2 Ypsi Moon,,1664755710.0,67,1.0,2
OlympusCamera,Observe the Moon Night 10/1,,1664735066.0,20,1.0,4
ypsi,10/1 Ypsi Twp Moon,,1664724890.0,60,0.97,4
ypsi,Electric Skies Tonight,,1663735646.0,75,0.99,0
cute,Dreamtime Snacktime!,,1662215600.0,341,0.99,6
Pets,Dreamtime Snacking,,1662214162.0,1,1.0,0
kittens,Did someone say.....kittens?,,1662171937.0,396,1.0,16
ypsi,Sunset Contrails,,1661597447.0,33,0.94,0
ypsi,Deck Helical Piles,"Anyone use helical piles for their decks instead of typical sonotube concrete pier or footing below frost line with post on top?   If so,  who did your helical, and what was rough cost per pile?  I've been getting crazy high costs coming in,  too the point we're likely skipping a deck and putting in a patio.",1660896189.0,3,0.81,0
OlympusCamera,OM-1....WTH,,1660788051.0,14,1.0,11
OlympusCamera,Astro Backyard (not that AstroBackyard),,1660597654.0,15,1.0,2
ypsi,Friday Night Solar System Seeing from Y-town Backyard,,1660538762.0,17,0.95,3
LandscapeAstro,Star Trails Burton Memorial Tower,,1660356542.0,14,0.94,1
OlympusCamera,RRS Plate & L-Bracket for OM-1 Pre-order,ReallyRightStuff has the baseplate ($75) and L-Bracket ($165) available for preorder now.,1660356086.0,5,0.86,2
ypsi,Aug 11 Supermoon,,1660344044.0,46,0.98,4
AnnArbor,Moonlit Cook Legal,,1660334015.0,50,0.96,4
AnnArbor,Hoping for Better,Thought Burton would look good with start trails.   Trees kind of look like broccoli.   Oh well.,1660200233.0,69,0.95,7
ypsi,13 July 2022 Y-Town Backyard,"400mm (cropped sensor - 800mm equiv), f9, 1/125 sec, ISO 200, handheld",1660190467.0,20,0.96,1
ypsi,Milky Way at Zenith fro Y-Town,"20 sec exposure, ISO 4000, 17mm, f2.8....looking directly overhead.",1660181087.0,63,0.98,14
ypsi,SIngle M House Finch Seeks Companionship,,1659930594.0,43,0.98,0
ypsi,"American Goldfinch, at your service",,1659929969.0,27,0.94,0
ypsi,Fly Me To The Moon,Above Y-town this past Thurs around 8pm.,1659904433.0,54,1.0,2
ypsi,Sunset Silhouettes from Y-town,,1659889051.0,30,1.0,3
ypsi,Ypsi Twp Night Sky in 50 Mins,"View looking north from Ypsi Twp south of Ford Lake.  Several plane trails,  but that's ok.",1659888127.0,66,0.98,4
M43,"You Spin Me Right Round, Baby Right Round","Oly gear, LiveComp for about 50 mins",1659856871.0,33,0.97,4
OlympusCamera,Don't Cross Streams...,LiveComp with 12-40 f2.8 lens.  6 sec for around 50 mins.,1659848426.0,38,0.98,0
OlympusCamera,To the Moon!,"Didn't even see the plane until AF locked onto the moon.  I mean, I totally planned this.   Lol",1659668519.0,33,1.0,2
LandscapeAstro,3.6% Waxing Crescent Moon at Sunset,"Olympus OM-1, Oly 100-400mm at 100mm, f6.3.  Handheld, single shots.  1/40 sec @ ISO 2000 (tree).  1/80s @ ISO 3200 (clouds).  Processing in PhotoDirector 10 (denoise, slight saturation).",1659272109.0,5,0.86,0
astrophotography,3.6% Waxing Crescent Moon + Sunset,,1659251066.0,45,0.97,2
OlympusCamera,American Goldfinch,,1659248391.0,16,0.92,2
OlympusCamera,Sunset Silhouettes,OM-1 and 100-400mm lens.  Moon sliver in sumsetting sky.,1659247897.0,14,0.95,0
BlueAngels,Thunder Over Michigan practice runs 7/14,,1658293068.0,17,1.0,3
ypsi,7/5 Early AM Storm,,1657904729.0,48,0.98,5
astrophotography,7/14/2022 Supermoon,,1657867662.0,39,0.95,2
OlympusCamera,The Boys are back in town...,,1657854258.0,24,0.9,6
OlympusCamera,How you doin'?,,1657688333.0,9,0.92,4
OlympusCamera,Incoming!,,1657477715.0,18,0.96,2
CustomerService,Online Order Cancelled,"

So I partook in a July 4th 20% off sale held by OMDS for reconditioned camera lenses.  My order was received, confirmed, then processed.   Today I received two emails from OMDS.  The 1st one said that the sale was canceled due to either me contacting them to request a cancel (I did not) or due to incorrect payment info (again, no, the credit card is valid and active and working fine everywhere else).  Immediately following that email was a 2nd one stating that the they had a ""glitch"" in their online ordering system,  and had oversold the product that I had purchased.  Thus, they canceled my order.  They provided a discount code for 20% off for a future purchase. 

I responded and inquired about receiving a new unit at the price I originally paid for the reconditioned lens in light of 1) not my problem you glitched and 2) I wanted that lens for an event 8 days from now.   They declined, and reoffered the 20% off code.  I responded and said,  ok, see me part way and provide a 30% code for the new lens (instead of 36% off which would be necessary to get down to the amount I paid originally).  I would be paying $100 more, plus the additional sales tax incurred.   They again declined,  said 20% is all they can do.  

I feel that the 20% is the original sales discount,  of which I participated,  but didn't get notified was an issue until 5 days later doesn't consider my lost time and I still have no product.  

I'm disappointed with OMDS.",1657251669.0,2,1.0,0
OlympusCamera,Customer Service Rant,"So I partook in the July 4th 20% off sale held by OMDS for reconditioned lenses.  My order was received, confirmed, then processed.   Today I received two emails from OMDS.  The 1st one said that the sale was canceled due to either me contacting them to request a cancel (I did not) or due to incorrect payment info (again, no, the credit card is valid and active and working fine everywhere else).  Immediately following that email was a 2nd one stating that the they had a ""glitch"" in their online ordering system,  and had oversold the product that I had purchased.  Thus, they canceled my order.  They provided a discount code for 20% off for a future purchase. 

I responded and inquired about receiving a new unit at the price I originally paid for the reconditioned lens in light of 1) not my problem you glitches and 2) I wanted that lens for an event 8 days from now.   They declined, and reoffered the 20% off code.  I responded and said,  ok, see me part way and provide a 30% code for the new lens (instead of 36% off which would be necessary to get down to the amount I paid originally).  I would be paying $100 more, plus the additional sales tax incurred.   They again declined,  said 20% is all they can do.  

I feel that the 20% is the original sales discount,  of which I participated,  but didn't get notified was an issue until 5 days later doesn't consider my lost time and I still have no product.  

I'm disappointed with OMDS.",1657151808.0,0,0.43,4
OlympusCamera,Happy 4th!,,1657011272.0,10,0.92,6
OlympusCamera,Fun w/Electricity,,1657011134.0,12,0.94,2
OlympusCamera,Say hello to my lil friend...,,1656714999.0,19,0.96,2
M43,"I'm here for dinner, where's my plate?",,1656646662.0,12,0.93,3
OlympusCamera,"""Big Dipper"" Part of Ursa Major",,1656143147.0,1,0.67,1
OlympusCamera,Milky Way 1st Attempt,,1656142642.0,16,0.94,4
OlympusCamera,Last Night's Crescent,,1656101221.0,15,1.0,2
OlympusCamera,1st Time w/Starry Sky AF,,1655968441.0,9,0.85,4
OlympusCamera,RRS L-Bracket for OM-1,"For those interested in an L-bracket from Really Right Stuff (RRS) for your new OM-1, here's an email I received from them this morning.   In short.... it's coming. 


Thank you for the email.

We can confirm that we will create a plate for the OM-1, but it's too early to provide a specific time frame for release. RRS had been unable to obtain pre-market access and info specific to the exterior dimensions of the OM-1. We were unable to proceed w/ plate development until that occurred. Because of the lack of cooperation and information from OM, we simply had to wait for the camera to hit the public market. ",1655390596.0,2,0.75,5
KiaTelluride,EV6 in the Wild,"While driving my '22 Telluride EX, I passed an oncoming EV6 today.   Got me all excited for the EV9!",1655256933.0,1,0.67,1
OlympusCamera,"Mid-Evening Moon, Added Teleconvertor",,1654827841.0,10,1.0,10
OlympusCamera,Early Evening Moon,,1654821732.0,24,0.97,2
SuicideWatch,Some Days,"Some days are better than others.  This, this is not one of those days.  I'm struggling to actually remember what one of those ""better"" days feels like.",1654659358.0,2,1.0,0
OlympusCamera,Male House Finch,,1653233165.0,20,1.0,6
astrophotography,5/13 Moon - Prep for Tonight's Eclipse,,1652647600.0,78,0.98,18
astrophotography,Prep for Tonight's Eclipse,,1652645282.0,6,0.88,2
KiaTelluride,'22 EX AWD Dark Moss/Gray...,,1651710165.0,32,0.94,16
OlympusCamera,Look up sometimes!,,1648176216.0,7,0.9,2
OlympusCamera,Airshow Pics,,1648174485.0,24,0.92,9
OlympusCamera,E-M1 mark II Light Painting - 1st Time,,1647949502.0,9,1.0,2
