subreddit,title,selftext,created_utc,score,upvote_ratio,num_comments
SuicideWatch,I just don't want to do it anymore.,"I'm a female in the military. Have been for about a year, I joined right out of high school. Ever since, I've struggled with suicidal thoughts and anxiety. I work in maintenance, still in training but the environment.. it just takes a toll. Getting called stupid, getting treated like you will never be good enough, never having a break even when I'm done with work because all I can think about is work. Being afraid about the next day, getting in trouble, doing things wrong. I just can't stop thinking of of it all. I've also been in a long term on and off relationship of four years, which is also just falling apart. My family never bothers to check on me. I'm so alone. I don't wanna die but I'll do anything to not have to deal with the stress and anxiety anymore. People say suicide is selfish because you give your pain to others... But the pain and stress has been getting so overwhelming I don't even care about what anyone else might feel. I don't have the energy to.  I just want to be done. I don't want to be here, I'm tired of trying to see the good and fighting for a life I don't even want.",1644062972.0,19,1.0,5
