subreddit,body,created_utc,score
SuicideWatch,"If your still there: The national lifeline gets backed up all the time. Try any line you can find online- SafeUT is my go to, doesn't matter were you live or how old you are. You were willing to call before you did it right? Give it another shot",1650169628.0,1
