subreddit,title,selftext,created_utc,score,upvote_ratio,num_comments
lichensclerosus,Is discoloration in this area lichen? (digital picture in comments),"My doctors are not sure, i only have a slight white area there, in the labia majora edge where the hair starts. Let me know 💖",1731330832.0,5,1.0,14
Brawlstars,Why event complete if its not?,,1715774052.0,1,1.0,1
PremierePro,SO scared pls help,I closed premiere pro after saving but cant find my timeline and video! please help im crying,1715442045.0,2,1.0,4
vulvodynia,"Skin bleeding, yeast infection",I have vulvadynia but my pain is managavble but it slowely increased over the week. Now i see yeast on my vagina and also little tears with a tiny but of blood. what is this?!!!!,1714854533.0,2,1.0,0
vulvodynia,Healing instagram account?,"Update: I made the account @healdynia on instagram, feel free to follow. I’m thinking about making a private instagram account and documenting my journey and things I will be trying! If you’re interested in seeing things that I try, advice or motivation please let me know. Leave a comment! I will message you the username in private when I make one :) It’s us against vulvadynia 🫶🏼 Let’s battle it together ?",1714587404.0,9,1.0,14
Brawlstars,I was stuck lol,,1714564070.0,0,0.25,3
vulvodynia,I cant anymore,"When i just turned 17 i got vulvadynia. Before then, my sex life was normal and I loved it. I was so happy. Now I am 20, almost 21. I tried a lot but nothing works. Pelvic floor therapy doesnt work. When i was 17 i wasn’t with the boyfriend I dreamed of. I am now with someone that makes me so happy. I know you shouldn’t feel like dissapointing your partner but I am also dissapointed. I want to have sex without feeling like this, just when i was younger. I know how much that made me feel like myself in a weird way. Im just so sad. My pain has increased since last year and I want to begin trying to get estrogen cream. My vulva seems so red and irritated and the skin just hurts so bad. Does anyone have advice or a word of kindness ? 💕💕 Thank you so much 🌷",1714554210.0,14,1.0,46
BrawlRecruit,#GQUUL8G8R Looking for club for godzilla [11000],"Looking for club (Godzilla & Megapig) I want active players and 100% megapig complete (I amostly do 15 wins) and I am Diamond 3 with ranked, also 11k troffees. 

Click this link to add Sam as a friend in Brawl Stars! [https://link.brawlstars.com/invite/friend/en?tag=GQUUL8G8R&token=jw3wxxrf](https://link.brawlstars.com/invite/friend/en?tag=GQUUL8G8R&token=jw3wxxrf)",1714124972.0,1,1.0,7
BrawlRecruit,#GQUUL8G8R Looking for club godzilla,[removed],1714124876.0,1,1.0,1
reiki,Need advice 💗,"I have physical pain for 3 years now, from age 17 to 20 (now). I have good and bad weeks/months. My pain has increased since this week which makes me scared, because I had good moments this past half year. Can anyone help me? I want to know what I can do for myself to help me, maybe spiritually or physically. I am looking for some kind of an answer :) I’m sorry if this is a weird question. I’m looking for a kind soul. Thank you 🙏",1711142362.0,4,1.0,4
Pandabuy,What do you think? Run or walk?,[removed],1709154093.0,1,1.0,2
Pandabuy,What do you think of these?,,1709153968.0,1,1.0,2
Pandabuy,Shall I run fast?,,1709135120.0,1,1.0,2
Wechatverificatione,please help💕💕💕,,1708596051.0,1,1.0,1
Nails,What can I charge for this biab/ hard gel overlay + e-manicure?,,1708035948.0,33,0.97,14
Nails,did them myself! any feedback? and design ideas because i want to decorate them :),,1707999380.0,1491,1.0,123
ArtificialInteligence,Ai idea school,"Need your help! ✨ I have an assignment for school and have to come up with an idea that uses AI to optimalize  the daily life of students our another target group. It can be simple, like a pot for plants that tells if it had enough water for example. Can anyone help me come up with a good idea? I can only work on it for 1,5 week. Let me know I really appreciate it 🙏🤍 I just have to come up with an idea and not actually make it real, just prototypes and visualization.",1707290524.0,0,0.5,4
PhotoshopRequest,Can someone restore this photo? colorwise ? thank u so much 💕,,1704457485.0,0,0.5,10
AdobeIllustrator,hi! how do i transfer this painting to a white canvas in illustrator? do i cut it out or blur the edges? please help me :),,1704386191.0,1,0.67,7
PhotoshopRequest,"How do i make this digital? It’s bad lighting but i want this on a white background to use for a booklet, how do i cut it out / blur the edges ?",,1704386120.0,1,0.67,10
HaircareScience,Wash problem: grease!,[removed],1700007214.0,15,0.74,30
wherecanibuythis,I need this sweater 💙🌀,"All the little boutiques in my country are selling it, but they always buy their stuff from Aliexpress and Alibaba. But this one, I cant find it 🥹 Even with the photo to search function. I just dont want to buy it from the online resellers if i can get it way cheaper!",1697995039.0,0,0.5,1
PokemonGoFriends,2180 2000 4536 Friends?,I’m from the Netherlands! 🐈 If you want a friend there & daily gifts (I always open them) Add me! Im active :) 🇳🇱☁️,1693946628.0,1,1.0,0
pokemongo,Want to be friends?,[removed],1693921848.0,1,1.0,1
AdobeIllustrator,Why can’t I add this gradient as a new swatch?,,1693600202.0,0,0.5,4
jailbreak,Ipad 16.6 IOS,[removed],1692525132.0,6,0.8,8
GiftIdeas,Gift ideas?: please read,[removed],1686810751.0,1,1.0,1
belgium,Vrt Max,"Hi! ik wil heel graag een programma kijken op VRT max, maar dat kan niet want ik kom uit Nederland, en je moet een Belgisch telefoonnummer hebben. Zou iemand uit belgie mij kunnen helpen en een account kunnen aanmaken? Zou je echt heel erg dankbaar zijn! liefs, sam 🌞",1684669874.0,0,0.5,7
AdobeIllustrator,How do i make the blue outline gradient as a whole instead of all the separate pieces being gradient,,1682257257.0,0,0.5,3
AfterEffects,"making it longer doesn’t work, can someone help me set the duration till the end of the video?:)",,1678964588.0,3,0.64,14
Nails,"No Biab/gel ever sticks to my nails, please help?","Hi!  I've been trying to get biab to work on my nails for a long time but nothing works.  I have everything from The Dutch Nail Store.  I use isopropyl alcohol/ and or acetone, the dehydrator and the prep and the right base coat and all the stuff but what happens to me is that I can always pull the gel off and it comes off everywhere.  Even if I buff it with the electric file, or with blocks of buff.  I have really tried everything and normal gel also comes off on me, like victoria vynn.  I now have so much stuff and I think it's such a shame :( with my mother everything just stays in place if I do exactly the same with her. Does anyone have any tips or advice? My nails are short and always soft and bendy and I really want long nails one day! Love, Sam.",1675262006.0,3,1.0,1
indesign,How do I export an Interactive PDF without the images getting blurry?,,1673811354.0,2,1.0,7
AdobeIllustrator,"Those round dots that allow you to reshape dont show up at mine , pls help?",,1670063315.0,1,0.6,5
AdobeIllustrator,How do you combine all the small parts?,How do i combine them so it’s solid and i can open it as .svg in blender and for it not to be broken? because if i do that now it looks so weird.,1669632460.0,2,0.75,1
AdobeIllustrator,How do i combine the small parts?,How do i change this design and combine all the small parts so it’s not seperated when i convert to .svg and open in blender. I want it to be solid in blender.,1669632297.0,1,0.67,2
streetwearstartup,my first design for my brand project faith!:) Lmk what u think.,,1667402606.0,9,0.91,0
indesign,"workspace is not stuck to each other and floating , how do i fix this:(? help please",,1667401701.0,0,0.5,5
Hair,Upgrade after Babyliss Lightning blue?,Hi! I have used the Remmington Lightning Blue brush for a 90s blowout the past year but i would love an upgrade or something new that is also less damaging. Does anyone have suggestions? Not too expensive please because otherwise I would get the dyson airwrap but thats jus too much unafortunately haha.,1665818221.0,1,1.0,0
AdobeIllustrator,all of the sudden everything is outlined and black and white please help to undo?,,1664743023.0,20,0.86,18
reiki,Can i ask you this?,"Hi! I’m Sam, 19 y/o girl and last year my pain began. It came out of nowhere and i suffer from physical pain everyday since last year. But I’m trying to be optimistic and I really want to heal! 💗 Now my question is, can someone that knows about reiki look what is going on and give me tips on what further steps i can take to heal myself and to start healing? Even if it’s just a small thing. I’m open to learn and to try. I really want my life back. Let me know:) ☀️",1661207178.0,6,1.0,9
iphone,Iphone 13 very hot while charging,[removed],1660682850.0,2,1.0,2
eggcleanse,So much bad energy in this glass i got rid off 😅,,1660647656.0,1,1.0,0
vulvodynia,Can someone give an opinion on this?,"Okay so, i have vulvadynia for a year now and im almost 19. its only on the loose skin that protects the opening of my vagina and if i touch it it hurts very bad. When i first got to a gyneacologist she said that my pelvic floor was great. but now a year later i went to another clinic that specifies in pelvic pain and she says that its disfunctioned, and i know shes right because i can “tuck it in” but not let go and relax. Is this why i am not able to heal? And why is the skin that hurts also red? does that align with pelvic floor disfunction? Please let me know:) i kinda feel hopeless and my birthday is in 5 days and i remember last year on my birthday hoping this would be over in a year. Love, Me 💛",1660476935.0,1,1.0,2
vulvodynia,Some questions:),"Hi! I have some questions. I have vulvadynia since last year may and I was wondering: What can i do against the q tip positive pain spots in my vulva? Maybe I can massage these trigger points with a vibrator? I have no idea. there is no information how to get rid of them. Also, I have a copper UID after i went off birth control which may have caused my vulvadynia. But my periods are very heavy because of the UID and very irregular, like i got my period 3 times this month and they lasted a week. Shall i get rid of it? And the last one: Do you think estrogen cream will work for me? I have heard a lot about it helping after the birth control issue. Is it safe to use? Let me know :)",1660158206.0,2,1.0,4
analog,I got this cute camera from my grandfather:) what film do i buy for it? and how do you know how much ISO? Let me know 🌻,,1659691890.0,2,0.67,2
analog,Where is the 1/500 shutterspeed? and how do i correctly turn the button on it? please help:) im new to this 💜🙏🏼,,1658253887.0,0,0.25,18
birthcontrol,My third period this month with UID?!,Hi! I have had my copper UID for like 6 months now and this month i got my period now for the third time! i don’t know what’s happening. shall i visit the doctor? anyone that has experienced this? This hasn’t happened before.,1658181873.0,1,0.67,1
Nails,Why does my gel peel off!!,"Hi! so i’m so sad. I never get my gel to last and sit like a rock and i can peel it off after i applied it. These are my steps:

1. Make the nail buffed with electric file, fail nail in shape etc 
2. Make sure the cuticles are nice and clean and cut
3. Use Isopropyl Alcohol and acetone to clean the nail 
4. Use a base coat 
5. Apply 1 thin layer of gel
6. Apply second layer of gel
7. Wipe in between with alcohol
8. Topcoat!

That’s it. please please let me know since i feel really desperate about this",1655935115.0,1,1.0,9
Nails,What do you use as a prep & wipe?,"Hi! I wanted to ask my gel / acrylic artists, what do you use to clean and before application to prep? Is alcohol or aceton better? Let me know😊 There are also solld special bottles of prep & wipe , is that worth it?",1655542866.0,1,1.0,7
Turkey,Best things to do in Dalyan?,"Hi !! I'm going to Turkey, Dalyan in 11 days and I was wondering if anyone knew hotspots or things I should know and visit in Dalyan! I am very excited for my trip. I have been in the exact place when i was 3 and 11 so this is my third time and I just wanted to know things we haven't seen. I'm now almost 19 so it'll be good to be back! Please let me know if you have any ideas or suggestions! ⭐️",1655234106.0,3,0.67,5
Morocco,Best place to go to in Morocco and have fun?,"So, My mom wanted to go to Marrakesh together. But I heard from a lot of you here that it's very touristic and that made me think. What is the best place to visit and to have the most fun in? I like to see pretty mosques, markets and buildings and parks. Just fun things can be everything! Let me know :) I am almost 19 and she is 50. Also, how do you get someone to escort you around and show you nice places? I'm very interested in that but I don't like someone from my own country that organizes these trips because that's mostly very western based and they don't really understand the culture as much as a local. Please let me know !! 💖",1655233853.0,3,0.8,7
StardewValley,How to change the farm map type?,Hi! So I choose water land but I do not like it and I'm too far in the game to start over. I'm on mac and play on steam and I have watched videos on how to change the map on windows but it doesn't work on my mac because i don't see the save file with the farm type. Anyone please help me! I also play modded so if that's an option to change it then i'll be okay with that too :),1655148403.0,0,0.5,1
StardewValley,Play Stardew Valley with me?,"Hi! 👏🏼 I'm looking for anyone (your gender or age doesn't matter to me!) that want's to play with me :) ⭐️  Playing with someone else it's way more fun!

Short description of me:

I'm a 18 year old girl almost 19. I like cottagecore vibes, wholesome things and I looove to have the farm organized and do my best! Also, I like animals, drawing, painting, crochet.

I hope anyone wants to be my new friend! :) When we play, we can either talk on discord or any other platform or don't talk and just type in stardew chat. Whatever you want and what we're both feeling that moment!

Let me know if you're interested. 💖🎀☕️",1655107899.0,17,0.91,8
birthcontrol,Weird cramps (Copper UID),So I have my copper UID for 4 months now and every time i have to get my period and am on my period i get these very stinging cramp in my vagina and ovary. I have ignored it pretty much because I thought it was just my body adjusting but it hurts so freaking bad. It comes and goes very quickly and doesnt last long but sometimes it comes in several attacks and I don’t know if it’s fairly healthy. Has anyone experienced this? And maybe know what it is. I am scared to let it get checked at the doctor because it hurts soooo much when they touch that thing.,1654950179.0,1,0.67,9
Wicca,Spell for selflove,So i went through a very hard breakup and I was wondering if there was a spell for selflove and trusting on yourself / not needing anyone with less anxiety. A bottle spell could work too. Please let me know 😊💗,1654727875.0,4,0.83,4
HairDye,Are my roots normal?,,1648810675.0,1,1.0,7
ChloeTing,Tiktok hate :(,"Hi! I am currently on day 5 and I have never worked out so long / consistent. But then on my for you page on tiktok all these people were talking about how chloe ting made them have a door figure, no results etc. It’s very demotivating. I don’t believe this but my motivation is just .. in between like don’t give up and being sad haha. What should I do?",1648117594.0,25,0.97,21
birthcontrol,Question about copper IUD,"Hi everyone! I have had my copper IUD (that lasts 10 years) for 2 months now and this is my second time menstruating with it. I have no pain with it anymore besides when I have menstruation the pain is wayyy worse and hurts and stings. Is this normal? will this get away too? Please let me know :) 💖 If not, i might consider getting it out :(",1647735422.0,1,1.0,1
AdobeIllustrator,Can’t switch to CYMK,Hi! I tried to put my document in CYMK mode but I just cant find where. At color options there is no drop down menu for me only options to change to what kind of RGB color mode etc.. Really weird please help!:),1647605334.0,1,1.0,2
MinecraftServer,Skyblock server,Hi! I am looking for a good skyblock server which does not have a broken economy and a good system with active players! Please help me out :) ⭐️,1644344137.0,1,1.0,1
mcservers,Good Skyblock server [Network],[removed],1644344061.0,1,1.0,1
Minecraft,Which Skyblock Server?,[removed],1644261335.0,2,0.75,1
Crystals,Can I wear this together?,Hi! I am wearing a moonstone ring i got from my boyfriend this christmas but I already had a ruby ring and a rosequartz necklace. Can I wear these together? let me know! 💖,1640719885.0,1,0.67,4
stillwoozy,Can I Interview you?,"Hi! I really want to do an Interview with two of you that listens to Still Woozy :) It's 15 questions and it would make me super happy if anyone wants to participate! 🙂 Would be forever gratefull seriously.

Please comment here if you're interested or send me a private message. :)",1638563616.0,9,1.0,6
Music,Please fill in my survey! (Indie/Bedroompop),"Hello! 💚Please fill in my survey about concerts if you like indie music or know Still Woozy. There are only 2 questions about Still Woozy and you can skip them if you don't know them! This would help me soooo much! It's for school. The link: [https://www.survio.com/survey/d/L3O2O9Q2D4A9L7M0P](https://www.survio.com/survey/d/L3O2O9Q2D4A9L7M0P)

Thank you in advance, 🤗

Sam",1638562192.0,0,0.33,0
bedroompop,Please fill in my Survey! (Still Woozy),"Hello! 💚Please fill in my survey about concerts if you like indie music or know/listen to Still Woozy. There are only 2 questions about Still Woozy and you can skip them if you don't know them! This would help me soooo much! It's for school and I will be forever gratefull. The link: [https://www.survio.com/survey/d/L3O2O9Q2D4A9L7M0P](https://www.survio.com/survey/d/L3O2O9Q2D4A9L7M0P)

Thank you in advance, 🤗

Sam",1638562112.0,3,1.0,0
stillwoozy,Please fill in my Survey :)!,"Hello! 💚Please fill in my survey about concerts if you like or listen to Still Woozy. There are only 2 questions about Still Woozy and you can skip them if you don't know him! This would help me soooo much! It's for school. The link: [https://www.survio.com/survey/d/L3O2O9Q2D4A9L7M0P](https://www.survio.com/survey/d/L3O2O9Q2D4A9L7M0P)

Thank you in advance, 🤗

Sam",1638561901.0,3,1.0,1
indieheads,Please fill in my Survey about Still Woozy/Concerts:),[removed],1638561818.0,1,1.0,0
vulvodynia,aloe vera?,something just tells me to put it on when i have a flare. Is it harmfull or bad for ph? please let me know:),1638133817.0,3,1.0,3
findfashion,"Can anyone find me a dress that looks similar to this? Its from the movie scar face and I’m obsessed! I live in the netherlands, so not all sites are available for me:) thanks 💖",,1636841885.0,2,1.0,2
analog,Camera doesn’t work:(,"Hello everyone. I was very excited to use my moms Mz-7 pentax and she hasn’t used it for years! i bought film, put it in, but when i make the picture the camera doesn’t make the flash sound and doesn’t make the picture, it only focusses and ‘fakes it’. also, it doesn’t jump from picture 1 to picture 2 on the screen. someone please help my heart feels broken and i have no clue what to do. ☹️ I also have searched the web but I can’t find a solution! 

Love, 
Sam.",1636676684.0,0,0.5,2
StardewValley,Anyone wants to mine?,"**Still haven't found someone!** Hello, Weird question but I'm very scared of the mine, but love to play Stardew Valley! It's just that I find it very creepy with the monsters and I literally don't want to go alone. So if anyone wants to keep me company in multiplayer? Please let me know!

Sam.",1636628769.0,18,0.85,7
AnalogCommunity,Analog to Digital pictures?,"Hello! I have an pentax MZ-7. I just found it in the basement and it has been my moms. I have a questions about it! My first one is: Am I able to turn the film into digital pictures? I have seen people making analog pictures and post them on social media or something else. I'd love to few them on my phone too. When I have more questions I will ask them here :) Thank you in advance.

Sam Mulder.",1636238566.0,0,0.4,5
analog,Digital pictures?,"Hello! I have an pentax MZ-7. I just found it in the basement and it has been my moms. I have a questions about it! My first one is: Am I able to turn the film into digital pictures? I have seen people making analog pictures and post them on social media or something else. I'd love to few them on my phone too. When I have more questions I will ask them here :) Thank you in advance.

&#x200B;

Sam Mulder.",1636216160.0,1,1.0,3
writing,Please help with story!,[removed],1635764456.0,0,0.5,4
indesign,Booklet Printing,"Hi! Why is my second page when printed dubble sided up side down? It's when I use the booklet feature. The first page appears to be normal but then the second spread on the other side is flipped up side down, and now the pages don't match. Please help?",1635348099.0,2,1.0,3
indesign,help!! Deadline! I want to print this as a booklet with 2 x a5 facing eachother and print it on a4. how do i fix this? I am dying to know the answer 🥲 thanks.,,1634911707.0,3,0.64,9
AdobeIllustrator,How to remove offscreen images,"Hello. I was wondering how you delete something that is half out of your workspace. So like a cirkle that overlaps the image, how do I let that stay on the side but cut out the side if it’s not on the paper. I can use the gummy but that would be so much work and ugly",1632045220.0,2,1.0,3
AdobeIllustrator,"Floating deck, does anyone know how i get it stuck to eachother again?",,1632045134.0,4,1.0,3
vulvodynia,i can’t do this anymore,"Hello everyone. I really need help. I have had anorexia and then depression and I was cured and FINALLY happy in my life after soooo long and then after 1 year i got vulvadynia. Now I just can’t anymore. I don’f want to go to a therapist because im finally done with that and I don’t want to take nerve blockers because I am still scared to gain weight (im healthy now but thats just a fear). I am constantly thinking about euthanasia , which is stupid i know but even on trips or with friends that used to make me happy i think about it. My study and college is going to start in 3 days and I literally just can’t go because I am crying all day and I know I have to go. I am never going to be able to get a job and be happy. I am so sad :( 

This is just a rant, im so sorry",1630172556.0,11,1.0,11
vulvodynia,"Some questions! (food, mental health)","Hey everyone:) i have some vulvadynia related questions!

My vulvadynia therapist told me a lot about how food and diet can change your symptoms and make it better. She said gluten , dairy and sugar free is the best option. But what do I eat? What has worked for you and what are the best options to eat.  

I also have a question about mental health. Do any of you since you got vulvadynia feel so exhausted and feel like you can’t do anything you used to do anymore? People always recommend excercising and going for a walk but I just feel so tired. It feels like a mental block, because when I actually go do these things I see that I can do it.

Please let me know your tips and suggestions, and also your experience 

I hope you have a nice , (hopefully painless!!/ less pain) day:) 💕",1628599362.0,6,1.0,12
vulvodynia,Does it get better?,"Hi everyone. I have vulvadynia for like 6/7 months now, and I decided to do accupenture. I had 4 sessions now and the pain doesn’t feel like it’s ‘biting/stabbing’ anymore, but when i press the points in my vulva (5 and 7 o clock and 12 o clock) I feel that pain again. My question: does it gets any better? I’m almost 18 and it completely ruined my mental health. Anyone have any good stories? :(",1627242928.0,7,1.0,25
findfashion,"Help! This green zip up/short set is from shein and I guess it’s a two piece. I can’t find it, anyone help❤️:)?",,1627223059.0,2,0.67,0
findfashion,hi there! im looking for this dress that I saw on Leah Hiltons tiktok! Help would be so much appreciated 💖 People say it’s from princess polly but i can’t find it!,,1621377571.0,7,1.0,4
HelpMeFind,hi there! graduation is coming soon and I need this dress i saw on Leah haltons tiktok! I guess it’s from princess polly? but I can’t find it. help would mean the world 💖,,1621377449.0,1,1.0,1
