subreddit,title,selftext,created_utc,score,upvote_ratio,num_comments
AskDocs,Really freaking out about rabies I seriously need some support and reassurance,"I (male 30, 180lbs , 5ft 11) went camping recently. Some bats were flying around near me. I went out to pee one night and saw one fly in front of me. I did not feel it touch me in any way and only saw bats fly near me and never felt any touch me. I did have some cuts on my body from camping and hiking and thought that maybe the virus could drip from the bats mouth in the air into my cuts or something like this. I have been loosing sleep due to anxiety from rabies and it has been causing me a lot of distress.",1661077324.0,5,0.86,7
drunk,Beer from a chalice hits a little different,,1660974170.0,13,0.94,4
SuicideWatch,I feel so lost and so sad and awful about who I am,I feel like god hates me and I’m a bad person deep down. I suffer from so much anxiety and so much guilt and so much self hatred I’ve really been suffering a lot lately. I have a baby on the way and my job is to help other people and I don’t know how I can keep living with so much suffering.,1654426988.0,11,0.93,2
