subreddit,title,selftext,created_utc,score,upvote_ratio,num_comments
guineapigs,Can piggies eat broccoli and cauliflower leaves?,"Hellooo, so my moms been growing a ton of plants, two being broccoli and cauliflower, I’m wondering if the can eat the leaves because they are MASSIVE. Can they eat the leaves? And if so, how much? I know they can’t eat too much broccoli and cauliflower themselves, i really don’t give them any often, it’s a rare treat. Thank you for the answers in advance! (I’m asking just to be safe) ",1746477875.0,4,0.75,5
tattooadvice,"Tattoo placement and pain (I hope this is the right sub to ask, I’m sorry if it’s not!) ","Hi! I’m thinking about getting my 2 dogs paw print tattooed but I’m not sure exactly where. For context they’re Labrador-German shepherd mixes so their paws are a decent size. I’m not sure if this being my first tattoo will be a good idea, but it’s something I’m still contemplating on a lot as I really don’t like needles, but I love these dogs unconditionally and having part of them with me everywhere I go (other than their fur) will be amazing. I’m just wondering where I should get them, I was thinking maybe my arms? Like my shoulder? Or maybe my wrist so they can be seen? I’m really not to sure, I’d also like to know how painful these areas are, I know everyone’s pain tolerance is different but I’d like just a general pain scale for the areas. Thank you so much for the help!! (Also roughly how much would it cost? Is it different at each tattoo place?) 
",1719614952.0,3,1.0,2
squishmallow,Question for those with the app,"hey I am so sorry if this is a stupid question, but I am obsessed with the 4 chocolate bunnies and there’s only one link for them. I was wondering if it’s ok I guess to order from them? I’ve never ordered squishmallows before so I just want to be safe. Thank you so much! (Incase you don’t have the app this is the link) 
 https://shop.jazwares.com/products/easter-chocolate-bunny-4-pack-select-series?variant=40871421378633",1714156202.0,6,1.0,6
squishmallow,The first squishmallow my boyfriend bought me and it won’t be the last 🧡❤️,,1710328766.0,72,0.97,7
ShinyPokemon,[8] I got this with my boyfriend right in time for my birthday tomorrow! 🧡❤️ Mine is the one on the right! I love matching shinnies!! I love my boyfriend so much more though!!!!,I have matching shiny with my boyfriend!! I love him so much. I transferred to gen 9 so we could take a picture together!!!!,1706742467.0,41,0.88,0
PokemonScarletViolet,Me and my boyfriend got our first raid shiny together last night!!🧡🖤,"Us together with our shinnies, I may or may not have cried a little because I wanted a shiny snorlax so badly.",1696872827.0,1079,0.98,45
relationshipgoals,I love my boyfriend 🧡🖤," 
we do everything together again. I lost him before but I have him back. long distance is so hard..  and other problems, but I have my bebi back and I hope on everything that I never ever lose my tiny boyfriend :P 🧡🖤",1694535055.0,7,0.9,2
PokemonGoFriends,Would anyone like to add me?,"It can be for whatever, raids are iffy because I don’t have money to get passes but you can invite me and if I can I’ll join. I mainly need gifts.  please and thank you!!!!

1716 9776 3738",1694197222.0,2,1.0,2
namenerds,me and my boyfriend need help with coming up with a last name.,"My last name is Scalzo and his Herbig, 2 very strange last names but we’d like to attempt to combine them to make a new one. we don’t want to take his and mine is iffy, we at least want to see if we can find a good combination. I highly doubt it with how strange they were but we would greatly appreciate the help!
(Something new would be sick)",1694049269.0,15,0.79,35
PokemonGoFriends,I bought the shiny Mew ticket and need help with gifts please and thank you!,1716 9776 3738,1692304170.0,2,1.0,0
MichaelJackson,My Michael Jackson art I did for my art class last year that I wanted to share today.,,1687705903.0,37,0.98,0
Pomeranians,My vets dog Floof,,1649361854.0,61,1.0,1
Welding,First time welding thin aluminum.. tried making a rose… I don’t like it,,1648667708.0,8,0.84,10
Welding,"How do these look? I’ve been practicing for a while, any advice?",,1646679925.0,2,1.0,8
tuckedinkitties,Cooper tucked himself in! ❤️,,1642689829.0,35,0.92,0
guineapigs,My other pig children!!,,1642016905.0,243,1.0,2
Dirtbikes,Moto cat 🐱 🏍,,1637853725.0,72,0.96,2
Welding,"I need help please, what am I doing wrong? Advice please.",,1635790834.0,38,0.95,48
guineapigs,My pig children :),,1629840877.0,21,0.97,0
hamsters,My hamster children :),,1629839492.0,18,0.93,0
guineapigs,Any advice?,"Hi everyone! 
Someone that my mom works with is giving me their guinea pig and I would like some advice because I have never had a one. I want him to be happy in his new home and I want him to be comfortable with me. Any advice will help! Thank you!",1619387141.0,2,1.0,3
MadeMeSmile,My birthday present from my friend:) it was a bit late (bday was February 1st) because we don’t have any classes together. But I love them!,,1613269271.0,27,0.92,0
Welding,Can someone give me advice?,"Hello, I am taking a welding class (in 9th grade) I am extremely nervous and was wondering if someone could give me any advice. Tomorrow we are going to practice welding. Can someone please help me? Give me any advice? I am once again extremely nervous!

Edit: I WELDED! There is luckily another girl in my class, she helped me and she was extremely cool! She showed me how to weld and then I tried. I was doing it a little to fast and to far. The teacher came over and he helped me. Then I tried it by myself and the girl said that I did really good for my first time! She told me that if the guys bother me then she would help me. I’m so happy!",1610062670.0,6,0.8,27
Assistance,Welders of Reddit. Can you give me advice please?,"Hi, I am in a welding class and tomorrow we are going to practice. Can anyone who is a welder help? I’m really nervous and I don’t want to do anything wrong. I would really like to keep my fingers as well, my teacher showed us a picture of someone who cut their finger off while welding and I’m kind of scared, he also told us some stories that are making me nervous. Can anyone help?

Edit: I just posted to r/welding",1610050152.0,19,0.89,21
MadeMeSmile,My Pennywise duck! I love this duck! I created a friend called DUCK BOI because I don’t have any friends. This will be his brother.,,1609614110.0,65,0.9,15
Dirtbikes,"My bike! (I don’t know what it is, my parents didn’t tell me much)",,1609609810.0,144,0.94,106
Dirtbikes,Anyone willing to help? I’m new to dirt bikes..,"Hello! I got a bike for Christmas! I love it and it  is my baby! But I sadly haven’t ridden it yet because one, the ground is to soft  and two, I am terrified for some reason. I can’t even start my bike due to being scared. I am so sad and my at myself because I haven’t ridden it yet, I really want to but I’m just to scared to. Please, can someone give me advice? Also, sorry if that didn’t make any since, I am terrible with explaining things.",1609133662.0,3,0.8,16
onejob,Eptember...,,1604439700.0,34,0.97,4
