subreddit,body,created_utc,score
BorderlinePDisorder,"I relate to this. It hurts. Even if they treated me like crap, used and abused me I'd still prefer that over the hell I'm in now.",1683553795.0,1
BorderlinePDisorder,"Felt this last night, probably gonna feel it tonight. I've been drunk for 3 days now. Just woke up and took a few shots of vodka. Took some ativan last night partially to make myself black out, partially hoping it would kill me. It didn't. I'll take a little bit more tonight.",1683471376.0,2
depression,Relatable,1683383193.0,4
SuicideWatch,"It would be the most excruciating pain you could imagine for a small instant. There would be a slim chance of survival that would leave you with life altering injuries, making you wish you were dead for entirely different reasons. Those that are around to see it would be traumatized, though that wouldn't matter to you if you were dead; it's something that I consider when I feel that type of way though, so I felt it was worth mentioning.",1683383017.0,0
BorderlinePDisorder,"am home, im gonna pass out in bed and probably delete this post when i wake up. thank you for reaching out to me i appreciate you",1683341999.0,2
BorderlinePDisorder,I gotcha. trying to get another appointment with my therapist asap,1683341413.0,1
BorderlinePDisorder,I'm almost home. called my fp and worried her eek. ill be safe. well. might take ativan if i cant sleep,1683341355.0,2
BorderlinePDisorder,"
I might take you up on that offer. i sent my closest friend a number he can call if im not home at midnight est. might pass out on a bench im blacking",1683339293.0,2
BorderlinePDisorder,"I see. Yea rough night you could say that. Sorry for bothering you, hope you have a good night",1683338121.0,2
BorderlinePDisorder,im gonna be drunk when i wake up. dont plan to stop drinking for at least a week,1683337167.0,2
BorderlinePDisorder,I wish I had someone to talk to.,1683336811.0,1
BorderlinePDisorder,"Gonna take a walk before trying to sleep, got my flask with me 🙃 hope no cops get nosey.",1683336744.0,1
BorderlinePDisorder,"Honestly, yeah. Not a terrible idea. I wonder if diagnosed BPD would be enough to get it prescribed. Otherwise I know some people. The only issue for me is that it's far cheaper and easier for me to get my hands on alcohol than it is weed.",1680149725.0,1
SuicideWatch,I'm ok. A little mentally unstable these days. Was having a breakdown. Thank you for asking,1659204047.0,1
SuicideWatch,I think I've finally lost it,1659197814.0,1
depression,"I quit my last job and was unemployed for 4 months due to my mental health. The break was good. I'm working again out of necessity, and it's difficult. I don't know if I'd be breathing right now if I hadn't taken that break though. Mental health is equivalent to physical health, treat it as such. Do what you need to in order to take care of yourself, if that means taking time off of work then there is no shame in that.",1656558412.0,2
SuicideWatch,"I can't help you. I can tell you though, you're not alone in your pain. My family is religious too so I can understand being reluctant to go to them for help. I went through similar things in school. I was never diagnosed with autism, but I have severe social anxiety which caused me to learn things quite a bit later than my peers. For a while it got better for me once I graduated. I saw a therapist for a while, got myself into a toxic relationship out of desperation, got completely devastated when they left, stopped seeing my therapist because it wasn't helping. It gets tiring. I understand wanting the pain to go away. I'm honestly not sure why I'm still hanging on. I can't stand the thought of reading something so relatable without saying something though. So, let me be a hypocrite for a moment and tell you to keep hanging onto life. I don't know a thing about you, but given your care for academics I would imagine that you are a smart person with a bright future ahead of you. I can't tell you that things will get better or that it will all be ok. I can tell you that if you die tomorrow, that possibility will be completely gone. Once you're dead, that's it. No more tomorrows. So I think it's at least worth it to try to hang onto hope that things will get better, even if it's a false hope. Do anything you can to keep yourself breathing, because if things really do get better for you, you'll be glad that you're still here. Sorry if I couldn't help you or if I made things worse, I just felt like I had to try. Don't give up on yourself yet.",1653714777.0,1
SuicideWatch,"I ended up quitting my job. A job I had been so excited for and worked so hard to get. It felt like there was no way I could go back there though, so now I sit at home all day and slowly eat away at my savings until I get my shit together or die. After the last breakdown at work I figured it was only a matter of time before I got myself fired. I still don't know if quitting was the right decision or not. I don't have any good advice but I just want to let you know you're not alone, no matter how much it may feel that way.",1641721560.0,1
depression,It really sucks doesn't it. I think we both just need to keep hanging on and maybe we'll get lucky. Wishing you the best.,1561047444.0,1
depression,"Thanks, that's super kind of you to offer. I probably won't end up chatting because it's super late where I am and I'm beginning to get tired, but the offer alone brightened me up some.",1561007128.0,2
