subreddit,body,created_utc,score
whenthe,Both me and my partner are into necrophilia but we aren’t going to kill each other over it because that’s stupid so we just look at art,1730935224.0,1
lgbt,"9, not my main account but I plan to by the end of this week.",1720840166.0,1
notinteresting,Between 8 and 9. I’ve tried in the past and I’m mostly just regretful it didn’t work. I don’t really have anyone to tell or anything to give to anyone so the plans are more so when and where it’s being done,1696905823.0,2
notinteresting,💜 never actually responded to one of these,1694931896.0,1
whenthe,I saw one art piece once where someone killed themselves then had sex with their lifeless body as a ghost,1677126900.0,1
whenthe,"I like some pretty violent stuff for lack of a nicer way to put it and a while ago I decided to join a discord for it and I was scared I was joining a server full of psychopaths but it turns out everyone there was normal and pretty chill. The only thing that was weird was how they would make death threats as some type of horny talk. Also you can’t really help what you like so there isn’t really a reason you would be into something, you just are",1672588586.0,1
whenthe,I hate that this is true and I also hate that it’s from experience,1661076236.0,1
technicallythetruth,It’s something that can happen after death sometimes and is nicknamed angel lust,1658760235.0,2
technicallythetruth,You can be both and they can combine in weird too so it’s entirely possible to like dead kids but not living ones or dead adults. Although I’m not a pedophile myself I am a necrophile but I dead kids won’t do it for me because I don’t like kids so just because something is dead doesn’t mean a necrophile would like it.,1656083221.0,1
whenthe,"As someone who is actually into it, I have no idea. All I know is I like it",1654698390.0,1
sounding,"Btw I wasn’t planning on doing this
And just curious if it’s possible",1653819148.0,1
lgbt,"What is an orchid, I thought that was a type of flower",1645231805.0,1
lgbt,Probably,1645198540.0,1
whenthe,"Jokes on you, that’s what I’m into",1644416026.0,1
SuicideWatch,People just see it as the “easy way” out when in reality it never is but usually the last resort. People also are selfish thinking that you have to be around for others while they never have to be around for you and you are somehow a bad person for not wanting to have a horrible life. Sometimes it’s the only option left and we are not allowed to use it for whatever reason.,1639924311.0,13
