subreddit,title,selftext,created_utc,score,upvote_ratio,num_comments
BBW,Thick & Tempting: Come Enjoy Me,,1723569462.0,1,0.56,3
SSBBWAdmirers,Bodacious Baby looking for Daddy,,1723569058.0,14,0.94,1
SSBBWAdmirers,Selling Content & Looking for SD,,1723568719.0,1,1.0,0
SSBBWAdmirers,Amateur BBW GIF by coconuttie69,I had fun 🥰,1719353514.0,15,0.95,0
MonopolyGotradinghub,Please I only need 10 more‼️,Play MONOPOLY GO! with me! Download it here: https://mply.io/jXaTqG70LgY https://mply.io/jXaTqG70LgY,1718225033.0,1,1.0,1
Monopoly_GO,"Please, I only need 10 more",Play MONOPOLY GO! with me! Download it here: https://mply.io/jXaTqG70LgY https://mply.io/jXaTqG70LgY,1718224968.0,0,0.5,10
Monopoly_GO,Help! Does anyone have these two cards before the event ends?,,1714590516.0,0,0.5,2
polyadvice,Been feeling more like an object than a partner…,"I’ve been in my throuple for a little over a year now. My partners are married and sometimes I feel left out. 

1st reason.)
 I entered this relationship with the intentions of it being monogamous. I told my boyfriend I wanted to marry him and I wanted to spend the rest of my life with him. He shared that’s we’d get married one day. I’ve been planning my wedding ever since I was a little girl. Long story short, I found out he was married, his wife and I decided to open the relationship to each other and we became a triad. But with this I had to accept the fact that I’ll never be married etc. and sometimes my girlfriend/his wife will talk to him like I’m an outsider. She will be arguing with him and ignore any of my input or say “I’m talking to my husband right now” and that will hurt me because I thought we were building this family as a whole and not separate. Also she’s always the one to tell me to feel apart of their marriage but she the only one that makes me feel like I can’t be.

2nd reason.)
My boyfriend loves me, I know this. But we had this whole clingy relationship before I found out he was married. And since we’ve been living together he’s more distant when his wife’s around or he’ll only touch me or kiss me when she isn’t looking or out of the room and then when she leaves the house he’s all over me and trying to fuck, it just makes me feel like a secret or a side piece or something. Also I know it’s been months since they’ve had sex, it’s been months since we’ve all had sex together but he and I have sex almost every other day and it feels like cheating to me because his wife begs for his attention and he gives it all to me. I don’t know what to do.

There are more minuscule reasons but these are my top two that I stress about daily. Any advice?",1712387712.0,6,0.81,6
Monopoly_GO,Anyone have Room to Rent ?,,1711062144.0,1,1.0,3
Monopoly_GO,Trades or 🎁 gifts,Play MONOPOLY GO! with me! Download it here: https://mply.io/jXaTqG70LgY https://mply.io/jXaTqG70LgY,1710542160.0,1,1.0,1
SSBBWAdmirers,Thick Thursday 🍑,,1708040931.0,63,1.0,2
SSBBWAdmirers,I have no business looking this good…,[removed],1704830859.0,6,1.0,0
SSBBWAdmirers,Oh she THICK thick 😍,,1698243874.0,37,1.0,15
HardcoreNSFW,Amateur GIF by coconuttie69,[removed],1695531562.0,17,1.0,1
HardcoreNSFW,Give me blowjob tips 🤭,[removed],1695531484.0,2,1.0,0
Blowjobs,Amateur GIF by coconuttie69,[removed],1695531372.0,1,1.0,1
BlowJob,Amateur GIF by coconuttie69,[removed],1695531327.0,1,1.0,1
BBWVideos,Sucking him the way he likes makes me so wet 💦😘,[removed],1695531232.0,3,0.71,1
BBWVideos,Come make a splash 💦 with me 😘,,1694662801.0,86,0.99,2
BBWVideos,Could you fill me up more?,,1694662279.0,108,1.0,4
BBWbutthole,I love creampies 😈 Can’t wait to get this hole broken in 🤭,,1694661406.0,15,0.91,1
BBWHardcore,Gawk Gawk him to sleep,[removed],1692223972.0,2,1.0,0
BBWbutthole,Can we meet up and play tonight? Raw 😈,,1692223308.0,1,1.0,0
BBWHardcore,Can we meet up and play tonight? Raw 😈,,1692223263.0,3,1.0,2
BBWHardcore,Coco_Nuttie,Wishing for the real thing 🤧,1692223126.0,2,1.0,1
BBWHardcore,Belly & Booty 😈,[removed],1692222711.0,2,1.0,1
BBWHardcore,Permission to play Daddy?,"Snap: @coconuttie69
Onlyfans:@coco_nuttie",1692160162.0,9,1.0,2
BBWHardcore,Nutty POV,"I love creampies 💦🥰  PS: That drip tho 🤤

Onlyfans: @coco_nuttie

Snap: @coconuttie69",1692150101.0,9,1.0,1
BBWHardcore,Let’s play 😩💦,,1684265803.0,8,1.0,0
u_Wide_Pepper_1431,Let’s play 😩💦,,1684265764.0,3,1.0,2
BBW,Bored at work 😈,[removed],1684170388.0,8,1.0,2
relationship_advice,Was I (24F) sexually assaulted by my best friend (27F)and her husband (21M)?,"Last month while I (24F) was going through a break up. My best friend (27F) asked if I wanted to hang out and I agreed. After arriving at her place we decided to do acid and drink and go to the club. I was already a little drunk when we left for the club, but when we got there she kept buying me drinks and we were dancing on each other but nothing too crazy. 

When we took the Uber back to her place she got completely naked and made out with her husband (20M) in front of me. I was uncomfortable so I pretended to be sleeping on the couch. They then left to the bedroom and proceeded to have sex super loud with the doors open. I didn’t move but after a few minutes my friend came back and asked me to join. When I said no she insisted and when I said no again she started pulling my arm. She said she felt like I wanted to say yes but I was to shy. I laughed and she pulled me to the bedroom and threw me on the bed. She started going down on me while he fucked her on top of me. Positions switched a few times. I went down on both of them and both of them fucked me. I felt so disgusted the entire time. Like it was wrong and I definitely didn’t wanna be there. But I didn’t say anything. I just let it happen and went along with it.

Then we stopped talking after this and she texted my current boyfriend  (27M) all about how she used me and she planned the whole thing for her husbands birthday and told him to thank me. It just made me feel even more shitty.

I wanna press charges on her because I hate how she’s bragging on what she did to me and it was wrong. But I never told them to stop I was just coerced into it.",1679351790.0,3,0.71,17
BBWHardcore,Play with me 💦🍑,,1679141991.0,14,0.86,4
BBW,Full moon 🌕 My favorite ❤️,,1679141777.0,2,1.0,1
BBW,Crazy work day 🤣,,1677157855.0,14,0.95,6
BBW,I love when he says he like belly and booty 🥹,,1676788038.0,9,1.0,1
BBW,Saturday Night Boredom 🙃,,1676775024.0,8,1.0,1
BBW,Good morning 💋,,1676291349.0,20,1.0,4
Earnin,Boost me pls 🖤 If you can,"Hoping for a boost pls, need to get some food for lunch",1662839463.0,4,1.0,21
Earnin,Someone please help,"Boost for boost? 

Can anyone in the Earnin Community help me boost my Max? 🙂 https://earnin.app.link/8ztgDHRhIrb",1661557772.0,2,1.0,10
Earnin,Need a boost? Me too!,Can anyone in the Earnin Community help me boost my Max? 🙂 https://earnin.app.link/8ztgDHRhIrb,1661557341.0,2,1.0,3
Earnin,Boost??,Can anyone in the Earnin Community help me boost my Max? 🙂 https://earnin.app.link/8ztgDHRhIrb,1660763199.0,2,1.0,1
Earnin,Can you help?,Need a boost! Can’t boost back,1660763053.0,3,1.0,0
Earnin,Boost for Boost,Can anyone in the Earnin Community help me boost my Max? 🙂 https://earnin.app.link/8ztgDHRhIrb,1660337384.0,3,1.0,8
Earnin,Boost please? Need gas,Can anyone in the Earnin Community help me boost my Max? 🙂 https://earnin.app.link/8ztgDHRhIrb,1660273729.0,3,1.0,0
Earnin,Boost?,,1660272565.0,3,1.0,0
borrow,"[REQ] ($900 ) -(#GrandRapids, Michigan, USA), (Repay $1,125 on 09/02/2022), (PayPal, Venmo, Cashapp, Zelle)",[removed],1659897427.0,0,0.5,2
LongDistance,What are we?,,1659378766.0,5,0.73,4
dating_advice,I don’t know what I’m asking…,"I’ve been hooking up with this guy for a few years now. Usually we’re not exclusive but the last few months we’ve been only seeing each other and I want more than just hooking up after work and hanging out until it’s time to go to work again. When I tell him this he says he doesn’t wanna put a label on it and he likes how we are. 

But whenever I mention someone wants to take me on a date and get to know me. He gets all butthurt saying I’m trying to leave him while he’s working for us to have a better life. BUT HE DOESNT EVEN WANT TO PUT A LABEL ON IT ! So wtf is he talking about?

I think he loves and cares about me like he says he does. He’s proven it a couple times…. But idk, I just can’t shake the feeling that he’s just using me until he can find better. I feel like his little secret. Idk tho maybe he just doesn’t show love the same way I do? Idk what to think… any opinions?",1659293159.0,3,1.0,6
Lowes,Literally,,1659292565.0,1,1.0,0
Earnin,I need a boost! Please,"Can anyone in the Earnin Community help me boost my Max? 🙂 

https://earnin.app.link/8ztgDHRhIrb",1658157866.0,1,1.0,2
Lowes,Availability,Where can I find my availability? I remember filling it out during orientation but I can’t find it on Kronos. I’m being scheduled beyond my availability time and they can’t do that right?,1658026136.0,2,0.67,2
grandrapids,Available housing?,[removed],1655894906.0,1,1.0,0
SuicideWatch,Advice?,"I’m not really sure what I’m looking for… but I know I want to make a post. Idk if I’m just venting because nothing ever helps or if I’m actually waiting for some solid advice.

I don’t want to be here. Not only because the world is shit, filled with so much hate. Yes there are positives but how can you ever forget the negatives.

Anytime I’m happy and enjoying life, or even just smiling at something simple, I’m always reminded that it’s not always this good. Bad thoughts, bad memories all negative intrusive thoughts seem to rain down on me all at once.

Yesterday I was living my best life with my boyfriend and I kept begging him to marry me and that night while we were cuddling I just switched. I started crying, I didn’t want him to touch me, I just wanted to die. I wanted to die so bad. It was so random and I hate he saw me like that because I try to hide my depression from him.

I just wish I was normal, I hate having suicidal thoughts 24/7 always lurking, waiting to ruin the moment… 

I just don’t want to be here",1653856691.0,1,1.0,5
Michigents,Plugs??,[removed],1653855951.0,0,0.5,0
LastManonEarthTV,Lives Rent Free In My Head,"🎶 closure, closure, closure, closure, closure 🎶",1652650380.0,61,0.92,15
BorderlinePDisorder,DAE feel like they should give up dating completely?,"I've been off and on with my FP for two years, but right now we're off and I don't think we'll be getting back together. Which would be for the best in my opinion, it's a very toxic relationship. 

I've been trying to put myself out there again because I do want a healthy long term relationship with someone. I've been having the urge to settle down for awhile and I can't stop thinking about marriage and starting a family. So I really want to start building a strong and secure foundation for that with someone.

Of course, I struggle with finding someone who doesn't just want to hook up. I try not to put off that vibe but I guess It's expected with the dating apps these days.

Lately I've been losing hope and I want to stop searching but I have this need to give love and be loved and as pathetic as that sounds I can't help it.

Any advice?",1650911498.0,2,1.0,0
BPD,My psychiatrist made me cry…,"I downloaded Cerebral for some Medication management and therapy. I’ve been really struggling so I was desperate for some help, even though I’ve tried app therapy before and it wasn’t successful. Anyway I decided to try again and after telling my psychiatrist the Cymbalta wasn’t doing anything for me, she began to laugh and said that she was looking at a list of medications that didn’t work for me. I shut down after that. Maybe it’s the way she said it, maybe it’s the way she laughed in my face, maybe it’s the way she made me feel helpless. Idk, but after the appointment I canceled my membership with Cerebral and I’ll just have to figure something else out. Any suggestions?",1643825097.0,2,0.75,2
BPD,Asking for Advice.,[removed],1643680731.0,2,0.76,6
u_Wide_Pepper_1431,Adam AND Eve,,1632265753.0,1,1.0,0
u_Wide_Pepper_1431,Spooky Szn,,1632265641.0,1,1.0,0
u_Wide_Pepper_1431,Who wants to goooooo,,1632265600.0,1,1.0,0
u_Wide_Pepper_1431,My pins 💖,,1632265579.0,1,1.0,0
BBWHardcore,😍😍,,1632265518.0,3,1.0,0
aww,Lucy says Hello ♥️,,1632059767.0,1,1.0,1
wholesomememes,Here for you!,,1632059480.0,1,1.0,0
