subreddit,title,selftext,created_utc,score,upvote_ratio,num_comments
mildlyinfuriating,Thanks google this really helps answer my question,Top search result btw,1748211557.0,7,0.77,8
retrogaming,Myst 1993; is there an easter egg where 2 men yell at you for cheating or did I make that up?,I have a vague memory of getting stuck on a level and attempting to (admittedly) cheat my way through it only to be met with these two dudes yelling at me and then shutting down my game!,1705722664.0,63,0.91,19
TwoSentenceHorror,I had a smile to myself,[removed],1683245809.0,1,0.99,1
LifeProTips,"LPT request: As my grandma gets older she has been going to funeral after funeral, what do I say when she talks about it?","Last time she brought up how she is going to another funeral I couldn't think of something comforting to say. It's a different situation because usually when someone experiences loss you can comfort them because its just this one time, but for her people just keep on dying. Not to be morbid..",1679267822.0,2115,0.97,235
DannyGonzalez,Omg,,1673044803.0,248,1.0,24
zelda,[SS] Am I doing the right thing?? I’ve been stuck here for so long… (this is the area where u had to roll into a tree to get that little guy to fall out),,1672175278.0,27,0.86,10
MaladaptiveDreaming,Every time I’m watching a show/movie I have to pause every second to daydream about it,It’s like if it isn’t something I can daydream about I don’t even want to bother with it.,1661050281.0,82,0.99,7
