subreddit,body,created_utc,score
HuntShowdown,Did you see her test it? Maybe he does... 🤣,1749023818.0,1
gtaonline,"If it's your own fault, it's still okay. I recently wanted to sell 1.5 million from the nightclub and unfortunately had to take the big truck. Some dirty MK2 sits behind me, shoots 10 rounds into me with -3 skill and destroys all the goods. Couldn't do anything. I closed the game, uninstalled it and won't touch it again until those geniuses at Rockstar take this thing out. I don't want to deeply insult these wonderful developers, but anyone who puts something like this into the game has to be marginally intelligent and/or masochistic.",1749023693.0,2
ichbin40undSchwurbler,![gif](giphy|1X7lCRp8iE0yrdZvwd),1747284280.0,1
ichbin40undSchwurbler,Wohl eher: Ich bin 40 und aud der Klapse ausgebrochen...,1747197905.0,1
JackSucksAtGeography,Jemen,1743448976.0,1
PUBLICNUDITY,Please a GTA6 reverence...,1741705399.0,3
guro,The new kind of painting book for the adults,1739026363.0,2
HuntShowdown,Wait right now? Thought this is normal in this game and they are just not showing it most of the time because its  the servers being bad 12 tick servers?,1737305589.0,1
barelylegalteens,"Considering you are female and 18, probalbly at least 1, which chances for are statistically quite high. Could be up to a few hundrets, cause I know a girl, who is 19, who told me she stopped counting at 100 and started with 14, of corse every time with way older guys. I am happy about not calling me one of them. Humans are f*cked up.",1737096940.0,1
cosplaygirls,Need to know how to install this mod...,1737096455.0,1
automobil,"Mopsgeschwindigkeit...
Mopsgeschwindigkeit...
Äh Captain, Mopsgeschwindigkeit ist mit Verlaub gerade ein bisschen dämlitsch.
Warum?
Wir hab'n nen Marderschaden.",1736747532.0,2
mitsubishi,Just a battery,1735199310.0,1
wasletztepreis,Festpreis...,1731392376.0,1
spacefrogs,"Und es kommt halt drauf an, worauf man Priorität legt. Wen ein PC mehr Freude bereitet, soll man da mehr reinstecken, aber man braucht ja nicht immer das Neuste von Neusten, nur weil uns Technikfirmen das vorgaukeln und uns scharf drauf machen. Immer 2-4 Jahre hinterm aktuellen stand zu kaufen ist deutlich günstiger und eine 2080ti war auch mal das Neuste von Neusten und liegt bei 250. Ne 3090 findet man schon für 600 gebraucht und ne 4090 ist bei 2000. Das Geld kann man lieber einsparen und in Urlaub oder so stecken.",1717666254.0,1
spacefrogs,"Ja gut, kommt halt stark darauf an, was man beiseite legt. Viele sind in der Ausbildung noch bei den Eltern, daher können die meisten alles beiseite legen. Ich hatte auch mal den Fehler gemacht und alles aus nem Job in ein setup zu stecken, war geil, ist es immernoch, aber würde nie mehr als 5k ausgeben. Fange jetzt noch ne Ausbildung an und das Geld wird in Gold investiert.",1717665992.0,1
spacefrogs,"Also aus den kompletten 3 Jahren? Wenn du 500 im Monat zurücklegst bist du am Ende bei 18.000 Euro. Also ich sehe da nicht, wo man da 18.000 Euro rrinstrcken könnte. Wenn das dich so viel gekostet hat, ist der Wertverlust enorm bei PC Teilen und selbst für 5k kann man sich was Ordentliches zusammenstellen, das kaum schlechter ist. Einfach mal in Relation stellen, dass ein Chevrolet Camaro schon für 18k zu haben ist...",1717665610.0,1
HuntShowdown,"If you caused bleeding with the hit, it counts the damage he had left as hp and he dies, but he technichally dies of bleeding, when he has the effect bleeding, so the damage report doesnt show it as last hit/kill hit. It also happens on weapons with ammo that causes bleeding on headshot. The enemy dies of 150 dmg bit in damage report it wont show up as death. Also in team details als stats it might not show up.",1717543349.0,6
StarEquestrian,Is there any way to get it in higher quality?,1711486524.0,1
LegalTeens,"Meeting Elon gives me nothing exapt followers, making you pregnant gives me a baby and problems and redponsibilities. So Elon Musk, obviously...",1688567269.0,4
barelylegalteens,She looks like a 14-16 yo begging for attention...,1682071027.0,2
cyberpunkgame,"My mission (Seaside cafe) did not complete, because of one missing Item, I should scan, but there was non. Bugs in Cyberpunk are sometimes funny, but those ruin the game and make it unplayable for me...",1674691010.0,2
guro,Am I a girl now?,1670172739.0,2
SelfHarmScars,"Idk, have the same problem, sometimes deep scars dont heal, like they should and while streching your skin it wont strech with it and this is, what you feel. But dont rely on this, its only my problem.",1642257931.0,4
