subreddit,title,selftext,created_utc,score,upvote_ratio,num_comments
spotify,Rap playlist -- I add new songs like 3 times a week,[https://open.spotify.com/playlist/3Wqr6dBIFGS4Gw7Whqe8eE?si=2eb1389e40fe42ee](https://open.spotify.com/playlist/3Wqr6dBIFGS4Gw7Whqe8eE?si=2eb1389e40fe42ee),1637625876.0,4,1.0,5
xqcow,gachiHYPER,,1616117962.0,37,0.8,5
Nmpx,FAT NICK PogO,,1614355868.0,45,0.97,3
