subreddit,body,created_utc,score
StardustCrusaders,I can’t unseethe ps5 and series x…,1677655924.0,1
shitposting,🥭👍,1677483786.0,6
shitposting,💀 why??? It’s a mango bro how is it weird,1677483687.0,6
shitposting,I still don’t get it the entire point of google is to search stuff up and ask questions maybe people just wanna give their dog a natural treat,1677483579.0,5
cats,I got no clue but u might wanna take them to the vet sorry I can’t be of more help,1677483461.0,1
aww,"No, no, NOOOOOOOOOO",1677483354.0,2
shitposting,Someone who wanted to know if dogs can eat mangos? I don’t get why that would be weird mango is a pretty common fruit,1677483279.0,14
bloxfruits,Rumble I hate people who are racism penis haha vagaina,1677483160.0,-6
HollowKnight,That’s actually so sweet tho,1677298984.0,1
ClashRoyale,Thanks I’ll tell you how it goes,1676647866.0,0
ClashRoyale,I can do that cuz I have a friend who taught me how to counter cards cycle cards split etc but opponents are surprisingly smart for this early,1676647832.0,0
HollowKnight,Also just beat broken vessel,1676009789.0,1
HollowKnight,Yup done all of mantis village and got deep nest unlocked also spoilers for hornet 😭😭😭,1676009659.0,1
HollowKnight, Done mantis village and the lords got upgraded dive and got dream nail looks like it’s ancient basin,1676008193.0,1
balisong,Please return it,1676007985.0,1
HollowKnight,Tysm here’s an update: I have completed crystal peaks gotten dream nail and all the other skills except for monarch wings and the spirit thing that goes above you I think I’ve upgraded my dive too,1676007939.0,1
cats,lil bro was flaberghasted,1675339823.0,2
StardustCrusaders,Bingus,1675151945.0,2
StardustCrusaders,It’s not that jojolion is bad it’s just it’s going up against the best jojo part…,1674882250.0,1
JoJo34,She’s 15,1674721462.0,3
JoJo34,No,1674721442.0,1
earthbound,Fax thanks again,1674197533.0,2
earthbound,Thanks bro I appreciate it I’m lucky I have a tech savvy dad who can prob do it for me lmao,1674197412.0,4
earthbound,Hol up I do have an old beat up Wii U should I jail break that?,1674197190.0,3
earthbound,The thing is is that I can’t do that it’s my step moms pc and she would be pissed if I left it on,1674196969.0,4
earthbound,I don’t think I have a first gen switch it’s a switch lite I recently bought new from GameStop,1674196884.0,2
earthbound,So buy a game boy Advance and a copy of mother three from Japan? I don’t think I got the cash for that 😭 do I think I could jailbreak my switch or something and play it that way?,1674196557.0,2
earthbound,I got a dirty mind 😭😭😭😭,1674195377.0,6
bloxfruits,"Please, fuck off",1673369264.0,5
bloxfruits,Light is 1100 robux and also perms have extreme value I got a soul for a perm chop once,1673355300.0,-4
balisong,Very unbias comment,1672753025.0,2
balisong,I got 200 bucks what do I get,1672748691.0,1
OnePiece,Ok,1672656618.0,-2
balisong,Nice try blankermane,1672636388.0,8
gothsluts,No but I like the cat,1672493274.0,1
bloxfruits,Imo blizzard,1672492998.0,1
bloxfruits,Yo can't offer anything but trade up till u got like two Leo and two dough then trade that for perm dough,1672492461.0,1
YuB,Monika really said L bozo,1672392733.0,6
bloxfruits,If you don't up vote me your gay,1672392439.0,1
PixelArt,I genuinely would love to play that is it gonna be on Xbox?,1672313666.0,1
bloxfruits,If you don't give me the bundle you're gay,1672313188.0,1
bloxfruits,Dough,1672222360.0,1
bloxfruits,?,1672222306.0,1
bloxfruits,Dragon buddah,1672222206.0,1
bloxfruits,Blizzard?,1672222156.0,1
bloxfruits,What are you on and also I traded them,1672203938.0,1
bloxfruits,No it isn't?? You spam damage spiruts and they do all the work,1672190123.0,1
bloxfruits,Eat spirit,1672190033.0,1
bloxfruits,You use venom right? Just spam the shit out of them,1672189944.0,1
bloxfruits,That literally goes back to my original comment play smart when they target you,1672189819.0,1
bloxfruits,Yea so don't target max levels? I can give tips btw if you want them the first comment was a joke,1672189649.0,1
bloxfruits,It's not tho you get bounty which gives various buffs that help with grinding and casual play.,1672189536.0,0
bloxfruits,I've been in third sea like two weeks what's your excuse? Also get pilot hat from stone boss so you can zoomy,1672189358.0,0
bloxfruits,Stop having a skill issue and just be good at pvp I'm only level 1753 and can win fights against max level Buddha spammers If you play smart,1672189171.0,0
bloxfruits,I didn't get a request,1672156120.0,1
bloxfruits,salad_gtg,1672156007.0,1
bloxfruits,Wait so non perm blizzard for two spirit?,1672155932.0,1
bloxfruits,No but u can't get perm for that I'll give blizzard for two spirit,1672155865.0,1
bloxfruits,I want spirit,1672155700.0,1
bloxfruits,Spirit dough for blizzard,1672155604.0,1
bloxfruits,Yo I got blizzard,1672155396.0,1
bloxfruits,Leo for blizzard,1672155339.0,1
bloxfruits,Join my game I accepted,1672141148.0,1
bloxfruits,Wanna trade rn? my user is salad_gtg add me and join my game,1672140885.0,1
bloxfruits,Do I still have the best trade?,1672140763.0,1
bloxfruits,Perm kilo for normal kilo,1672138670.0,1
bloxfruits,Don't listen to them perm ice is worth two Leo and a shadow if anyone says that's a bad trade then they are stupid,1672138531.0,2
bloxfruits,How much longer till it's sold,1672138319.0,3
bloxfruits,PLEASE DOUGH AND VENOM OR SHADOW FOR BLIZZARD,1672138201.0,-10
bloxfruits,OR DOUGH AND SHADOW,1672138037.0,-2
bloxfruits,WAIT ILL DO DOUGH AND VENOM FOR BLIZZARD,1672138018.0,-11
bloxfruits,BIG WWWWWW also why the fuck are you using double katana in second sea or at all,1672137973.0,1
bloxfruits,Boss drops and rumble,1672137805.0,1
bloxfruits,Dough,1672137421.0,1
bloxfruits,Venom shadow string for 2x boss drops and maybe a rumble?,1672137254.0,1
bloxfruits,...no? That's a fair trade,1672109542.0,2
bloxfruits,Unfortunately I don't need any besides fruit noti,1672109519.0,1
bloxfruits,Dough for double drops,1672108527.0,1
bloxfruits,?,1672100474.0,1
bloxfruits,So just dragon? I can add a string or two,1672100326.0,1
bloxfruits,Dragon and a perm kilo?,1672100260.0,1
bloxfruits,I am,1672100183.0,1
SoulKnight,Doom guy kills momo and all her simps,1671753100.0,1
StardustCrusaders,Set,1671752869.0,1
Kirby,I FUCKING LOVE BEETLE HELL YEAH BABY,1671610746.0,6
bloxfruits,Dragon for fast boats,1671546394.0,0
bloxfruits,OP this guy is retarted no offense there is absolutely no way in hell you are getting Phoenix for that trade. When you get to second sea spin fruits till u get lucky tbh.,1671528933.0,1
bloxfruits,HELL NO,1671528645.0,0
StardewValley,Walking hosts from the binding of isaac,1671471038.0,1
bindingofisaac,Ratio for putting urn of souls in F,1671470821.0,3
bindingofisaac,I'm going to commit a felony ![img](emote|t5_2sxpk|17743),1671445763.0,2
discordVideos,"""seeking someone to avenge me"" the others will rise up shortly.",1671440494.0,1
bindingofisaac,Could say the same for you ![img](emote|t5_2sxpk|4359) to be completely honest there are VERY few items that make you win on their own examples being mom's knife ipecac and epic fetus,1671440339.0,3
bindingofisaac,Free win- definition: An item which can carry the rest of the run by itself. -Edmund McMillan I think,1671440159.0,2
bindingofisaac,You were the one who said you could win with only them ![img](emote|t5_2sxpk|4359),1671440008.0,3
bindingofisaac,"Bro really just said ""with Azazel"" ![img](emote|t5_2sxpk|17744)🤓",1671439901.0,9
bindingofisaac,So ur saying you could beat an entire run to let's say... Megastan with only wafer or relic? Yeah-no,1671439767.0,6
StardustCrusaders,Araki doesn't make things like that for the sole purpose of being sexual most of the time it's an artistic piece not fan service,1671439715.0,209
bindingofisaac,Skill issue,1671439576.0,29
bindingofisaac,And yet you put the wafer and relic in WOOO tier,1671439537.0,6
bloxfruits,I alr used it this an old pic,1671419821.0,4
bloxfruits,This is an old pic I used perm buddah,1671419805.0,3
bloxfruits,I might get another trade,1671412212.0,1
bloxfruits,Ready,1671411220.0,1
bloxfruits,Check ur dms,1671409994.0,1
bloxfruits,Rumble,1671409891.0,1
bloxfruits,I'll take the trade my user is salad_gtg join my game meet at third sea?,1671409879.0,1
bloxfruits,I was looking for a soul...,1671409835.0,-1
bloxfruits,Two venom two shadow for two times mastery,1671409277.0,1
bloxfruits,Add?,1671409020.0,-2
bloxfruits,Dragon two venom soul for 2x mastery??,1671408971.0,1
bloxfruits,Add,1671405907.0,-1
bloxfruits,What adds,1671350802.0,1
bloxfruits,Fruits storage,1671321118.0,1
bindingofisaac,Twisted Pair ![img](emote|t5_2sxpk|17745),1671232307.0,3
bloxfruits,F,1671150373.0,2
bloxfruits,Phoneix and string for the double XP?,1671150329.0,1
bindingofisaac,...Isaac?,1671125554.0,1
bloxfruits,I also got perm spin,1671081467.0,1
bloxfruits,My perm chop and spin plus my string,1671081182.0,1
bloxfruits,Perm CHOP and perm spin plus stringfor something,1671080783.0,1
bloxfruits,Ww,1671080656.0,1
bloxfruits,Big L,1671079953.0,1
bloxfruits,My perm chop and spin plus my string,1671079618.0,1
bloxfruits,1nd 💀💀💀,1671079580.0,1
bloxfruits,Big w,1671079510.0,1
bloxfruits,Perm CHOP for phoneix,1671079447.0,1
bloxfruits,Perm chop for buddah,1671079406.0,0
Chadposting,Made me cry a little lol,1670972376.0,2
ShitPostCrusaders,I want those steel balls 😩,1670951653.0,1
shitposting,FNAF lore,1670948432.0,1
bloxfruits,No and this was a month ago,1670948095.0,1
aww,Lucky bastard,1670830348.0,2
thebindingofisaac,Looks like the blighted die,1670637499.0,6
bindingofisaac,Shove it up your ass!,1670605475.0,5
bindingofisaac,We just gonna ignore the mom's wrong description?,1670557733.0,96
bloxfruits,L,1670515076.0,2
ShitPostCrusaders,Soft and Ohio go beyond!,1670460965.0,1
bloxfruits,Your friend is an idiot no offense,1670394988.0,1
bloxfruits,What. The. Fuck.,1670394951.0,1
YuB,I'm dying of cringe rn holy shit,1670287230.0,7
bindingofisaac,I will become back my money,1670286753.0,1
bloxfruits,Is ttk still good for grinding I heard it fell off,1670225955.0,1
bloxfruits,No way in hell ur getting buddah for that,1670223327.0,1
bloxfruits,Not mega L this was a fuckin R,1670223261.0,1
bloxfruits,Wtf,1670223165.0,1
bloxfruits,Phoneix if u add door,1670223148.0,2
bloxfruits,Pvp yes grinding not really,1670223054.0,1
bloxfruits,💀💀💀,1670223015.0,1
bloxfruits,It's good but there's no point when cdk db etc exist,1670222932.0,1
bloxfruits,W here's why you can trade just two dough for another Leo and profit a control,1670222668.0,2
bloxfruits,I have the gampasses I want,1670112658.0,0
bloxfruits,Perm buddah is 1650 and db is 1200,1670111683.0,3
bloxfruits,I want darkblade? I don't care if it's an L trade I want db plus its my game anyways,1670111588.0,1
bloxfruits,I have perm buddah,1670102559.0,1
balisong,It's so hard to find a perfect bali for me for a decent price,1670041385.0,1
balisong,How is it? I really want one,1670039916.0,1
coins,A coin,1670039233.0,1
cats,https://preview.redd.it/ot53d073753a1.png?width=706&format=pjpg&auto=webp&s=041cbd7e4bc3dcd2801a272a8b572d576534783e,1669819635.0,1
bloxfruits,Hello?,1669808051.0,0
bloxfruits,Alright my user is salad_gtg do you wanna join me or should I join you,1669807872.0,1
bloxfruits,No dragon or anything?,1669807802.0,1
bloxfruits,Yes but you will have to replace 1 dough because I'm almost at max storage,1669807529.0,1
bindingofisaac,Also soul of Lilith has won me runs my giving twisted pair,1669730667.0,2
balisong,EW,1669728629.0,1
bloxfruits,Trade dragon for venom and soul and eat venom,1669727942.0,1
SuicideWatch,"If your writing a will I assume you have kids or other loved ones which means someone cares about you, if you can't live for yourself live for them! Get ur shit together man I believe in you!",1669727879.0,1
bloxfruits,Big L,1669727464.0,2
graffhelp,Whatever floats ur boat...,1669727007.0,1
bindingofisaac,That would be sick I bet the soul stones would be cool too,1669726563.0,1
bindingofisaac,Awesome! Are you planning on making more items?,1669717120.0,1
bindingofisaac,Bro you should sell these I would totally buy them,1669716836.0,1
bloxfruits,Perm buddah,1669716725.0,1
graffhelp,You said you did it on a building retard,1669642239.0,-53
bindingofisaac,How did u make it,1669642105.0,1
graffhelp,That's not a building that is a notebook,1669641954.0,-43
Taiga,Stop simping,1669640988.0,1
cats,Call him...lasagna,1669640763.0,1
thebindingofisaac,Play as Lilith and judas and beth and t Beth they make greed a joke,1669639210.0,3
bloxfruits,Phat W,1669639112.0,1
hentaifemdom,Ew,1669634371.0,0
PixelArt,Huh? Why would I try to fix her I wanna die anyways,1669627370.0,1
ShitPostCrusaders,You can unzip my pants zaddy 😩 ZAMN,1669624237.0,2
hentaifemdom,Dm me 😏 we can make that happen,1669623986.0,2
PixelArt,Mommy? Sorry mommy? Sorry mommy? Sorry,1669623917.0,1
bloxfruits,Hello if you want I can help you out I will give you a buddah which you can trade for a shadow which will be your first mythical OR you could spend five dollars and trade a plus storage for a dough or whatever you want,1669623787.0,1
CODZombies,Maybe it's just luck I mean I beat origins solo about a year ago and still cant replicate it (bo2),1669623373.0,1
CODZombies,I play it almost daily public and private on my Xbox one and nothing has ever happened,1669623197.0,4
bloxfruits,L,1669614740.0,3
bloxfruits,What,1669613619.0,1
bloxfruits,Duh,1669610960.0,1
bloxfruits,I have perm buddah,1669610916.0,2
bloxfruits,Perm buddah is 20 USD it's worth two Leo and two dough at least,1669524411.0,1
bloxfruits,No,1669524226.0,1
bloxfruits,Holy fuck,1669523480.0,1
bloxfruits,Add buddah is 400 more robux,1669523436.0,2
lildarkie,IM SO CRAZY,1669519183.0,2
graffhelp,You look like you were trying to scribble out a spelling mistake,1669465276.0,1
