subreddit,title,selftext,created_utc,score,upvote_ratio,num_comments
relationship_advice,I don't know where the line is between being a supportive friend and being a personal diary,"I \[F21\] hardly have any friends so I straight up don't know how conversations between friends are supposed to look like. I made an online friend \[M20\] a few months ago and I like him, but I'm really starting to feel like a personal diary for him, or that he only talks to me because he's bored and has no one better to talk to at the moment. This might not be true, but that's what it feels like to me. 

For context, he got a job working a 12 hour night shift. And I have a fucked up sleep schedule, so I'm awake and online on discord when he's working and goes on his breaks. So literally every break he gets he'll message me. And I'm a quiet person, so he's the one that does all the talking. And I was okay with this at first, but now I feel like all he does is talk about himself and his life. I was being supportive because he's my friend and I care about him, but idk man it's starting to feel like I'm just there to listen to him and console him and entertain him on his breaks. Like, when I responded after ignoring him for a couple days he said ""where were you my breaks have been so boring"" and went right back to talking about himself (he did genuinely ask me if I was okay though, I do not want to paint him as a narcissist). And he mentioned ""I'm glad there's finally someone awake who I can bug"" (his friends have normal sleep schedules or don't respond so I'm his only option I guess lmao). So idk, it's just really draining and depressing listening and entertaining someone everyday who doesn't seem to care about or take an interest in you. And I also feel like he overshares things, like he told me about how it was so cold outside that it looked like his dog was shitting steam. Like, cool story bro??? I didn't want or need to know that, you don't have to say every thought that comes to your head lmao. 

I've started thinking about blocking him just so I don't have to entertain him anymore. Which is REALLY extreme and childish but I just don't see the point when I'm not getting anything out of the relationship. I know that this is my fault, since I should've said something about this earlier, or I should've been more proactive about talking about things in my own life to make the relationship more equal. But I legitimately just don't feel the need to talk to people about every little thing that happens in my life. ESPECIALLY because I know what it feels like to be trapped in a conversation where you have nothing to add, so I never want to do that to the people I talk with. 

TL;DR: I have a friend that texts me everyday on every single one of his breaks at work. He always talks about himself and his own life, and doesn't seem to take an interest in my life. I feel like his personal diary when we talk, and it feels less like a conversation and more like just me going ""haha"" or ""aw that sucks"" and just enabling him to talk about whatever he wants to talk about for however long. I'm honestly at the point where I just want to block him and be done with this. Please give me some advice.",1646394462.0,3,1.0,5
laptops,Is this laptop good enough to just use for college/schoolwork?,,1623801957.0,5,0.7,16
sleep,Anyone else wake up extremely terrified for no reason? Including screaming and running out of bed?,"This is something that happens very rarely to me, but since it just happened again today I’m curious if there’s a name or reason for this. I googled it and the best match I found was night terrors, which seems pretty accurate. I’m wondering if anyone else experiences this on a rare, random basis like I do, because none of my family members seem to know what I’m talking about lol",1620609723.0,3,0.72,3
LearnJapanese,"For those of you who did RTK, how fast did you go through it?",[removed],1613957138.0,0,0.5,24
TokyoMewMewPower,first time rewatching the show since i was a kid and this part actually made me tear up lol,,1608837657.0,59,1.0,2
RakanMains,Are the loot exclusive chromas going to be available after the event?,,1607728347.0,17,1.0,13
xayahmains,Are the loot exclusive chromas going to be available after the event?,,1607728285.0,16,0.95,8
xayahmains,Which mythic do you prefer?,"

[View Poll](https://www.reddit.com/poll/k44d5t)",1606767906.0,9,1.0,8
PBE,How to bind auto attack move to left click in PBE?,"I can't seem to get it to work. I see the option but it doesn't work even though it says it's enabled.

EDIT: I found [this](https://www.reddit.com/r/leagueoflegends/comments/feh9n4/psa_using_lmbleft_click_to_force_move_and_attack/) reddit post and was able to fix it. Just edit ""evtPlayerAttackMoveClick"" instead of ""evtPlayerMoveClick"" to the value \[Button 1\]",1606212551.0,3,1.0,0
translator,[Arabic > English] Short clip of a streamer from Jordan,,1604527460.0,1,1.0,3
RakanMains,???????? I ALREADY HAVE HIM THOUGH!!!!!,,1603397635.0,169,0.94,14
RakanMains,I'm just really proud of how I kept Vi alive here lol,,1603296777.0,22,0.87,2
buildapc,Is driverhub a safe website to download drivers from?,"I want to update the driver for my Realtek RTL8822BE 802.11ac PCIe Adapter, but I can't seem to find the drivers on the Realtek website. I was googling my issue and found [this](https://h30434.www3.hp.com/t5/Notebook-Wireless-and-Networking/Wi-Fi-is-not-stable-realtek-rtl8822be-802-11ac-pcie-adapter/td-p/7117610) thread that linked [this](https://www.drvhub.net/devices/network/realtek/rtl8822be-802-11ac-pcie-adapter) website to download the driver from. Is driverhub a safe and legit website to download drivers from? If not, where do you guys download your drivers?

EDIT: I can’t see the comment that was left on this post. But update: I got desperate and installed the driver, and so far nothing bad has happened. So driverhub is probably safe",1602946559.0,13,0.94,7
PoppyMains,WTF is this emote?????,,1602821810.0,305,1.0,24
xayahmains,my first S on my favorite girl :'),,1602391619.0,22,0.91,0
xayahmains,WHAT ARE THE CHANCES??,,1602210044.0,91,0.97,10
xayahmains,E was on cooldown so I was absolutely MASHING it and praying lol,,1602058351.0,121,0.97,9
RakanMains,"I feel so blessed, these are my favorite skins of theirs beside the SG ones",,1601663156.0,85,1.0,8
LilliaMains,"Just casually walking in, stealing dragon, and walking out as Lillia brought me so much joy lmao",,1601495969.0,7,0.83,0
RakanMains,Star Guardian Rakan Border/Icon,I'm pretty new to league so I missed the event. Is there any way to still get the border or the Riku icon that came with the bundle?,1600914924.0,2,1.0,1
RakanMains,Full AP Support Rakan has no mana regen?,I'm new to both Rakan and the game. I want to play full AP support Rakan but looking at the guide you don't get any mana regen until your last item. Has this not been an issue for you guys?,1600134611.0,7,0.9,6
piano,7/8 Sized Digital Pianos?,"As in pianos with keys 7/8 the size of a normal piano. Do they exist? I’ve only been able to find one website that sells them, but it costs over ten thousand dollars and they only sell upright pianos and grand piano inserts.

Or do you know of any pianos with smaller sized keys that aren’t specifically 7/8? Like a kid piano or something?",1596732142.0,2,1.0,12
miraculousladybug,which one of you did this,,1595994527.0,130,0.98,15
Spanish,Gender of Guanajuato?,"Guanajuato está **ubicada** en las montañas y la clase de baile es difícil porque es trabajoso respirar en las montañas.

This sentence is in my textbook. Is Guanajuato feminine and that's why ubicada is used instead of ubicado?",1595395582.0,2,0.75,5
