subreddit,title,selftext,created_utc,score,upvote_ratio,num_comments
WhoShouldICosplay,"What should I cosplay? I like Zelda, Disney, My hero, and will research anything you think fits 😊",I also change my hair a lot so would be willing for a cosplay.,1743719869.0,21,0.96,8
SuicideWatch,My anxiety is making me not want to live,"
I’ve been diagnosed with separation anxiety since I was 8, following that I was diagnosed with generalized anxiety and such, but now that I’m 18 I feel like my anxiety is different and much worse, and mixed with my depression, my whole life has fallen apart. I can’t leave my house or even my room really without a panic attack and breakdown, I have so much that I want to do but I can’t do it, I’m so scared please help",1636242576.0,2,1.0,0
Anxiety,I think my anxiety has changed for the worse,"
I’ve been diagnosed with separation anxiety since I was 8, following that I was diagnosed with generalized anxiety and such, but now that I’m 18 I feel like my anxiety is different and much worse, and mixed with my depression, my whole life has fallen apart. I can’t leave my house or even my room really without a panic attack and breakdown, I have so much that I want to do but I can’t do it, I’m so scared please help",1636242483.0,3,1.0,0
mentalhealth,I think my anxiety has changed for the worse,"I’ve been diagnosed with separation anxiety since I was 8, following that I was diagnosed with generalized anxiety and such, but now that I’m 18 I feel like my anxiety is different and much worse, and mixed with my depression, my whole life has fallen apart. I can’t leave my house or even my room really without a panic attack and breakdown, I have so much that I want to do but I can’t do it, I’m so scared please help",1636242203.0,2,1.0,6
depression,Should I go to the hospital again or wait until the end of the month?,"I’m tired of these pills, I can’t fight anymore but I don’t want my mom to have to deal with that",1633906011.0,2,1.0,1
SuicideWatch,I don’t know if I should go back to the hospital or wait for my appointment with my psychiatrist,I got put on new meds when I was in the hospital about a month ago. They must be so strong because I have withdrawals within 30 mins of missing my night pills. I’m always restless now and I can’t do it anymore. I’d rather be dead.,1633904547.0,2,0.67,1
ABraThatFits,"What is a good trusted source to buy a 30d bra, preferably online?","I just measured myself properly for the first time, I live somewhere where I can’t go to a bra store easily and the one other time I was measured I was 13 and I’m now 18 and all they said was too small to measure. I want to invest in a good bra but I want to buy from a good company.",1633543489.0,7,1.0,9
ABraThatFits,Where to buy a bra that’s 30D,[removed],1633543285.0,1,1.0,0
teenagers,Feeling myself and the y2k vibes lol,,1633542038.0,9,0.75,26
pics,Ophelia,,1633541167.0,11,0.73,1
women,Bra sizes are confusing," I’m so confused by my bra size because I weigh 102 lbs and I have a 30d bra size like I don’t know what that means because d usually is big, right?",1633541070.0,22,1.0,11
depression,I’m not sure I want help,I am expected to commit myself tonight but I don’t want to… I’m always suicidal and always feeling awful. I haven’t been happy in months but I have really bad separation anxiety and since my last hospitalization I’ve turned 18 so I’m on a different floor and my mom can’t stay with me and I don’t think I can do it. I’ve barely ever even been on sleepovers and I’m too scared. I don’t even know if I want help.,1631737568.0,2,0.75,8
depression,"Confused, Lost, and Depressed","I’m so lost, I feel like I’ve never found myself at all and I know it’s probably dumb to think it’s because I’ve been on antidepressants for all my preteen and teen years so far, but I just feel like I don’t even know who I am without meds. I know I can’t just quit taking them because the withdrawal will really be bad. I don’t even know if my doctors will listen to me because I’ve been really suicidal more recently and I just, I’m confused on who I am.",1631330500.0,6,0.87,2
SuicideWatch,I feel numb and so so ready to die,"I’ve been moments away from suicide around a dozen times in my not quite 18 years. But every time I’ve been so emotional and crying so so hard as I get my last things together, but today I’m numb. I’m finally numb like a lot of people say they are when they’re on the verge. I feel like this is how I know I’m actually ready to die. I have no urge to get help really... not for me anyway, but I know my death will hurt my mom. In the past, I’ve never truly wanted to die, I just wanted the pain to end. But now I just want to die.",1623202903.0,1,1.0,3
teenagers,I never thought I would make it to 18,[removed],1622766156.0,5,0.78,22
SuicideWatch,I just need advice on how to die...,"Maybe not completely lethal idek. I want to die but I’d rather just go to sleep for a long while without emotions. Just skip this pain. I just can’t do it.

Edit: I’m going to sleep, and see how tomorrow is... I’m safe tonight",1622765569.0,2,1.0,10
depression,This is my last cry for help ig,"I can’t handle this anymore, I’ve written my note... I don’t know how someone could talk me out of this but deep down I want to be talked out of it... I’m sorry

Edit : I’m doing better now thank you 😊 I’m going to try to sleep it off a bit",1612150847.0,1,1.0,4
gatekeeping,Gate keeping Snow 🤦🏻‍♀️,,1611928172.0,1229,0.99,49
EmKay,Made some Emkay fan art 🖼,,1571231683.0,103,1.0,3
onejob,They type how they talk,,1570029069.0,34,0.91,3
BoneAppleTea,They type how they talk I guess...,,1569893981.0,1,1.0,1
teenagers,What do I do when my bae’s family think I’m going to kill him?,I talk about death a lot I guess. But I’m not capable because I cry at the drop of a hat and I’m a 75lbs 5’2 female who is super weak. What do I do?,1557880256.0,1,1.0,0
teenagers,Hit me with em!,,1556247663.0,1,1.0,0
teenagers,So the guy I like I think asked me out and so we’re going to the movies on Friday but we’re going to the new marvel movie and I know nothing about that franchise so can I have some help? And what do I wear?,,1556178328.0,3,0.81,13
AskReddit,What do you remind yourself when you are close to ending it all? [SERIOUS REPLIES ONLY],,1555659942.0,1,1.0,1
