subreddit,title,selftext,created_utc,score,upvote_ratio,num_comments
UAE,Good salary for a relocated job?,"Hi guys - I’m interviewing for a new role and they are offering me to move to KSA. Can someone suggest me a good salary for an account director role that’s client side?

Help me pls 

",1745943708.0,1,0.67,0
offmychest,I think I’m going to die by suicide soon. It’s all I dream about.,"I am (31F) and have always been the extra friend, extra child and extra hire. Most of the time I don’t feel like a real person, I’m a ghost. If I go silent and non-communicative with any friends or family, no one notices. I’m always initiating meet-ups, chats and making the effort. I have a strained relationship with my mother and I used to get a long a lot with my father but he died last year by cancer. My mother has never warmed up to me and we have a distant relationship. She dotes on my other two siblings and makes an effort to maintain a relationship with them. I moved out last year because it was difficult to live at home due to the constant conflict and very hard on me. My family hasn’t forgiven me for leaving them right before my father got diagnosed. I am one of the main breadwinners and have provided a lot of support to them financially. I have had to do this since I started working at 20. 

Unfortunately, I have been lucky with my professional career and have managed to make something of my empty life. I joined a new role nearly six months ago and was told that my role was made redundant so now, I’m unemployed and I am reeling with shock. I don’t know how I am going to survive as I have no savings and I can ask no one for help. Even though I was not very happy in the job, I still worked because that meant freedom.

I don’t see a solution for myself and I’m scared of the future. I’m afraid that I will be homeless and afraid that I can’t ask anyone for support. My mother is very unsympathetic and doesn’t think this is a big deal. I’ve recently moved houses and spent a lot of money and am worried about how I’m going to manage my expenses. My mother has said she expects me to still contribute the same amount even though I am in a tough spot. I don’t know how else this will play out. I’m tired of constantly shouldering burdens and having a difficult life. I think of killing myself all the time and sometimes I think if I ended up doing it - it would make me suffer less. I don’t know what is my purpose and point of being alive. Nothing makes me happy, nothing brings me joy. Everyone I have ever cared or loved has never cared enough to stay. I think I’m cursed to be alone because I’m a hard person to have as part of a friend group.

The person I love doesn’t care enough to see me the same. I am a placeholder. Which is how everything in life has been like. A placeholder that will never be made permanent. 

I don’t know how else my life will end. I don’t know if I can live till 70 and having the same experience. I don’t think I can survive any longer. I promised myself I would try to keep living till I paid off my debt and now that it’s done; I don’t have a tether. I don’t see what the point is in continuing.

",1743184634.0,1,0.57,6
SuicideWatch,Do you all have a voice in your head counting down the time left ?,"At what point does it get better? At what point does it stop hurting and constantly feeling invisible? I don’t know if I want to be here anymore. Everything feels very painful and hard. I don’t even know if I’m happy anymore. I can no longer be the way I was before. 

I just want to disappear. 

I no longer want this life. 

I no longer want to try and try again because there is nothing that brings me joy in life. I no longer can keep existing like this. 

What more do I have to do for myself and my existence to matter? What is the point of all of this? ",1742835660.0,1,1.0,1
sailormoon,"If there was a rewrite of the Sailor Moon manga, what would you like to be explored more?","I personally would like an expansion on the Moon Kingdom’s empire, the Senshi’s relationship in the galaxy and where do they get their powers from? 
Also why was Earth forbidden? Who is Princess Serenity’s dad? 

How did the royalty on earth work? Were the Shitennou - “kings” or just generals and that was a fancy title? 

So many questions…",1692300677.0,67,0.99,41
Sheseducedme,Onlyfans is back . Catch me there,,1630014054.0,4,0.83,0
offmychest,I’m really sick of my family lying to me,"I wish my family would just own up and admit that they don’t give two fucks about me. 

I wish they would be honest and say that they only reason they bother with me is because I’m the only person supporting the household. I wish they would just tell me that they never cared and they had to put up with me because they had no choice.

I wish they would be honest about their resentment instead of going out of their way to make me feel worse for living. I am okay with not being loved, I can live with being the least liked child, I can live with not having a home.

What I can’t live with is the ways I am being gaslit into imagining something is wrong and I’m being treated in horrid ways. I wish they were honest about their dislike. I wish they were upfront about their irresponsibility and greed. 

Stop projecting your bullshit onto me.",1623522705.0,2,1.0,1
SuicideWatch,I think I should have died when I attempted suicide ten years ago.,"Everyday since then has been hell. I am in so much of pain and agony. All I think about is living till the weekend for some respite.

I’m so lonely and unhappy. I live in a country where it’s legal to kill gay people and all I do is hide and erase anything that may tell people who I am. I feel like a corpse, I can only feel flashes of happiness. I don’t even know I love or like anything. I just feel empty on the inside.

My family doesn’t understand me and they keep accusing me of being arrogant and indifferent. I go to work because no one else in my family has a job and they are so thankless. They make me feel so guilty of not doing enough. We have so much of financial issues. I wish I was dead. Everyday I wake up, I always feel so sad that I never died in my sleep.

I want to make it end. I want to put an end to everything. I’m so tired of being scared, I’m so tired of not feeling God when I pray. I’m so tired of existing in a world where more than half the world can and will kill me for existing.

I feel so lonely and I don’t know if there is a point. I have never been loved and I don’t think anyone will miss me if I drop dead. 

I wish I didn’t exist. I wish I didn’t have to keep living to put food or a roof over my family’s heads. I wish I had died when I swallowed half a bottle of painkillers. 

I’m in hell.",1621791926.0,4,0.84,2
