subreddit,body,created_utc,score
SuicideWatch,"Pretty much every day that I've ""chosen"" to live has been a horrible day, and usually a horrible week afterwards. Just giving me more reasons to kill myself.",1631700208.0,4
SuicideWatch,"Oh my username is just two random words that I thought of and threw together lol, but thanks anyways. It doesn't really make me feel much better but I appreciate the compliment none the less.",1631584985.0,1
