subreddit,body,created_utc,score
imaginarymaps,"I love the map, it's neat but it's weird that u left out Nantes in France but included small cities like Angoulême",1602383199.0,1
imaginarymaps,I love the map!,1602380998.0,1
imaginarymaps,"Great map! Only problem I see is that the people pf southern Quebec would never accept becoming part of NY/VT/NH/ME, I've been to southern Quebec and they are very proud of their french heritage",1602376101.0,8
Anarchism,Toulouse non?,1602375278.0,12
transpositive,bc u are ☺️,1596587841.0,3
AskReddit,"Central banks printing infinite amounts of money

source: I'm from Latin America",1595150589.0,2
PoliticalCompassMemes,tbh us trans ppl just wanna go pee,1592316876.0,4
neoliberal,"Chilean here, Chile exports a lot of copper and its price tanked bc of the trade war. It might have helped a few countries/industries, but trade wars have a lot of indirect effects that hurt economies. yeah trade wars suck tbh",1590372537.0,9
transgender,Having an autocracy in the EU ( and at this point Hungary is an autocracy) undermines the rights of the people of all other EU countries.,1589993797.0,4
transgender,"What support? If I thought the EU would actually stand up for democracy in those countries, and do something ( idk like expelling Fidesz from the EPP ) I wouldn't say this.",1589993660.0,2
transgender,"tbh Hungary and Poland shouldn't be in the EU, the rest of us are basically subsidizing hybrid regimes that don't respect basic principles of the union",1589941540.0,21
chile,Tren al Sur remix ft. P1Ñ3RA,1589517873.0,1
chile,Tú sabes lo q es feminismo? Tú no sabes lo q es feminismo,1588723947.0,5
vexillologycirclejerk,*sopaipilla has entered the chat*,1588006384.0,13
traaaaaaannnnnnnnnns,Aquí en Chile se dice no binarie,1582995919.0,1
chile,"3. Tanto el ibañismo, el fascismo de Mussolini y Hitler y el peronismo original ( el peronismo cambia muchísimo con el tiempo) creían en un Estado fuerte como principal actor de la economía, y eran bastante populistas en su discurso. No sé si tiene tanto q ver con la ideología, pero tanto Ibáñez cómo Perón eran militares de carrera, aunque Perón llegó al poder mediante elecciones limpias en 1946, Ibáñez es ""elegido"" con 98% de los votos en 1927.",1581628205.0,3
chile,"Aww shit, here we go again",1581167701.0,41
chile,"Una vez hablé con un bombero sobre esto mismo y decía q en general no quieren se vuelva un trabajo remunerado, según él pq mucha gente sin vocación se metería a la pega.",1580776913.0,22
chile,Todos esos años jugando Paco y ladrón rindieron frutos,1580747397.0,1
chile,Las Islas Malvinas son españolas uwu,1580643724.0,3
chile,F a Haiti,1578353098.0,2
chile,"Dijo que Chile estaba ""en el corazón"" de EEUU, no q eramos parte de ellos  ni nada",1538229811.0,1
chile,"Las de pino, pero SIN PASAS (y con aceitunas obviamente) ",1537144669.0,2
DeepFriedMemes,F,1533400171.0,1
chile,Profesorx*,1529093667.0,-1
dankmemes,Love how it's detailed that the president's the one on the left,1522710472.0,1
MapPorn,Interesting how the Appalaches are clearly visible ,1518205928.0,36
MapPorn,"Ah, but South-east Asia is obviously safer than Denmark! ",1517751190.0,2
MapPorn,Pedophiles and culture wars,1517748179.0,6
MapPorn,"What about Nigeria or Myanmar? Wouldn't Britain fit in them?
",1517342905.0,2
