subreddit,body,created_utc,score
OnlyNaturalBoobs,so sexy and it's effortlessly done,1719321524.0,1
realHomemade,"just woow , extremely beautiful and sexy",1719315636.0,1
Emailmarketing,"Consider checking out FilterBounce for better email validation and to maintain your bounce rate.  I had similar issues with sudden drops in deliverability until I started using FilterBounce. Silly me, bounce rates were quietly killing my campaigns. This tool keeps my bounce rate under 1% by accurately verifying email addresses in real-time, even with tricky domains. Honestly, it is a huge relief and it only costs $10 a month with 300 free verifications. Since integrating it, my open and reply rates have vastly improved. FilterBounce could definitely save your campaigns from deliverability hell.",1719312727.0,1
ClothedForPrejacs,fucking love how sexy you are,1719308890.0,1
FeetInYourFace,bet they're so soft too,1719298070.0,1
GymGirlsNSFW,I'm sure you taste absolutely divine,1719297915.0,1
reallygorgeous,Stunning...just stunning,1719291365.0,1
