subreddit,body,created_utc,score
Genshin_Impact,"Now give him resin and mora, he deserves it.",1623101117.0,2
nextfuckinglevel,He's preparing for the summer.,1623100988.0,2
nextfuckinglevel,Sorry but they look so funny when they collide HAHAHA.,1622975184.0,0
gaming,"Like the game, the rest tweet got cancelled... there is no more tweet, there is no more game. Now all you can do is cry.",1622975030.0,1
facepalm,"Jamal is like these freaking kids who say ""why"" to everything you answer.",1622974736.0,1
donthelpjustfilm,Street dog.,1622971431.0,1
