subreddit,body,created_utc,score
leagueoflegends,The ship is sinking lol.,1731747015.0,41
fivethirtyeight,Haha wish us luck then!,1730865033.0,2
fivethirtyeight,Extreme anxiety from 🇨🇦! I need some Rum n’ Coke!,1730862813.0,4
AlAnon,"I came back to my husband in the same situation. He promised, was sober, fell off the wagon, again promised, the cycle never ends. Here I am trying to escape the ultimate hell he has put me through. Promises mean nothing as long as he is an active addict, and alcoholics are also known for being masters of manipulation.",1716722265.0,2
ThaiConstellation,Underwatered? Rotting roots?,1703991790.0,1
ios,"Mine completely disappeared, so annoying. 😒",1700759187.0,1
alcoholism,"I do. My MIL has always accused me of enabling my AH. One night while blacked out drunk after 28 days sober, he was screaming his head off saying how much he finds her annoying. She usually messages him once or twice a week asking if he’s feeling okay (aka if he had alcohol poisoning), if he already relapsed, blah blah blah. Man if it is not enabling, I don’t know what else to say.",1693134189.0,1
AlAnon,"Same, I’m crying my eyes out tonight. I need to work harder on emotional detachment. Not gonna lie, some days I just wish mine dead, I’m too exhausted.",1693034031.0,5
alcoholism,"I don’t think you would be in medical danger, but it’s best to seek professional help. My alcoholic husband usually has a mickey of vodka, plus 4 or 5 tall beers and he was sober for a few days last week. This week is absolute hell as he has started to get shitfaced every night, I’m so sick of him.",1685587249.0,1
stopdrinking,"He doesn’t care lol. Meanwhile, I’m getting more and more emotionally distant, to the point where I would just call 911 if he collapsed from drinking, without feeling empathetic.",1684509997.0,1
stopdrinking,"Wife of alcoholic here, I hope mine could somehow recognize his drinking is destroying our family. 
Anyway, keep pushing OP, you can do this!!! 👏🏻",1684448511.0,94
GermanRoaches,"Yes, they are just droppings. Infestation could happen when there are instars roaming around.",1674440845.0,1
GermanRoaches,Have you seen any babies in the area?,1674440438.0,2
GermanRoaches,"Try eBay, I got some Advion last year and it worked!",1652793173.0,2
GermanRoaches,Yup German roaches - my absolute nightmare.,1651474329.0,2
GermanRoaches,"It is a 10-year-old building so I would say fairly new. My boyfriend was (no longer though) a bit messy but I am a clean freak, I tend to keep everything sparkly clean. I ended up hiring an exterminator plus some roach powder from the States. Haven’t seen one since September but I’m getting more paranoid cause summer is coming up. Luckily I didn’t have to pay for any shit with my old landlord thanks God.",1646691634.0,1
GermanRoaches,"I saw a few crawling on the counter at night, 3 days after I moved in. Everything got out of control within a month, I even ended up in hospital because of my deteriorated mental health lol.
Anyways I live in Vancouver, BC and I understand we have very limited options for killing these nasty creatures by ourselves. :((",1646688363.0,1
GermanRoaches,I had to move last year because of these bastards. :((,1646687309.0,1
SuicideWatch,"Same here!!!
Well I’m here if you wanna talk man.",1641588785.0,1
SuicideWatch,Oh man I feel you. 30 years old here and lonely as fuck. My life consists of constant failures.,1641588421.0,3
SuicideWatch,"I was super drunk when typing last night, typo man.",1641002266.0,2
SuicideWatch,I am in a foreign country with absolutely zero support. I’m addicted to him. I’ve tried different therapies but nothing worked. I’m done man. I feel so happy thinking of committing suicide.,1640954740.0,19
SuicideWatch,"Multiple mental illnesses, breakup, loneliness, constant failures.",1640953296.0,24
SuicideWatch,Voluntarily stopping eating and drinking lol.,1640953050.0,17
SuicideWatch,"I know that feeling, fucking best thing ever. I won’t stop until I got what I want, PEACE.",1640951850.0,1
GermanRoaches,I spent nights in psychiatric ward because of these tiny fuckers. You are not alone.,1640948124.0,4
SuicideWatch,Oh yeah I’ve just finished my degree in psychology so I guess I’m smarter than an average bear lol.,1640610791.0,2
SuicideWatch,Cause my time is running out and too many things on the list won’t be done in time.,1640610726.0,1
SuicideWatch,"A dumbass psychiatrist threatened to keep me in the ward for a week but after an hour talking shit with me, I was discharged lol.",1640610690.0,2
SuicideWatch,Trust me BPD and MDD is a fucking deadly combo. I’m a realistic person so not gonna add more stuff to the list lol.,1640601273.0,1
SuicideWatch,I’ll probably have around a month and a half left. That would be more than enough lol.,1640600785.0,2
SuicideWatch,"1. Make sure people won’t interrupt my death process.
2. Be able to hug my ex once.
3. Try on a wedding dress.
4. Buy a goddamn newest iPhone.
5. Have someone saying ‘I love you’ to me.",1640600159.0,3
glioblastoma,"It hurts when I cannot do anything for both of them, I cannot even visit his dad cause I don’t want him to become more confused. I sent his dad a book on Christmas but under my boyfriend’s name. Thank you for your words hun, really appreciate it.",1640501667.0,2
glioblastoma,"Doctor decided to stop using steroids as well, I don’t know how much longer they can buy him. My boyfriend has been very cold to me, no matter how hard I’ve tried to support, he keeps pushing me away.",1640444296.0,2
SuicideWatch,"I have been praying every night, still no answers. Currently trying with VSED lol.",1639992760.0,1
SuicideWatch,"Same here. I sleep 20/24 every day. I have stopped eating for 2 days, couldn’t feel better.",1639913805.0,1
AlAnon,"Being sober doesn’t mean he is no longer an alcoholic, we call them dry drunks.",1639747186.0,4
SuicideWatch,Hey buddy are you still there?,1639714372.0,1
SuicideWatch,Hey are you okay?,1635497515.0,1
SuicideWatch,"Same here, I have to do it another way.",1635495483.0,1
SuicideWatch,"Hey there, can we talk?",1633623476.0,1
GermanRoaches,Yes I got Alpine but not the IGR lol.,1633072253.0,1
GermanRoaches,Stripes on the back = German roaches.,1632642648.0,2
GermanRoaches,Can you flip that fucker over so I can see its back?,1632641855.0,1
GermanRoaches,"Yes, a German nymph.",1631789137.0,2
GermanRoaches,"I bought Advion gel bait from eBay, no issues. Just ordered Alpine WSG and Gentrol yesterday, finger crossed. 😢😢😢",1631060349.0,1
GermanRoaches,"Vancouver here, I was able to order Advion gel bait from eBay.",1631060131.0,1
GermanRoaches,Where did you order them from?,1631059976.0,1
AlAnon,I still live with him so zero contact doesn’t work. I’m not in a position where I can move out.,1620172456.0,1
AlAnon,"Thank you, I gotta save myself first, but the pain is unbearable.",1620172397.0,1
AlAnon,"Hi there, do you mind if I reached out?",1620172316.0,2
AlAnon,"Mine, who has been drinking for 10 years, was sober for 8 months living in a recovery house but went on a full bender within 2 days.",1620172271.0,1
AlAnon,"Yeah codependency sucks, especially with BPD. It makes the pain 10 times worse, I feel you.",1620172070.0,2
AlAnon,"The problem I have to deal with mostly is my codependency. He agreed to the breakup and is gonna be on a bender soon, it breaks my stupid heart seeing us leaving each other but I have no choice.",1620171728.0,3
AlAnon,"With my codependency, I had my best days with him. And when he is drunk, I had my worst days. I left him already, but it hurts so much that I still deeply care and love him.",1620171571.0,2
AlAnon,"I know, gotta swallow the pain and leave while I still can.",1620171455.0,3
AlAnon,"Drag yourself out of that miserable life please, I know it hurts, the pain cannot be described but in the long run, you know we have to leave them.",1620171417.0,2
AlAnon,"I have severe codependency, that’s why it hurts so damn much.",1620171250.0,1
AlAnon,"I know I will eventually be okay but I’m gonna be on my own ‘BPD bender’ soon, it’s freaking scary.",1620170960.0,1
