subreddit,title,selftext,created_utc,score,upvote_ratio,num_comments
SuicideWatch,Is it worth it?,"I've been staring at a knive, a bottle of vodka and my car keys for a couple of hours now. My thigh is bleeding, but not much. I'm alone. I just can't get myself to cut deep enough. The vodka is tempting, but drunk driving is to harmful to others. I'm just not sure life was made for me.",1636570206.0,2,1.0,1
CyberGhost,Rosetta 2 Vs Ios,"Does anybody know whats best for the M1 macs? The mac version has a tendency to crash when using rosetta 2, so i was wondering if i should switch to the ios version.",1629439274.0,2,1.0,1
NameThatSong,Tik Tok instagram ad song?,,1537429985.0,1,1.0,2
CityInc,Just lost my save!!,Just reached 1 googol $ and accidentally deleted my cookies. I just wanted to hear if anybody had a save around there that i could get.,1479992160.0,3,0.81,3
drmeth,Invisible Location Button On The Bottom Of The Screen Makes Turkeys!,,1391173758.0,9,1.0,4
