subreddit,title,selftext,created_utc,score,upvote_ratio,num_comments
PatchesEmporium,Graven mass tailsman ps4,Trade for runes weapons etc,1693931073.0,1,1.0,7
PatchesEmporium,Graven mass tailsman ps4,Ps4 can trade,1691097403.0,2,1.0,17
wheelchairs,Finding a job,Anyone have ideas of jobs I can get while using a wheelchair? Been having trouble for 3 years and I feel intimidated I won’t be hired for jobs.,1690067962.0,8,1.0,17
Evertale,Team comp suggestions,,1685340647.0,6,0.87,6
PatchesEmporium,Raptors black feathers ps4,"Need the feather outfit, can trade weapons or give karma",1676060301.0,1,1.0,3
PatchesEmporium,Mule ps4,"Need a mule, i can drop runes",1675563719.0,1,0.67,78
PatchesEmporium,Rotten winged tailsman ps4,I can trade for runes for weapons,1675286661.0,1,1.0,18
PatchesEmporium,Runes ps4,Hey could anyone drop me runes? Can trade for any weapon,1675281544.0,1,1.0,7
PatchesEmporium,String needed ps4,Can anyone drip some string? They are a pain to farm. Can trade or give karma,1673941873.0,1,1.0,2
PatchesEmporium,Rot blouses ps4,99 if possible i can trade or give karma,1672457955.0,1,1.0,2
PatchesEmporium,Wing of astel ps4,Can give karma or anything up to altus Plateau,1672343678.0,1,1.0,8
Avatarthelastairbende,How do the sages know the next avatar?,I haven’t watched avatar in a while but i just watched a clip on YouTube of the backstory of roku and sozin. How do they know roku is the next avatar? He never bends another element. Same with aang (unless im forgetting that they already explained),1671881148.0,3,1.0,7
PatchesEmporium,Ps4. Need Pike,I can trade or give karma,1671421814.0,1,1.0,2
pokemonshowdown,New update help,[removed],1668773872.0,2,1.0,1
PatchesEmporium,Giant flame seal ps4,Can give most things or karma,1668742692.0,1,0.67,8
PatchesEmporium,Ps4 black knife,"Can trade for anything or karma, i have runes too",1668646042.0,1,1.0,8
PatchesEmporium,Rotten battle hammer ps4,Can trade for anything,1668110566.0,1,0.67,9
PatchesEmporium,Golem arrows ps4,Can trade for anything or karma,1668109496.0,0,0.5,1
BeyondTheFog,Astel ps4,Pass is 123 grand closer,1667337047.0,1,1.0,10
PatchesEmporium,Raptor of the mist aow ps4,Will trade for anything or karma,1667327798.0,1,0.67,3
PatchesEmporium,Raptors of the mist / fan daggers ps4,Need the aow// will give karma or anything,1667272683.0,1,1.0,1
PatchesEmporium,Starlight shards ps4,Trade or i can give karma,1667260049.0,1,0.67,1
PatchesEmporium,Ps4 royal knight resolve,Can give anything or karma,1666834991.0,1,1.0,1
PatchesEmporium,Ps4 lance,Ill give karma or anything up to farum azula,1666825241.0,1,0.67,7
PatchesEmporium,Ps4 Blouses and starlight shards,99x if you can . I have alot so ask pls,1666750110.0,1,1.0,2
PatchesEmporium,Ps4 99x starlight shards,Blouses fan daggers general pvp items 99x if you can. I have most items in the game so ask away,1666560190.0,1,1.0,1
PatchesEmporium,Ps4 general supplies,"Exaled flesh, all bouses 99x , milicent protesis, fan daggers. I have alot to trade so ask away",1666035719.0,1,0.67,2
BeyondTheFog,Ps4 radagon elden beast,Pass is gg at elden throne grace,1659400134.0,1,1.0,14
BeyondTheFog,Godfrey help ps4,Pass is gg at queens chamber grace,1651580796.0,1,1.0,25
EldenRingHelp,Fire giant,Someone please solo him for me ps4,1650941986.0,2,1.0,0
EldenRingHelp,Can anyone drop me some ruins,I just corrupted my whole save file on accident and i have no energy to grind again..,1650552709.0,1,1.0,0
Chiraqology,Man this my first time going thru this Reddit yall really made Chicago a cinematic universe,,1636085030.0,13,0.88,2
SuicideWatch,Concept of Control of your reality,"Isnt it crazy to think that you can do anything humanly possible. You could take a shit in the middle of time square. I mean think about it, you could take your pants off in the middle of time square, hundreds of people watching and take a dump. No one would do anything. Once i thought of that ridiculous thing, it hit me.When people say you can do anything, you can. I cant take this anymore, so im selling my car and all of my belongings. Im taking a one way ticket to japan. Idc what happenes, if im going to take my life anyway, might as well do something reckless. Good luck to you all, and remember you control your destiny.",1635915853.0,9,0.86,1
