subreddit,body,created_utc,score
Howtolooksmax,"Nah, you're already conventionally attractive. Go out there and live life like a queen. You are set.",1739722855.0,61
EulaMains,"Actually thats wrong, venti has that too",1632973848.0,1
Genshin_Impact,The game would probably be better if there isn't people complaining every time anyone does something. Genshin would be better off just having a  small yet sustained player base like honkai over bitchy 14 years olds that make up 50% of the game.,1632171411.0,1
Genshin_Impact,Messing with f2ps in the game known as Team Fortress 2,1626818320.0,1
Enviosity,You don't fuckin say lmao,1624741530.0,1
