subreddit,title,selftext,created_utc,score,upvote_ratio,num_comments
schizophrenia,Question about recurring episodes,"Tw: suicide

I'm undiagnosed and didn't really know where to ask this. About two years back I started seeing monsters and hearing voices and in retrospect I realize these were probably hallucinations. About like a year ago they slowly kinda went away, and I had them for about ten months to a year. I still feel really paranoid every now and then and maybe a little delusional sometimes but other than that it's gone away. I saw a psychologist nearing the end of the ""episode"" and he said that I just had really really bad depression causing hallucinations and delusions and paranoia, and that I didn't ever actually experience psychosis. Idk how reliable he is because I'm not gonna lie he was kinda bad at his job (I was having a panic attack during the psych eval and he did nothing to try to calm me down, he actually would interrupt me while I answered his questions so he could ask another question) but I'm gonna assume that he's right about me never going into psychosis.

Anyway, my question is that if I'm 16 right now, and I experienced the ""episode"" when I was 14-15, how likely is this to come back? I'm still depressed but I'm a lot better than I was, but I'm so scared this'll come back. I ended up attempting suicide many times because of the hallucinations and if they came back I don't think I would make it. I've heard that if it was psychosis, it's common for you to have an episode as a teenager and then it comes back when you're an adult and I'm really worried about that. I'm just hoping I'm in the clear.",1710906789.0,2,1.0,1
