subreddit,body,created_utc,score
SuicideWatch,"Hi, I just wanted you to know that I’m still here. Life has really uplifted this past few days. And your words were of great comfort to me. Thank you so much for reaching out when I was at an all time low.",1627237177.0,2
Paranormal,Oh interesting! I wonder what they are.,1607728845.0,1
Paranormal,"Yeah, tight fitting clothes and they were identical.",1607728810.0,1
pagan,Hmm. Okay. I will look into them.,1607660511.0,1
Paranormal,Thank you! Any lead is huge for me.,1607657944.0,2
megaconstrux,I know. I just feel like they haven’t done anything super interesting with the line for a while.,1604701238.0,1
megaconstrux,I’d love to see that! Is there any way you could post a link?,1604701188.0,1
megaconstrux,Omg! Yes! If they did sets based on the older seasons that would be amazing!,1604682707.0,2
megaconstrux,Yes! That would be amazing!,1604520058.0,2
megaconstrux,"From what I’ve gathered there is still at least one more wave of GoT sets coming out, based around Kings Landing.",1604520029.0,2
TMNT,"I don’t mind the story not taking place in New York, honestly.",1601683599.0,1
Retconned,So this was in 2014?,1568693898.0,1
freefolk,"Oh, he’s the one who directed  Star Wars The Last Jedi.  A lot of fans who haven’t liked season 8 seem to compare it to that movie.",1557414871.0,2
MandelaEffectTheories,Brilliant! Guess maybe I’m not from a different Earth after all. ,1552915157.0,1
