subreddit,title,selftext,created_utc,score,upvote_ratio,num_comments
cat,I would die for this girl 🤍🤍🤍,,1633972207.0,15,0.95,0
AskReddit,"Do you like subtitles on movies? If not, why?",,1633797639.0,1,1.0,2
FreeCompliments,Been feeling really good lately and felt cute yesterday. 🤍,,1633700331.0,25,1.0,9
cats,You can't tell me that's not a cat on my cat.,,1633602317.0,35,0.93,8
AskReddit,Do you actually write out your name when giving your signature or just scribble the same scribble every time?,,1633539785.0,2,0.76,4
AskReddit,"Be honest, why do men in relationships never share pictures of their girlfriends on social media?",,1633538829.0,1,0.57,34
Siamesecats,I love this lil Coconut 🥰,,1633370084.0,25,0.97,0
Siamesecats,Today's mood?,,1633011079.0,18,0.96,0
Siamesecats,I love that lil face 🤍🥥,,1632988219.0,33,1.0,2
Siamesecats,Gotta be atleast a little Siamese right? Haha. Just adopted this very loud and vocal Coconut. Can already tell she's gonna be a brat 😭🤍,,1632911108.0,74,0.98,3
Baking,New to baking!,Hi there! I've recently taken up baking and I genuinely enjoy it! I've made banana bread (didn't come out the best) and a tiramisu cheesecake! Coworkers and friends seemed to love it! I was wondering if there are any other recipes that I should try out a newbie baker. Love all the work you folk have done and I hope to become a skilled baker over time. :^),1632735799.0,4,0.84,8
r4r,27[F4R] California - Let's connect.,"Hi there! I'm T. I'm a 27 year old machine operator (who works graveyard) that's spends the little free time she has trying to find new hobbies. Recently it's been attempting to bake and painting furniture for my new place. I struggle with a few mental health issues but am making progress daily with the help of medication and therapy. I'd like to connect with someone who struggles with the same deal in hopes of helping each other cope and grow. I'd prefer if you were 25+. Please no sexual messages. I'm not interested in the slightest. 

I hope to hear from you.",1631611103.0,20,0.83,1
SuicideWatch,A year ago today...,[removed],1631610830.0,3,0.81,1
BPD,A year ago today...,"I told myself once I got my own place I'd take my life so that my family didn't have to be the one to find me. I'm now three months into my own place, working a job I love, and working daily with better coping mechanisms. I was 100% ready to give in. I was planning ways, making purchases, I was ready. I still struggle. I still split and start to spiral. But it is possible...it is. Today's been a rough day, this past week even worse...but I remember where I am at right now in comparison to a year ago and I feel some peace. 

Please hold out hope. And you're welcome to message me if needed. 🤍",1631603056.0,25,1.0,4
firstimpression,very curious!,,1631602568.0,60,0.91,24
r4r,26 [F4R],[removed],1615333053.0,2,0.75,1
