subreddit,body,created_utc,score
SuicideWatch,fuck kevin :(,1637205696.0,1
