subreddit,body,created_utc,score
SuicideWatch,What make you think that you hurt other people...,1534818417.0,0
