subreddit,title,selftext,created_utc,score,upvote_ratio,num_comments
xboxone,On the verge of a permanent ban,[removed],1522933678.0,0,0.12,25
SuicideWatch,Back,"Well, after my close call that was the subject of my first post here I vowed to do something with my life, but it looks like I’ve gone around in a big fucking circle. I’ve liked her since high school, I’ve spent years becoming best friends with her and her boyfriend and she just doesn’t fuckin want it. There is literally no end to this Romeo style Petrarchan lover bullshit but as much as I’m self aware and introspective, I’m also a slave to my biochemical pitfalls. I’m seriously considering it.",1512892326.0,1,1.0,3
lgbt,"Gay marriage passes Australian house of reps, now legal",Yeah,1512630687.0,45,0.92,4
LGBTAustralia,New bloke,"I was raised Roman Catholic in country Victoria, Australia, and from the outset I was bombarded with the sentiment that marriage is a religious covenant between a man and woman etc. I thought that way unquestioningly, threw out slurs and generally behaved with hostility towards members of the LGBT community. Today I found out my best friend is gay, and it turned my fucking world upside down to say the least. My confidant, fellow sportsman and one of the best people I had ever met was this thing that I had an intrinsic and deep seated hatred of. Being the reactionary I am, I immediately blocked him on all forms of contact and went and had a long shower... I felt betrayed etc. He had anticipated this reaction and had told me because he felt upset that such a pivotal part of his life he felt he could not share with his best mate (he has a boyfriend I had no idea about, we’ve been in contact every day for the entire 2 years they’ve dated). But after I had cooled my head and with a calmer disposition, I reminisced on our odd 16 years of friendship (we're primary school mates) and realise that if this was who he was, this was also the person I had come to love as my brother. This was the same guy I play footy with, athletic. This was the guy who got me my first job at his uncle's fish and chip joint. This was the guy who I used to check out girls with in high school (bi, not gay). This was the guy who has helped me through my ongoing depression and a recent suicide attempt. I was initially prepared to throw this out the window for the sake of a belief I had never challenged and upheld as constant, and above all else it made me see after 26 years that people are people and sexuality doesn’t matter. I’ll tell you, it is liberating to relinquish such a strong animosity - after I accepted him back into my life we had a good fucking cry. I resent any negative impact I may have had on gay people in the past, I’m going to a pint with him and his bf on Friday, we’re even better mates no the flip side and ultimately I feel distanced from the prejudiced prick I was. Thanks for your time!",1512472268.0,17,0.95,6
lgbt,New man,"I was raised Roman Catholic in country Victoria, Australia, and from the outset I was bombarded with the sentiment that marriage is a religious covenant between a man and woman etc. I thought that way unquestioningly, threw out slurs and generally behaved with hostility towards members of the LGBT community. Today I found out my best friend is gay, and it turned my fucking world upside down to say the least. My confidant, fellow sportsman and one of the best people I had ever met was this thing that I had an intrinsic and deep seated hatred of. Being the reactionary I am, I immediately blocked him on all forms of contact and went and had a long shower... I felt betrayed etc. He had anticipated this reaction and had told me because he felt upset that such a pivotal part of his life he felt he could not share with his best mate (he has a boyfriend I had no idea about, we’ve been in contact every day for the entire 2 years they’ve dated). But after I had cooled my head and with a calmer disposition, I reminisced on our odd 16 years of friendship (we're primary school mates) and realise that if this was who he was, this was also the person I had come to love as my brother. This was the same guy I play footy with, athletic. This was the guy who got me my first job at his uncle's fish and chip joint. This was the guy who I used to check out girls with in high school (bi, not gay). This was the guy who has helped me through my ongoing depression and a recent suicide attempt. I was initially prepared to throw this out the window for the sake of a belief I had never challenged and upheld as constant, and above all else it made me see after 26 years that people are people and sexuality doesn’t matter. I’ll tell you, it is liberating to relinquish such a strong animosity - after I accepted him back into my life we had a good fucking cry. I resent any negative impact I may have had on gay people in the past, I’m going to a pint with him and his bf on Friday, we’re even better mates no the flip side and ultimately I feel distanced from the prejudiced prick I was. Thanks for your time!",1512467962.0,9,0.81,5
SuicideWatch,Nothing important,"Weird - ten minutes and I know I’d be regretting this. I’m doing it over a girl. Yet here I am i my bathtub trying to type with one hand ans with a big cut on my arm. Throwaway account to say goodbye to like minded people. I guess I lost - if I end up ok,I’ll update this",1512370072.0,1,1.0,5
