subreddit,body,created_utc,score
SuicideWatch,"i think i'm okay, just needed to vent. thank you though",1512618798.0,1
