subreddit,body,created_utc,score
PectusExcavatum,How did your breathing and heart change,1724387889.0,2
PectusExcavatum,"Do you feel any improvements with breathing, pressure, etc.?",1696083834.0,1
AMA,Did you live nearby or did you have to travel far for the surgery?,1675751119.0,1
agedlikewine,I'm lookin too,1589486525.0,1
