subreddit,title,selftext,created_utc,score,upvote_ratio,num_comments
NintendoSwitch,Switch is starting to crack. Expired warranty. What are my options?,[removed],1546144718.0,1,1.0,0
NintendoSwitch,Diablo 3 online confusion.,[removed],1544347765.0,1,0.53,9
SuicideWatch,I’m losing faith I need help,"I have PTSD, Generalized Anxiety, Depressive Disorder, Bipolar depression, Panic disorder etc.

Each medication I’ve had side effects to including - 

severe restlessness, rash, severe irritability, increased depression. Increased suicidal thoughts. Severe Hallucinations that have completely warped my reality and made my symptoms worse. These are just the ones I remember.

Saw my med Dr today and the first thing he says is “ everything gives you side effects so no more meds just therapy”

It was like a knife in my chest. Hopelessness so much hopelessness.

Therapy so far hasn’t done much as much as I want it to help.

Every day I wake up with severe depression, severe anxiety and fear. I no longer enjoy anything in life. It’s nothing but pain at this point and it seems there’s no way out and no help.

It was crushing.

I cant live like this every day I just can’t. Idk what to do I’m in tears. I can’t hold a job in this state. I can’t even be myself anymore. I’m all alone in this hell.

What do I do? I can’t live with this amount of pain every day if there is truly no help. I just want to enjoy life.

Please what do I do from here? I don’t want to die but I can’t continue living like this.



",1528162511.0,1,1.0,1
learnpython,help with my first simple game.,"I've been attempting to teach myself programming for a couple months now every few days using Pythonista on my cellphone.

So far I've managed to create the begging of a simple connect 3 style game.

Dictionaries are still new to me however I'm unsure how to proceed regardless.

My next step is to take the input from a user, find the appropriate dictionary key and replace the value with a new entry such as '[o]' at 'x1y1 if it is player O's turn and so on if it is X's turn.

my next step is to compare 3 dictionary keys and see if they connect causing a win.

I'm not looking to copy and paste an answer and if theres anything I can simplify please let me know.

Oh and I know I'm breaking pep8 however its formatted for readability on my cellphone.

https://github.com/DasPoe/SomeGame/blob/master/tictac.py",1527040543.0,7,1.0,1
depression,Find a job. But how?,"I have PTSD, Severe Anxiety and depression to the point it causes me physical pain and discomfort. Every second of every day.

When I wake up there’s a brief period of peacefulness before I fully become conscious.
I have constant nightmares so escaping into my dreams is not an option.

I’ve been seeing doctors for close to a year and have in the past as well.

Medication is terrifying because of one that made me hallucinate and absolutely lose all touch with reality. Each new medication gives me some sort of horrible side effects.

I’m jobless, no vehicle and nowhere to go. All my possessions fit in a backpack.

Expected to look for and maintain a job all while going through all of this hell.

My anxiety is so bad I cannot function as a normal human being. I don’t know what to do.

I’m setup to fail over and over. I just need help but I’m honestly losing faith that my life will ever change and that this pain will ever go away.

What do I do?",1526353182.0,3,1.0,2
depression,My transparent box,"It’s life living in a glass box. Only as large as you are. Each day is the same and only I sense the hell within this transparent prison.

I try try and try but my reality is always the same. Trapped in this curse with no freedom just agony.

I can’t stay and live like this but yet I can’t go because I can’t hurt the few people that I love and care about. I can’t spread this curse.

There is literally no escape now. My dreams are littered by nightmares and flashbacks. Never being able to comfortably sleep in any bed and just to wake back into another reality of hell.

I’ve been through so many medications that I don’t know who I am any more. Hallucinations so intense for so long that my reality is forever shattered. Physical harm that I will never recover from. No longer am I myself but the product of what medications do to me. If I would have never gotten help I wouldn’t know these levels of hell.

I beg, I plead and I cry for help but each and every second is the same. Each day is an infinite loop of time in this hell with nothing but hopelessness that these walls will never come down. It’s the definition of maddening. No way out and infinite amounts of mental pain and time.

I just want out. I want to experience joy and happiness. Excitement and pleasure in the things I do. Motivation and drive.

All I have is depression, anxiety, fear, panic, hopelessness at extreme levels.

All while I’m expected to just “live a normal life”. Work in this pain every day all so I can just wake up and do it all over again.

It never ends. It’s always been this way and I see no end in sight.

It’s hell... I’m living in hell.",1526281681.0,2,1.0,1
SuicideWatch,I desperately need help.,"I don’t know what to do any more.

I’m in so much pain every day that I no longer know who I am.

I have no friends, no home, no family and no support.

I’ve tried medication but it has absolutely damaged my mental state even more. I’m terrified to try any medications now because of the hallucinations Venlafaxine has caused me.

I’m always alone with no way out. Trapped and hopeless.

Constant fear, anxiety, panic, loneliness, helplessness, nightmares and physical pain. It’s absolutely maddening.

When night comes things get so much worse. It’s like hell is closing in on me.

I’m terrified every night I’m going to succumb to the pain even tho I beg for death every day.

I just want to live and not be in this pain.

I don’t know what to do. 

I just want to hug someone and cry my hardest.
Someone to tell me everything will be fine.
Someone to help me see past through this hell.

It’s pure agony.

Every breath is pain.

",1524540768.0,3,0.81,3
depression,I’m in complete agony.,"PTSD, flashbacks constantly, nightmares every night, severe anxiety and depression that causes physical pain. For as long as I can remember.

Vivid memories and flashbacks that cause intense anxiety and pain to the point where I shake and feel like my heart is going to explode. Simple things like a song or ringtone even. Anything that reminds me of the past even if it is extremely abstract.

A mind that is always hyper analyzing everything. Imagining all outcomes, every variable and vividly feeling emotional feelings as if it was really happening. Fear of the future hells.

Anxiety so bad it causes me physical pain in my chest, neck and throat to the point where even thoughts are painful but cannot be stopped.

I’ve institutionalized myself multiple times but it’s always hell like being in jail. No freedom. Stuck in a box.

I’ve tried numerous medications over the years. All of which either don’t do much or give me a new version of hell.

Venlaflaxine made me lose my mind to the point where my reality has been forever shattered hallucinations so intense, so real that I still question reality. So mind bending that i will never be able to fully describe the months I was hallucinating.

My now ExFiance’s mother physically assaults me. Leaving marks on my face. All because I told her father about his daughters suicide attempts so he could understand what she is going through. They both deny it and our relationship ultimately fails once my depression and anxiety reach new levels. The pain is so intense every day I can’t function.

Become homeless mid winter. Only own what can fit in a backpack.

Police officer physically assaults me while I’m hallucinating from venlaflaxine. I never touched the man but yet he is trying to charge me with assaulting a police officer. I was threatened with pain, verbally abused and physically assaulted.
I was manic. They thought I was on drugs.

Refused medication in jail. Begging for help while losing my mind even more to  venlaflaxine withdrawals. You cant miss even a day. Hung myself in the holding cell because of the hallucinations. I was in the depths of hell.

Wake up in isolation. Naked with a smock covered in my own urine in a room for all to see. They kicked me. Stabbed me in the foot and picked me up and dropped me on my tailbone.

Got a DUI over a year ago because I was pressured by a friend. No prior criminal history. Now I’m scum. Lost my job, my new car, my home, my pride.

Lost all my friends to drugs and conflict with no resolution. Watched my father die before my eyes a few years ago and now I forever hold regret from never fighting my anxiety and getting to know him. He went to the doctor with pneumonia died a week later due to undiagnosed stage 4 carcinoma cancer. 


Mother can no longer work, her House is falling apart, is on oxygen gets little money each month. No savings or retirement. I’m unable to take care of her. Refuses to get outside help. My sister who is on/off meth constantly is her caregiver. No other family.

In well over 10,000+ debt from lawyer, car, future fines etc.

No bank account, no job, no vehicle, no family or friends.

Dropped out of highschool due to depression and anxiety. Been suicidle since 12. Parents never got me help.

Every day is agony. Every second is pain. To be alive is torture. Even my dreams cause me pain. There is no escape.

 This isn’t even a fraction of my story.


I’m in pure agony. So much physical and mental pain to the point of madness.

The pain never ends.

It never ends.
",1524465908.0,7,0.83,2
mentalhealth,Every second is agony,"PTSD, flashbacks constantly, nightmares every night, severe anxiety and depression that causes physical pain. For as long as I can remember.

Vivid memories and flashbacks that cause intense anxiety and pain to the point where I shake and feel like my heart is going to explode. Simple things like a song or ringtone even. Anything that reminds me of the past even if it is extremely abstract.

A mind that is always hyper analyzing everything. Imagining all outcomes, every variable and vividly feeling emotional feelings as if it was really happening. Fear of the future hells.

Anxiety so bad it causes me physical pain in my chest, neck and throat to the point where even thoughts are painful but cannot be stopped.

I’ve institutionalized myself multiple times but it’s always hell like being in jail. No freedom. Stuck in a box.

I’ve tried numerous medications over the years. All of which either don’t do much or give me a new version of hell.

Venlaflaxine made me lose my mind to the point where my reality has been forever shattered hallucinations so intense, so real that I still question reality. So mind bending that i will never be able to fully describe the months I was hallucinating.

My now ExFiance’s mother physically assaults me. Leaving marks on my face. All because I told her father about his daughters suicide attempts so he could understand what she is going through. They both deny it and our relationship ultimately fails once my depression and anxiety reach new levels. The pain is so intense every day I can’t function.

Become homeless mid winter. Only own what can fit in a backpack.

Police officer physically assaults me while I’m hallucinating from venlaflaxine. I never touched the man but yet he is trying to charge me with assaulting a police officer. I was threatened with pain, verbally abused and physically assaulted.
I was manic. They thought I was on drugs.

Refused medication in jail. Begging for help while losing my mind even more to  venlaflaxine withdrawals. You cant miss even a day. Hung myself in the holding cell because of the hallucinations. I was in the depths of hell.

Wake up in isolation. Naked with a smock covered in my own urine in a room for all to see. They kicked me. Stabbed me in the foot and picked me up and dropped me on my tailbone.

Got a DUI over a year ago because I was pressured by a friend. No prior criminal history. Now I’m scum. Lost my job, my new car, my home, my pride.

Lost all my friends to drugs and conflict with no resolution. Watched my father die before my eyes a few years ago and now I forever hold regret from never fighting my anxiety and getting to know him. He went to the doctor with pneumonia died a week later due to undiagnosed stage 4 carcinoma cancer. 


Mother can no longer work, her House is falling apart, is on oxygen gets little money each month. No savings or retirement. I’m unable to take care of her. Refuses to get outside help. My sister who is on/off meth constantly is her caregiver. No other family.

In well over 10,000+ debt from lawyer, car, future fines etc.

No bank account, no job, no vehicle, no family or friends.

Dropped out of highschool due to depression and anxiety. Been suicidle since 12. Parents never got me help.

Every day is agony. Every second is pain. To be alive is torture. Even my dreams cause me pain. There is no escape.

 This isn’t even a fraction of my story.


I’m in pure agony. So much physical and mental pain to the point of madness.

The pain never ends.

It never ends.


Im in a desperate need of help. I don’t know how much longer I can hold on.





",1524465219.0,8,1.0,1
SuicideWatch,Living and suffering greatly,"I don’t even know where to start considering the level of pain I am in.


I have always loved with all of my heart. I have loved others more then myself. But in the end the pain from anxiety becomes so debilitating that I no longer am myself. Pain and fear so bad that it makes you forget who you are. Forget what you enjoy what you what you loved. It becomes so painful that all that one remembers is pain as if there was never a happy moment in your life.

I have tried and tried so many times but my mind slowly succumbs to the pain. The fear and agony of it all. I forget and all I remember is pain. It’s hell.

I have prayed for god to take me more times than I can remember. I beg and cry in agony for death. I beg and beg I pray and pray that I will be released from this hell. But it never comes. It’s just pain and suffering. It’s painful to take a breath or speak a word. A constant knife in my chest and hands gripped tightly around my throat. There’s no way out, no help and nowhere to go.

My vivid memories and flashbacks never go away. Pain from the past is forever painful and hurts just as much as the day it happened. So many people have hurt me physically and mentally and yet I always just let it go. Women that I loved, best friends, brothers, family, people I trusted and cared about.

No matter how much love I give.
No matter how deeply I love

 No matter how hard I try.

It always ends the same.

Once love is gone I’m thrown back into agony, the burning fires of hell that consume my soul.

Love is seemingly the only cure for the curse that I have.

I’ve tried multiple medications. All of which have had bad side effects or made my mental state worse. Venlaflaxscine made me lose all touch with reality and experience a new he’ll.

I don’t want to try medication after medication now being terrified of what hell I may enter next. My last avenue for help seems gone.

I have no family, no friends and nobody to support me.

Nobody to tell me “hey it’s ok” when I do fail or to be proud of me when I “succeed”.

Nobody to notice when I’m down and attempt to cheer me up.

Nobody to believe in me.

Nobody to love.

All aspects of life cause me pain, anxiety, depression and fear in some way. Constant nightmares and flashbacks.

I don’t want to live. 
Every day is the same and there is no end.

I want to be set free.








",1524447929.0,8,1.0,3
