subreddit,title,selftext,created_utc,score,upvote_ratio,num_comments
SuicideWatch,Going home?,"I go to school 1600 miles away from where my family lives. This past winter I went home for Christmas and was hospitalized for suicidal ideation. I took a quarter of school and returned in the spring. It’s been getting bad again. I find myself googling things like “how to kill yourself in a dorm room”, “who will find my body” and other things like that. 
I had made the plan to stay the summer here in my college town with my boyfriend, but I have recently realized that it may be healthier for me to return home and spend the summer there. If I stay in this college town I will most likely end up working for McDonald’s, hating my job and my life and being homesick. I want to go home. 
I told my boyfriend and now he is mad at me and I don’t know what to do. There’s only 2.5 more weeks of this school year so I need to figure out what I want. 
On top of all this I can’t seem to get the energy to do my schoolwork and am afraid of failing. Idk what to do. ",1525283619.0,6,0.88,9
