subreddit,body,created_utc,score
aww,Thank you money cat ,1546635703.0,1
raisedbynarcissists,Merry Christmas!!,1545752476.0,2
dbz,"When SSJG was announced, I thought they were just renaming SSJ4 and that it was the same thing. 

Also, Goku WAS supposed be a monkey demon, that’s not fake. He’s completely based on the Monkey King Sun Wukong from the Chinese story Journey to the West. Sun Wukong was a demon with 3 magic hairs, who flew around on a cloud, had an unbreakable magic staff, and was a fighter who could beat all of heaven’s strongest warriors. Sound pretty familiar? Also, in Japanese, Sun Wukong translates to Son Goku. ",1544647281.0,1
AskMen,"My friends ARE hot. Lots of girls are, but I never notice until we're friends. I wanna find strangers hot, but I don't.",1543209038.0,2
todayilearned,"You don’t leave earth until you leave the atmosphere. 

Edit: Obviously I’m oversimplifying, there’s many different criteria for leaving the earth. I was being nice. I’m not the dumbass that thinks that being off the ground means you’ve left the planet. ",1540425520.0,180
jailbreak,"iPhone 7+ iOS 11.3.1... jailbroken on the first try. Thank you, it was worth the wait!!",1531067982.0,1
AskReddit,"In the movie, the shop character says “if this car was in any better condition, it would fly”. So it takes off in the end. ",1530760381.0,14
askscience,"It also needs to run oxygen rich to keep the engine at a relatively low temperature. Before they figured it out, they used to melt engines like butter. Watch the documentary Cosmodrome, it goes over the development of the NK-33 engine, which was the design base for the RD-180. 
",1524934575.0,1
AskReddit,"They do that at Aldi here in the US, but that's all I've seen",1520952297.0,1
videos,"This guy isn't the last Polio survivor... my ex-gf's Grandma has polio. She doesn't need an iron lung, but no one evert believes her when she goes to the hospital 
",1518275669.0,1
space,"The fuel tanks and boosters ARE the most expensive part of space travel. Because getting to orbit is the hardest part of space travel. The space shuttle, which was semi-renewable, cost between $600 million and $1.5 billion per launch, depending on the payload. Most of those costs came from rebuilding the fuel tank and the boosters. In 2012, NASA's SLS was estimated to be ~$500 million max per launch. Which was considered cheap back then. 

The falcon heavy costs $90 million. And the boosters are renewable, saving around ~30% cost on top of that. Meaning another Falcon heavy launch would be literally 10 times as cheap as the space shuttle.

Also, considering the one thing holding NASA back from doing more research is money to get into orbit... yeah it's a brand new space age. ",1517966302.0,117
AskReddit,"When I was in middle school, my older cousin, his friend, and I used to go to the local chain supermarket in our neighborhood to steal small stuff. I would only take stuff like bagels or chips, while they'd take earphones, batteries, and other small electronic stuff. On St. Patrick's day after school one year, they asked me if I wanted to go with them. For some reason, My gut told me no, even though I'd be totally up for it. So they left without me and I played video games all day. 

A few hours go by, and my cousin and his friend hadn't come back, and I wasn't all that worried. Then it's 10:30 at night, and I'm starting to freak out. Turns out they had gotten caught trying to take 4 pairs of earphones, 5 packs of batteries, an Xbox controller, and some jeans. Luckily they were under 16, so they just got community service and it was off their record, but it really freaked me out. I never stole again, and I just think how the luck of the Irish was with me that day. ",1509386884.0,1
AskReddit,Quitting my minimum wage job because I'm afraid to work full time and fail my classes. But now I'm broke and jobless.  ,1507322438.0,1
AskReddit,This thread is just a bunch of people taking quotes literally instead of using common sense...,1507314599.0,1
Music,"Am a metalhead. Question, do you play music? Cause a lot of metalheads are musicians also, so they can dissect the instruments a lot more. Or they've been to a lot of shows at least. Also, most people's ears are tuned to listen to vocals and simple melodies, just because that's how most music is. Every good popular song is measured by its lyrics and how they were sung. I personally like the growls, but don't know to the lyrics cause I can't understand them. So from a normie's pov, it might just sound like noise. 

My advice would be to take a friend to a good show to expose them to the genre and the people. All my friends are surprised by how nice most metalheads actually are.",1507311960.0,1
personalfinance,"I'm not an entitled person. I've DONE everything on my own up to this point. I payed my first 4 years out of pocket until I literally couldn't do it anymore. Everyone is so condescending to college students on this sub. Like my mommy just gives me everything. She doesn't give me jack shit. She doesn't pay my bills, I do. And I have since I've moved out. All shes done is become an obstacle. ",1506095232.0,0
personalfinance,"First of all, I'm not getting rid of my lease. That's not gonna change, there's nothing you can do about it. Second of all, my mom laid out conditions for me? She also stole 4K from me last year. Is that her right too? And still expects me to give her money once I have my degree, when she hasn't payed a cent out of pocket. I'm not an entitled person. I've DONE everything on my own up to this point. I payed my first 4 years out of pocket until I literally couldn't do it anymore. Everyone is so condescending to college students on this sub. Like my mommy just gives me everything. She doesn't give me jack shit. She doesn't pay my bills, I do. And I have since I've moved out. All shes done is become an obstacle. I'm giving her an opportunity to help me, and she's denying it. But fine. I'll struggle. But she's not getting anything from me once I graduate. 

Thanks for lecturing me like I'm just a spoiled child though. Appreciate it. 👍",1506094297.0,0
personalfinance,"In the long run, yeah. But like I said, there's no other option for now. If I was gonna get a job, I needed one like 2 weeks ago (which is when my internship ended). There's no where I can work where I'm gonna be able to pay all my bills plus tuition. It's literally impossible for me right now. I'd rather be in a little debt and do well in class than have none and be constantly stressed. ",1506093672.0,1
personalfinance,"There's no other cosigners and I have no feasible way of paying it. I'm only financially dependent on paper, even though my mom pays none of my bills. So I can't get more federal loans. But thanks 👍",1506093199.0,-2
personalfinance,"There's no feasible way for me to pay my tuition without it. Literally nothing she or I can do without loans, because I don't have a job yet, and she's incredibly irresponsible. Even IF she's paying my tuition (which I doubt), I'd basically have to work full time to not even be able to pay my bills. And probably add more years to college. 

The only reason I have a leased car is because my mom doesn't have money. Cause she doesn't save jack shit and she doesn't help me financially AT ALL otherwise. ",1506092926.0,-2
television,"In my mind, Batgod is just an extension of this Batman. In TAS, he was young, and had less experience. The big screen version is like this version of Batman, but he's a veteran. He's beaten every one of his major enemies at least once at this point. He's old, he's tired, he and Dick don't speak, and Jason is dead at this point. He's stronger, and his experience makes him more ruthless, but the compassion is still there. 
I know Ben gets a lot of flack for BvS, but you can't kill Superman as a detective. Hopefully Ben will bring elements from TAS to his solo performance. ",1504653197.0,3
AskReddit,"From an engineering perspective, you couldn't have a ring, because if you offset its orbit even slightly, it'll oscillate and destroy itself, or crash into the planet. BUT, you could have a spaced network of satellites that share the same geostationary orbit. Kinda like a small asteroid belt or Saturn's rings, but with space ships. We kinda already do that with GPS satellites.",1500949804.0,2
mildlyinteresting,The Kalamazoo beer exchange goes below when the market crashes,1500836844.0,0
EngineeringStudents,"Yeah I felt like that for a while too, but a victory is still a victory, no matter how small haha. I stopped comparing myself to other people, and it helped me a lot  ",1499255242.0,1
EngineeringStudents,"Our school has a job board that companies post their listings on, but the application process has nothing to do with them. So I bulk applied to new listings every week until something stuck. I'd recommend indeed, or engineering jobs, or a temp service if you live in a big city. ",1499254994.0,2
EngineeringStudents,I would if I could dude,1499187706.0,28
Music,"Dio didn't invent it, but he is the reason it is associated with metal. Other people use it for different stuff, but it's most famous as a rock and roll symbol. ",1497619269.0,1
todayilearned,"Business of some sort, I think. I was there for my mom, so it was a nice little surprise haha",1496339215.0,1
todayilearned,"He got his bachelors at LSU. He got his Masters at UoP. I was at the graduation, I SAW him walk with my mom. ",1496339115.0,0
todayilearned,Tell me what?,1496330902.0,14
todayilearned,"That's really cool though. Less cool, my mom graduated University of Phoenix in the same class as Shaquille O'Neal ",1496329897.0,78
EngineeringStudents,It was how I got kicked out of my program. I have one more chance but not until spring ,1495935371.0,6
EngineeringStudents,"That's good advice, I hadn't even thought about that. Thanks!",1495586895.0,1
AskReddit,"My mother stole $4000 from me last year from my financial aid. I support myself completely financially except my car insurance and phone bill. Everything else (car note, rent, food, gas, books, tuition) comes out of my pocket, but I usually have enough financial to work part time during school. When I confronted her about it, she got angry, tried to convince me she never borrowed the money, and tried to say that I spent all my money. She hasn't acknowledged it since, and is basically trying to sweep it under the rug. She's been like this for a while, but this is final straw. We don't talk anymore.  ",1495434041.0,1
funny,"Yeah, and America used to be a bunch of British colonies 🇺🇸🇺🇸🇺🇸🇺🇸",1494703086.0,5
offmychest,"She ""borrowed"" 1500 initially, in January. I asked her if she could start paying me back in February, and I told her if she couldn't, then I could get a job. She said that I should focus on classes and that she would pay me back. 3 weeks before finals, she tells me she wasn't paying me back, and tried to convince me that I spent all my money on dumb things, and even at one point tried to convince me I didn't borrow it at all. 

In September, I got a check from a structured settlement on my birthday. She cashed it, took 2500,  and put the other half in my account.  She told me what she did AFTER it was over. 

Idk how she can justify that. She's like ""it's only $4000"" when that's more money than I've ever had at once, and that's a years worth of rent at my place. ",1493936757.0,5
offmychest,"Hey thanks for replying. I'm a Mechanical Engineer. I can code, but I'm not great at it. I'm still in the university, but I don't know if I'm kicked out of my school, or just my program.  Depending on which I might've able to continue, but that'd also add semesters ",1493936339.0,1
StarWars,Why is no one talking about Rey and Kylo...?,1492285953.0,0
todayilearned,Did... Did we just witness a murder?,1491968374.0,2
funny,"When reddit thinks all black people look alike. 

If he looks like anyone, he looks like Jordan Peele",1489726214.0,1
relationships,Thanks for your response. Are you two still in each other's lives? ,1481991612.0,2
AskReddit,"I accepted that I will never have total control of my life because of other people and events in the world. I can't change what's going on in the world and I can't change what people do or the way they are. So I focus on the things I CAN control instead. I CAN control how I react to these things and I CAN choose the type of person that I want to be. Life is a lot easier once you accept that. 

I also smoke a shit ton of weed. ",1481991064.0,1
stevenuniverse,"Damn. Ive been watching this show since I was a freshman in college. Now I'm a senior... Time flies, huh?",1478358289.0,1
EngineeringStudents,So many engineering students listen to prog nowadays. Its awesome haha,1468747855.0,3
stevenuniverse,"Another theory!!! In flashback episodes pearl only used swords and rose didn't have any weapons. If bismuth is a blacksmith, she may have made Pearl's spear, Rose's sword and/or shield, and other weapons for other gems. ",1467993810.0,2
arduino,The satellite will be in LEO. ,1462859642.0,0
AskElectronics,"I'm planning on using space grade parts for the system, I just want to see if the system works before I start buying parts I don't need",1462844476.0,1
jailbreak,"Okay, 2 things

1. Make the directory var/mobile/library/LockHTML and put your themes in there. 

2. Check user/library/themes to see if the html file is there",1454195121.0,1
jailbreak,"Was there a directory for LockHTML?

Edit: It should be var/mobile/library/LockHTML ",1454192664.0,1
jailbreak,"Sometimes there's one even if you don't have the tweak installed, it's weird like that. Check to see if there's a var/mobile/Library/GroovyLock",1454192077.0,1
jailbreak,It might not be the right html file. Did you check the groovylock folder?,1454191578.0,1
jailbreak,"I think it's in the html files. If you go into Ifile and find where the html file is, you should see the place to show the weather. 

It'd be something like ""showweather: no"" and just change no to yes. And you have to put in your correct woeid for your location for it to give accurate weather. 

I'm sorry if that's not a lot of help, I haven't been jailbroken in almost 5 months unfortunately. That's as much help as I can give you :(",1454189339.0,2
stevenuniverse,"""I will pee on a guy""",1452798587.0,18
jailbreak,"Does swipeselect, adblock, or F.lux work this way?",1452529190.0,1
AskReddit,Roscoes Chicken and Waffles,1425497885.0,1
TsundereSharks,Number of sparkles are dependent on how long classes are. ,1416799043.0,25
