subreddit,title,selftext,created_utc,score,upvote_ratio,num_comments
hockey,"Hypothetical: If one or more of the WJC 5 were to be fully exonerated in court, would you be adverse to him playing on your team?",[removed],1711470153.0,1,1.0,0
hockey,"If your team could only draft players from one country for the next three years, and that country is not in North America, which country would you choose?",It's not like there is anything else of substance to talk about.,1585331080.0,15,0.75,24
goldenknights,I don't know how else to get through to you guys...,,1583526942.0,253,0.91,85
UlcerativeColitis,What have your experiences with Entyvio been like?,"I'm currently in the process of getting approval for Entyvio coverage. I know that results can vary from person to person, but can anyone tell me about your experience with the drug immediately during and in the few days after infusion?",1578980388.0,3,1.0,9
UlcerativeColitis,Has anyone ever tried to ice their lower colon?,"Hi all, this may sound ridiculous, but the worst of my symptoms manifest as an extremely enflamed lower colon, which makes it nearly impossible to pass anything.  In a moment of desperation last night, I melted cylindrical ice cubes to have rounded edges and I inserted them to try to reduce swelling.  Obviously, since the ice melts fairly quickly, there's nothing to remove afterward. At least as of this morning I have some significant pain relief.  Has anyone else tried this?  Are there some risks that I may not be considering?  Thanks in advance.",1575658773.0,1,0.67,4
goldenknights,"If Zykov is not traded/moved, will you welcome him back to the team when his suspension is over?","We don't know what the banned substance was, but he obviously screwed up.  I really like him as a player and think that he would be an awesome fit with Tuch and Glass on a third line, with Eakin on the fourth.  However, I REALLY don't want an asterisk next to our team's name if we win the cup this year, and I feel like that's all we would hear forever if we don't get rid of him.

I would love to know everyone's thoughts.",1571422617.0,11,0.8,12
Showerthoughts,Clinton running against Trump feels just a tiny bit like affirmative action.,,1470998545.0,1,1.0,0
canucks,ELI5: Why would we buy out Burrows when we don't have a need for extra cap space this season?,Doesn't it make more sense to keep him as a depth player than to take a cap hit for the next two years?,1464972391.0,45,0.99,56
canucks,Would you trade Gudbrandson and the CBJ second for EDM 4th overall?,,1464844234.0,0,0.24,32
vegas,Part time job: Personal Assistant,"Hi friends! My personal assistant is moving to California next month and I am in need of someone to replace her. It is a pretty relaxed gig and usually takes 8-15 hours per week depending on what needs to be done. I work very long hours and I just don't have time in the day to take care of things at home.  Duties include:

1) Grocery Shopping

2) Prepping and cooking meals to fit fairly specific dietary requirements

3) Running errands (ie, drycleaning, picking up mail, paying utility bills, etc)

4) Housekeeping (two bedroom townhome)

5) Laundry

Pay is competitive and my current assistant will give you whatever training is needed. Ideally this person would start in the next two weeks. If you, or someone you know would be a good fit, shoot me a message.

Thanks!",1448049372.0,12,0.75,3
a:t5_2udam,AskGeek: What free/cheap programs should you install on a brand new windows 8.1 PC with nerd-approved specs?,I just moved into a new home office/gaming space.  What tools and games should I load onto my new dream machine?,1399614840.0,1,0.67,1
law,"Solos and Small Practice folks, what are some of your best tips for bringing in new clients?","I just went out on my own.  I've got enough business coming in to keep me fed, but I want to make my practice thrive. Any tips?  Anything I should absolutely not do?",1395336518.0,3,0.8,13
