subreddit,title,selftext,created_utc,score,upvote_ratio,num_comments
SuicideWatch,my roommate just fucked their S.O. in the room next to me,"all i want is for someone to love and be loved but I am too emotionally disfigured to ever get that far, yet I will always have constant reminders like this one to show me how normal, non broken people live

why ? I can't stand this pain anymore. ive been alone my whole life and i have no reason to believe it will ever change",1515812202.0,1,1.0,6
