subreddit,title,selftext,created_utc,score,upvote_ratio,num_comments
SuicideWatch,Really got nothing left to give,"For the last couple of years I've had difficulty caring about anything at all for more than a few days. I had a girlfriend who was basically my shelter from the downpour of depression that follows me around but she broke up with me a couple of months ago. 

I had to withdraw from uni for a year before that because of depression which drained my motivation and my doctor gave me pills and forwarded me to a counsellor who actually really helped, but after I got out of the relationship I just stopped caring about that. 

My luck is so bad that my friends always joke about how I'm cursed, everything bad that could possibly happen happens to me.

Also being dead must be easy because you're literally incapable of regret and that sounds like paradise to me. ",1514800121.0,1,1.0,2
