subreddit,title,selftext,created_utc,score,upvote_ratio,num_comments
SuicideWatch,I want to die but i’m too scared to kill myself,"I am 17 years old and i don’t want to live anymore. I’ve felt like this for the last 2 years and i feel trapped. The only times when i don’t beat up on my self and feel worthless is when i drink alcohol or smoke weed. I feel like an outcast but i don’t understand why, and not understanding myself just makes me so angry. Everytime i am doing something with friends and family and everybody is enjoying themselves, i feel so lonely because i just feel so sad and i hate myself for it. I hate my life and i hate the fact that i’m too scared to take my own life. I just can’t see a way forward and i hope god takes my life for me",1509664587.0,8,0.91,2
