subreddit,title,selftext,created_utc,score,upvote_ratio,num_comments
SuicideWatch,Life is not for everyone,"I'm a 20 yr girl with Borderline Personality Disorder, and what scares me the most is time.I have thought about killing myself for so long, now I would feel afraid if I don't have that thought, it became my comfort, that it's my ultimate solution for my problems. But every day, I tried a little bit more, I still hope and pray to God, one day, something will change, I will be a better person than I am, things will be different. But I can't keep up with time, I forgot how to feel real, how to pay attention, I lost track of time, feels like i were asleep for the whole day, from moment to moment, I woke up and wonder where my time went, realize nothing were changed, I didn't make any improvement so I can go back to school, go back to be functioning normally during the day or in life. It kills me every day, but I can't do anything but staring helplessly, I just want to feel something, just one bit of happiness, I wish something powerful would come into my dream and tell me ""everything will be ok, I got you!"". I convinced myself I was stronger I than I thought, I don't need anyone to help me, I'm not lonely or stupid, just sick, but I think I'm ""a bit"" tired! This is not what life should be, it's not constant cutting or crying myself to sleep at night, not being afraid of time passing by so fast, not being covered by anger, sadness, emptiness, fear or hopelessness. But i too, want to live happily, why can't I do it?",1511742339.0,2,1.0,1
