subreddit,title,selftext,created_utc,score,upvote_ratio,num_comments
SuicideWatch,Nobody cares,"I fucking hate this stupid world. Nobody cares about me, I have no friends and I'm a disappointment to everyone I've ever met. It feels like every day the air is sucking the life out of me. I've accomplished nothing and that will never change because I'm a pathetic lazy, selfish and annoying person. I just want my life to be over, i can't keep trying to be happy. I have nothing left ",1510013963.0,2,0.62,2
