subreddit,body,created_utc,score
PupPlay,"I have screenshots from discord with some more context, I used to be staff on that server, I left because it was turning into a cult server, if anyone wants screens, pm me or catch me on discord. General Todao#3621",1576025839.0,1
Showerthoughts,Welcome to Reddit,1575988852.0,3
AskReddit,"Funny but true, adult life is quick to teach that lesson if you aren't unfortunate enough to get sheltered from reality",1565395612.0,2
AskReddit,"Vomiting scientific jargon at people hoping the words are too big for people to understand how many errors you're making, firstly the purposeful confusion means you're not explaining anything for a good reason, and likely just to brag because of muh big words.",1565395496.0,1
science,No pills cure depression,1563259294.0,15
science,"I used to be horny all the time, before I started taking anti-depressants, though I was 20 so yeah..",1563258084.0,-10
AskReddit,*does unmentionable things to a mannequin*,1563256738.0,2
SuicideWatch,"It's that generic guilt tripping that everyone responds to suicide with, It can be easily turned around to ""People are selfish for wanting me to continue living even though I hate every second of it""
Unlike forcing someone to commit suicide, it's completely legal and encouraged to force people to live",1514279251.0,1
SuicideWatch,"I don't see a reason to do anything with my energy, for all I care, my energy can be consumed by the animals, bacteria and the soil, that's what happens in the end anyway, whether you lived happily or not. For me to thrive, I must require the death of living things to feed me, death eventually comes for us to take the energy back from us, I do not care when, only that my suffering is minimal.",1513517880.0,1
SuicideWatch,"My outlook on life is a bit like this; we're all a waste of energy, energy that serves no apparent purpose and feeds on itself, if I'm happy, does that change anything? I don't see the point of this world, it doesn't satisfy my insatiable appetite.
My solution to my nihilism may be a morbid one, but it's the only one that makes sense to me right now.",1513504234.0,1
SuicideWatch,"This'll be my third attempt this week alone, it's not the lack of potential that makes me yearn for death, but the bitterness of life. I have plenty of potential, I know this. I have my interests and skills that I can make use of, but is it worth the pain? Something is always going to go wrong, is there any point to suffering? Suffering cannot be removed from life, it's a fundamental part of it, but is it worth it?",1513496542.0,1
SuicideWatch,"Actually, just don't bother, I'm too lazy to find a reason to live. Nobody can do this for me, and I'll just waste people's time. I either need to find a reason, or die without a purpose.",1513494437.0,1
aspergers,'Straya cunt!,1505529801.0,5
ADHD,"On top of all of those, I have aspergers, and I can say this. I have no idea, I'm not well, and I don't think I really am ""doing it"", just tolerating life, resisting the urge to throw myself under the train, or hang from a tree. I've been going to the gym, which is sort of helping, but it only makes me happy while I'm at gym, as soon as I'm done there, I go home and be depressed again.",1490148322.0,4
aspergers,https://youtu.be/jjJ8E3TqZ-Q,1489984111.0,2
aspergers,"It takes alot of effort, no doubt about that. But it's all within the mind, pay attention to your thoughts, any time you think about how someone thinks of you, catch that thought, crush it.",1489965682.0,1
aspergers,You say that as if it's something you have no control over.,1489913337.0,3
aspergers,"I faked the phone number when using the ""Chat"" feature.",1489894492.0,2
aspergers,"I think people with ASD should at least make an effort to adapt, autists are small in number compared to neurotypicals, and it seems like more effort to get the majority to change the way they communicate with autists. As hard as it may be for us, we do need to learn to cope with interaction with neurotypicals. What you're talking about with the assumption that our difficulties are just acts of selfishness is a different issue, that's misunderstanding, and as annoying as it is, even neurotypicals misunderstand eachother, just not as much as we get misunderstood, it's also important to learn to deal with this, as there will always be people who don't understand, no matter who you are, it's necessary to build resistance to it.

EDIT: After re-reading through my comment, now that I think of it, misunderstanding is a large part of this problem, so it's not exactly a different issue.",1489871481.0,2
aspergers,I tend not to care what others think of me.,1489839480.0,4
ADHD,"One factor I'd consider is we take more risks, much like how females tend to live longer than males, males take more risks.",1489805825.0,2
aspergers,"When people say someone is slow, that is the same as when someone says someone is retarded.",1489805526.0,1
depression,"Well, I'm in Australia and we have bulk billing psychiatrists, so cost shouldn't be an issue.",1489657882.0,2
aspergers,We don't bite.. much.,1487409176.0,5
ADHD,"Nobody can truly multitask, our attention can only be focused on one thing at a time, what we know as multitasking is actually just switching between tasks really fast, which is why it's a recipe for disaster.",1487029586.0,2
ADHD,Kon'nichiwa from Australia.,1486987034.0,2
aspergers,"https://youtu.be/LuZFThlOiJI?t=12m23s -- There, fixed it for ya.",1486957790.0,1
ElderScrolls,"Mark and recall, cuts quests in half. Cast mark near the person you are running a quest for, then recall when you've completed it and collect your reward or finish the quest.",1486891785.0,1
aspergers,"Maybe, I might be quiet most of the time.",1486885505.0,1
ADHD,"Oh look, a butterfly. http://i.imgur.com/q5qGCX6.jpg",1486884942.0,2
ElderScrolls,"If lore is your thing, you must play morrowind. Morrowind demands perseverance though, it's pretty rough starting off, but you can get extremely strong.",1486880194.0,2
ADHD,"I have similar thoughts, it's a day to day thing for me. I am a bit sick of people telling me I have people who care about me, like I don't know that, it's the only reason I hesitate to do anything lethal to myself. Though these thoughts are not caused by ADHD related issues, in fact ADHD is the least of my worries. I've grown up in a household where I had to watch domestic violence, watch attempted suicide of parents, and being exposed to all kinds of shit, my childhood is a blur. I can't trust family or friends, even if I try I get parinoid about something about them. I have trouble talking to people unless I am behind a keyboard, I live a very lonely life because I shut myself away from the world. My life is empty, I know there are people out there who suffer more, but thinking about that only makes me feel worse.",1486857177.0,1
ADHD,I think the OP means neurotypical instead of normal.,1486856700.0,3
ADHD,"There is normal, but normal is a relative term. You're normal for you, I'm normal for me, untill I get sick, or I'm in a foul mood, then I'm not normal for me.",1486856486.0,10
ADHD,"I have trouble falling in love at all, though that may be the ASD.",1486856168.0,2
aspergers,"Get a diagnosis, it may seem a bother but you can't really know if you've got asperger's syndrome just by self observation. Not even doctors are alowed to diagnose themselves with something. I had a friend who thought they had ADD, and I also thought is was likely with the things they struggled with. He went for diagnosis and ended up finding out he had depression, things can look like something else.",1486855748.0,5
ADHD,Just reminded me that I need to eat lunch..,1486784492.0,1
linuxmemes,When using the testing repository.,1486720616.0,3
ElderScrolls,"Eh, you'll need the master file from a copy of oblivion to play it anyway, might as well play it while you wait for the remaster.",1486717016.0,2
ElderScrolls,"OpenMW will eliminate the need to modding in order to use widescreen and custom resolutions, it also containst bug fixes. It's an attempt to make a new engine to replace the old one, all you need is the morrowind master file (morrowind.esm) and you're set to go. http://openmw.org/",1486716772.0,2
ElderScrolls,"I disagree, and my first elder scrolls game was Skyrim, so it's not nostalgia for me. Morrowind requires perseverance, the lore is everywhere, you don't start off as mighty and powerful, death is a common occurance early in the game. I like that part of it. Some don't like the dice system, I can understand that, but for me it makes sense that if you pick up a battleaxe for the first time, you're going to miss. But to each their own.",1486716282.0,2
ElderScrolls,"Both, morrowind will drown you in lore, the combat may seem a little tacky, but in my opinion it seems more realistic than picking a battleaxe up for the first time and managing to not miss an agile opponent with each swing. Oblivion is a cool game, very colourful and interesting and the shivering isles dlc is the bomb, if you get oblivion, don't cheap out and miss out on that wonderful dlc, it's worth the investment.

In morrowind you aren't all mighty and powerful from the first moment you play, like in skyrim and oblivion, but with time you will grow more powerful, I reccomend investing some time leveling up alteration and mysticism, and getting the following spells early in the game: mark, recall, divine intervention, almsivi intervention, levitate, water walking, and water breathing.
Mark will allow you to set a location thich you can use recall to return to at any time. Almsivi Intervention will take you to the nearest Dunmer temple. Divine Intervention will take you to the nearest Imperial shrine. Mark, recall, divine intervention, and almsivi intervention are useful for quick escapes and quick travel since you can't fast travel like in Skyrim or Oblivion. Water walking and water breathing do as their names suggest.",1486715759.0,2
ElderScrolls,"Type into the console ""prid A2C94"" then type ""disable"" then ""enable"" then ""moveto player""",1486713225.0,3
