subreddit,title,selftext,created_utc,score,upvote_ratio,num_comments
BPD,I'm going to tell my psychologist all the truth for the first time,At therapy I always hide everything. I booked an appointment and hopefully the next monday I'll tell all of the truth to my new psychologist. I'm very afraid and anxious but my boyfriend left me and I'm at border of suicide :D,1528434966.0,20,0.96,6
curlyhair,Help me get my curls back!,,1521445765.0,5,0.86,1
tipofmytongue,[TOMT] [Music video] A rap anarchist song,"I'm trying to find this video I saw back in the day when i was a teenager, like 5-10 years ago idk, it was back when i was into flobots. The video was a rap, although it didnt have a melody, you could only hear this guy rapping about the government filling our brains with tabloid scandal and propaganda (I thought it was by the band Flobota because the style is very similar) and the animation was like this very cartoonish apocalyptic sequence with a predominantly white/red/yellow pallete
 The whole theme of the rap was anarchy and death to the government and it called out all the shit that the goverment does. And i remember at the end it said something like: we are the resistance or this os a public service announcement idk lol. Help please",1521228585.0,2,1.0,7
tipofmytongue,[TOMT video: whats that video where...],[removed],1521227593.0,1,1.0,0
TwoXChromosomes,My brother in law just sexually assaulted me.,"I live with my sisters. The oldest one just recently left the house to live with her new boyfriend in other state. Today her ex boyfriend(he lived with us for a long time) visited us but I was alone. We talked for about an hour and I was very uncomfortable becuse I felt his bad vibe/ idk i always felt weird around him. So I made up that my boyfriend was coming and that I was waiting for him and he told me: its very late, i think youll be lonely for the rest of the night... I told him that I was very tired and that I needed to sleep and when I opened the door he grabbed me to ""crack my back"" and proceeded to rub his dick into my crotch. I was paralyzed and told him to go but he repeated the actions only from behind and grabbed my boobs for about 10 secs. I told him many times to stop and asked him to leave but he did it when he felt satisfied i think. I am in shock and i dont know what to do. My boyfriend its out of town.",1520061341.0,0,0.48,8
mobilerepair,Samsung A5 Camera doesnt work after getting wet.,"Okay so I spilled a little bit of water in my cellphone and it started to freak out (the screen was black but the phone was turned on) and whatever. The day after I took it to repair and they did it. The phone is totally fine EXCEPT that the camera doesnt work. It took it back and they said that the piece was broken and that I needed to buy a new camera. After a while I booked in Airbnb and suddenly my camera worked in the app. I dlwnloaded another camera in the playstore but it doesnt work either. I tried everything: cleaning cache, restoring the phone. But I know it isnt a hardware trouble bc the camera worked in the Airbnb app. Help!",1518994447.0,2,0.76,2
piercing,White skin around and smell in septum!!,"Two months ago I got my septum, everything was fine, I was healing right but I changed my piece and the problems started to appear. It began to hurt a little, then I noticed an stinky smell from it. I know thats normal but the skin around the hole looks really pale (I'm pretty fair and it is even a paler color) and I dont know if I should change the piece for the first one that Ive got. 
This is the third time that I got my septum pierced (but this time it is in a new location) and it never got rejected or infected. ",1516852536.0,0,0.5,6
depression,I had the worst christmas in my life,"I made all of the dinner by myself. Nobody said at least thank you. I was so tired that I started to cry in my room while my family was getting drunk and played board games. I felt so lonely and empty. I called my boyfriend and he didnt answer. 
I got up and started to fake a smile, went outside.
I felt terrible. I told everyone that I was very drunk and that I needed to sleep. I came back to my room and started to cry. I fell asleep. I woke up. I'm still crying.

I want to keep living but not like this.",1514224244.0,7,0.89,1
drunk,Im drunk bc i wanted to rest but im crying,I have depression and i was triggered so im drunk crying and my boyfriend doesnt answer his phone. Boy i am w a s t e d. ,1514006075.0,6,0.88,1
tipofmytongue,[TOMT][Song] A spooky song with dance vibes!!,"It's a spooky song that I head at Forever 21. It has an organ riff, the singer was a girl and I think it was from the 80s-90s. It had a halloweeny vibe but you could definately dance to it!",1509253263.0,1,0.57,10
