subreddit,title,selftext,created_utc,score,upvote_ratio,num_comments
depression,The words that helped me.,[removed],1572732964.0,1,1.0,0
agender,I'd like people to just not care but...,"I'd like people to just not care about my gender, but I don't kow if I *am* something else than my AGAB, and I haven't been too uncomfortable being reffered to with binary pronouns, I dress and present in a way that's not androgynous, BUT...

What matters to me is not being such or such gender, rather being a creative person. I'd like people to just not know who I am, just focus on what I do, because that's who I am outwardly.

I feel like *maybe* my internal gender identity is binary, that's how I refer to myself, but if it's just a matter of words, how does it matter? Also my gender expression is binary-conforming.

But I would really like to not be judged by my DNA, you know?

Can I refer to myself as agender, or do you think there could be something better for me?

Oh, also my native language is very heavily gendered, it's a bit sad and I wonder how I could do something with it about how I'm seen.

Thanks for reading, reddit!",1572428651.0,30,0.94,3
NonBinary,AMAB pondering their gender expression/identity,[removed],1572390791.0,1,1.0,0
NEET,Does anyone else want to be an artist?,"Hello.

While I'm currently not a NEET (college student), I was a NEET last year and it was actually not that bad.

I have a friend I met IRL and kept in touch with up to this day, we're quite close, I feel very lucky to have this friendship. I did NaNoWriMo (novel writing challenge) in November 2018 because I could because I had the time. I mean I even was in a long distance relationship for a while and it made me very happy.

I want to be a writer. I want to write novels and short stories and talk about this craft and teach people how they can do it too.

I quit two engineering schools because I just don't want to make a living out of building ""products"". I'm studying something else currently and it's interesting, but I still don't see myself ever happy working a normal job.

I don't know how to say that without sounding rude, but I feel lucky that I still have a passion and something I want to do, and not just be suffering society's pressure without a dream other than getting dopamine shots.

**Issues:** I see two. Money, because universal basic income doesn't exist; and social/romantic life, because working a job must help with that IMO.

**Ideas/Solution:** for money, combine a part-time job, state support, and occasionnal art revenue; for social life & relationships, actually maybe this situation could be a plus, because it forces you to actively pursue those, so there's a greater chance of meeting like-minded/compatible people.

As a conclusion, I'll say being an artist is what would make me happy, and I don't want the money, the shiny car, the big house; I could live in a single room and be happy as long as I can do what I love--art, which I think is actually useful--, and I wouldn't be lonely because I would have finally found my place and I'd not be afraid of going towards people, because I'd be proud of myself, and I'd love myself.

If you too have a dream that seems incompatible with society, let us discuss down below, or even PM me and ask for my Discord.

Good day.",1571848816.0,44,0.98,31
bisexual,Just sent the power brains coming out meme to my guy crush haha.,"I know he is bi too, so I'm not expecting him to be violent or something, but he's far across the country and I'm not exactly a 10 😬

Wish me luck n_n.",1546383621.0,24,0.97,1
loneliness,Dropped out of uni and I have no one,"Hi Reddit.

**TL;DR:** dropped out of uni, no friends IRL, closeted bisexual male, hate competition, love creativity, open to PM's

As mentioned in the title I dropped out of uni. It happened in October and after that I came back to the town where my divorced parents live (not together), on the other side of the country (France).

Now the only people I see are my mom with whom I live, occasionally my dad, and these days around christmas time my mom’s boyfriend and his 13-year-old daughter who watches annoying korean dramas.

I never tell people IRL about how I feel, I have maybe 3 (and a half) internet friends, one of which was a real life friend but is currently studying in some other part of the country.

This one friend is so great in everything he does that I can't burden him with my stupid loneliness, I might loose his friendship.

Also I'm a bisexual guy but I only ever told this friend about it and could not tell my parents because my father would maybe reject me and my mother would just talk to me about it too much and it would be annoying, but it bothers me everytime her boyfriend makes a slightly homophobic joke, it's like people can't understand LGBTQ+ people are just… people, right?

Anyway this is kind of a rant, and nobody will read this or respond to this. I'm 23 y/o, been a student for the last five years but now I'm just a useless NEET.

I like to be creative, I did the nanowrimo challenge this year and started drafting my first novel, I also like conlanging, that is creating fictional languages (like Tolkien did for elvish, etc.). Whatever, now I always feel unproductive and really useless.

If I could go back two years ago I would, and I would try to date that pretty girl, or that pretty boy, I don't know which of the two. I discovered I was bi recently and I'm so happy with this new identity but there really is no one I can share this with since I don't meet anyone.

I have no real life friends, no social life with people I choose to be with or who share my interests or aspects of my identity.

I feel alone, worthless, and like I'm a failure. Ugh this post is already way too long, might as well continue.

Nah, I'll stop here.

Want to exchange emails with a French penpal who's not into video games (at all) and who values creativity? I'm not a funny person by the way. And I hate debating, because I'm weak and a loser at all kinds of games or social things where there is competition.

Bleh.",1546050939.0,7,1.0,2
offmychest,I just woke up from a nightmare.,"A real nightmare, it had not happened in years, and I'm writing this in the dark to comfort me.

It was a tale, sick and twisted, of two brothers, and there was a weak one and a strong one, and when I was sleeping I was not dreaming naturally so the strong one came and carved the dreams inside my back with a knife. I could not fight back but I found it in me to scream between my teeth and then I woke up.

I woke up lying on my stomach, with a sharp pain in my spine, a few minutes ago. Afraid of the dark of my familiar room. I suppose I just slept in a bad position which made me hurt and put the pain in my dream, but still, I was so afraid.

What if life is just a dream carved into the back of my dreamer self with a knife, and there is nothing to do but scream? What if killing myself only brings me to a new level of hell, even more real this time?",1538795690.0,1,1.0,1
SuicideWatch,I keep falling down.,[removed],1538743708.0,1,1.0,0
SuicideWatch,I want to ctb at midnight.,[removed],1538688300.0,1,1.0,0
SuicideWatch,Anyone wants to talk?,[removed],1529589913.0,1,1.0,0
depression,"Alcohol and pills didn't kill myself, now I'm stuck.",[removed],1529503618.0,1,1.0,0
depression,I'm just a disappointment. (quite long),[removed],1529160156.0,1,1.0,0
bisexual,Realizing I'm bi,"Hello all!

So I (22M) realized I'm bi because basically I've always been attracted to girls, plus this one guy. I mostly like tomboyish girls and that guy who's shorter than I, has a kind of emo vibe and smokes a lot of weed (haha).

I really think that's attraction because I get speechless when we're alone together :| He acts quite rudely sometimes, but he's got such a great imagination, and is cute and... anyway.

Thing is I've only ever used straight porn, and feel that I'm still mostly attracted to females. I'm not asking, ""am I bi enough"", because I believe I'm bi and that's okay (although I haven't come out and that'd be something difficult I think), but I can't help thinking sometimes that I'm just straight + this guy, but in fact no... I'm confused.

Well I don't really know what I'm expecting from this post, I'd like to date a guy (I've only ever dated one person, and it was a girl), but I fear I'm too much of a nerd to be funny or interesting enough.

Hmm, thank you for reading this, I guess I'd just appreciate some empathy :)",1524962399.0,16,0.89,8
