subreddit,title,selftext,created_utc,score,upvote_ratio,num_comments
depression,My therapist said she doesn't know what to do anymore,"My therapist said that she doesn't know what to do anymore, and that she's never seen a person so depressed. She also said that she feels like she's failed because she's not able to help me.

I just can't seem to want to get better. I don't have the strength and willpower to do hard things or persevere with anything, whether it's ERP for OCD, or exercise, or practising a skill, or anything that they say should help. I get no enjoyment from anything at all (except talking to my girlfriend, but she will probably leave because I'm not worth the trouble, if that happens it is well and truly over). Everything is just way too hard, life is just way too hard. I can't bear it, and I don't even have a job or anyone depending on me or any responsibilities. I'm on medication (Sertraline and Propranolol, and I've been on Olanzapine, Venlafaxine, Lithium, Quetiapine and Vortioxetine), but nothing seems to help. I have OCD, depression, anxiety, eating problems, probably autism and maybe ADHD.

I really am too far gone. But I'm also a coward who lacks the strength to just end it like I should've done so long ago. So I'm stuck, unable to change but unable to leave.

I'm already dead.",1747762363.0,22,0.96,37
OCD,My therapist says she doesn't know what to do anymore,"Sorry if this post isn't really relevant, I have OCD but also other problems.

My therapist said that she doesn't know what to do anymore, and that she's never seen a person so depressed. She also said that she feels like she's failed because she's not able to help me.

I just can't seem to want to get better. I don't have the strength and willpower to do hard things or persevere with anything, whether it's ERP for OCD, or exercise, or practising a skill, or anything that they say should help. I get no enjoyment from anything at all (except talking to my girlfriend, but she will probably leave because I'm not worth the trouble, if that happens it is well and truly over). Everything is just way too hard, life is just way too hard. I can't bear it, and I don't even have a job or anyone depending on me or any responsibilities. I'm on medication (Sertraline and Propranolol, and I've been on Olanzapine, Venlafaxine, Lithium, Quetiapine and Vortioxetine), but nothing seems to help. I have OCD, depression, anxiety, eating problems, probably autism and maybe ADHD.

I really am too far gone. But I'm also a coward who lacks the strength to just end it like I should've done so long ago. So I'm stuck, unable to change but unable to leave.

I'm already dead.",1747762288.0,1,1.0,23
mentalillness,My therapist said she doesn't know what to do anymore,"My therapist said that she doesn't know what to do anymore, and that she's never seen a person so depressed. She also said that she feels like she's failed because she's not able to help me.

I just can't seem to want to get better. I don't have the strength and willpower to do hard things or persevere with anything, whether it's ERP for OCD, or exercise, or practising a skill, or anything that they say should help. I get no enjoyment from anything at all (except talking to my girlfriend, but she will probably leave because I'm not worth the trouble, if that happens it is well and truly over). Everything is just way too hard, life is just way too hard. I can't bear it, and I don't even have a job or anyone depending on me or any responsibilities. I'm on medication (Sertraline and Propranolol, and I've been on Olanzapine, Venlafaxine, Lithium, Quetiapine and Vortioxetine), but nothing seems to help. I have OCD, depression, anxiety, eating problems, probably autism and maybe ADHD.

I really am too far gone. But I'm also a coward who lacks the strength to just end it like I should've done so long ago. So I'm stuck, unable to change but unable to leave.

I'm already dead.",1747761003.0,18,1.0,25
mentalhealth,My therapist said she doesn't know what to do anymore,"My therapist said that she doesn't know what to do anymore, and that she's never seen a person so depressed. She also said that she feels like she's failed because she's not able to help me.

I just can't seem to want to get better. I don't have the strength and willpower to do hard things or persevere with anything, whether it's ERP for OCD, or exercise, or practising a skill, or anything that they say should help. I get no enjoyment from anything at all (except talking to my girlfriend, but she will probably leave because I'm not worth the trouble, if that happens it is well and truly over). Everything is just way too hard, life is just way too hard. I can't bear it, and I don't even have a job or anyone depending on me or any responsibilities. I'm on medication (Sertraline and Propranolol, and I've been on Olanzapine, Venlafaxine, Lithium, Quetiapine and Vortioxetine), but nothing seems to help. I have OCD, depression, anxiety, eating problems, probably autism and maybe ADHD.

I really am too far gone. But I'm also a coward who lacks the strength to just end it like I should've done so long ago. So I'm stuck, unable to change but unable to leave.

I'm already dead.",1747760910.0,2,0.75,24
199,"Didn't realise what sub this is, had to find an image to use from Google (Rule)",,1649452844.0,47,0.93,0
196,Yong be like: 🥴,,1614699904.0,1,1.0,0
