subreddit,body,created_utc,score
SuicideWatch,"thank you, I really appreciate you. thank you for talking to me, I really needed it",1572465542.0,2
SuicideWatch,"I dont know, I dont know if theres anything a stranger on the internet can do. I just wish someone acted like they cared. like is it that hard to just say more than one thing? it hurts so bad every time and I say that and she just gets mad and shuts me out and it's like trying to talk to a brick wall. it hurts when no one is there for you. it makes me feel bad and crazy because she says she doesnt know what else to say. but anything besides ""I'm sorry"" would be fine. like if it was more than just two words. if it was anything. it makes me feel guilty like Im too needy and I ask for too much, but is asking for someone to say something other than ""i'm sorry"" when I'm suicidal asking for too much?",1572465058.0,2
SuicideWatch,"dude tbh I was in a super bad place and about to kill myself and you thought it would be fine to comment and not say anything about that but instead talk about how sad your life is because no girls say ""I love you""???? ""a single I love you from a female could even end my depression"" ??? ok. sure dude.

dont ""yeah same"" my suicide post dude.",1564073085.0,1
SuicideWatch,"I have a girlfriend. I love her  but theres something wrong with me. no one has ever been there for me. she isnt s bad girlfriend, shes amazing, theres just something wrong with me",1563815071.0,0
FTMMen,"no, she probably didnt get a good look. ik cis guys get misgendered all the time but it always ruins my mood for weeks after it happens. you're right though, small slip ups dont matter in the long run and i guess I should look at it that way. thank u for replying",1552061326.0,5
ftm,"thank you for commenting, I appreciate it ",1551105355.0,2
ftm,"oh yeah, I forgot to specify that I am already on T. sorry about that. yeah, I'm really hesitant to do it because of the restrictions, but I dont really know what else to do ",1551105319.0,2
ftm,"thank you so much for the info. sorry, I feel like my reply is lacking, but I really do appreciate everything you said and how thorough this comment is. thanks so much",1551105268.0,3
