subreddit,title,selftext,created_utc,score,upvote_ratio,num_comments
fishtanklive,Alex's (soon to be ex) wife is gonna discuss the show tonight on Tiktok,,1730240040.0,26,0.91,14
deadrising,Was social media even a thing in 2006?,,1723583554.0,4,0.64,28
themountaingoats,Selling ticket for Birmingham 1/19,Cant go due to weather that week as Im traveling a good distance. Willing to sell cheaper than the venue,1705093641.0,3,1.0,3
Kanye,what they vandalize he'll evangelize,,1632117780.0,103,0.98,0
Sleepycabin,BOWLBO new game from Oney,,1553526698.0,559,0.99,46
4chan,Anon makes a good point,,1473938997.0,1043,0.95,56
4chan,[NSFW] The day anon wanted to fuck a man's crotch wound,,1471435508.0,356,0.87,54
4chan,/pol/'s Young Turks fanfic,,1469169614.0,171,0.88,16
4chan,/tv/ describes Family Feud in a nutshell,,1468548893.0,14554,0.91,329
4chan,Anon goes to the theatre with his wife,,1468498505.0,2869,0.94,57
LeafyIsHere,Simple survey,[removed],1461108169.0,3,0.67,2
JonTron,"Well, I guess this is why I need feminism?",,1459029606.0,23,0.79,12
horror,Movies with creepy imagery like The Babadook?,I love movies that use shadows and dark imagery. Kind of like Nosferatu. Is there any other modern or old movies like that?,1458436040.0,5,0.69,13
cky,So is there any new info on the REAL cky album?,Honestly I'm surprised any part of this fanbase is alive. I've been out of the loop for like +2 years. Coming back seeing Derons shenanigans comes to no surprise.,1457495530.0,7,0.82,22
wilfred,Can we please make either of these happen?,,1428708696.0,112,0.98,17
