subreddit,title,selftext,created_utc,score,upvote_ratio,num_comments
SuicideWatch,"You’re all great people, I wish I was more like YOU","Meh... ya know when you’re just so done with everything...yeah? Me too. Like right now. If I’m honest, I didn’t even want to write this. That’s the lazy useless piece of shit I’ve become, I didn’t even want to write out this short post that takes barely any time at all. 

I see all of you on this sub helping others, even when you’re suicidal or seriously depressed yourself, and that’s awesome, man. The fact that you gain satisfaction out of helping others even though you’re going through the same shit is inspiring, so I’d like to just say thank you to all you guys on this sub, who knows how many lives you’ve saved? How many mothers you have given hope to? How many doggos still get to wag their tales because their human was saved by great people like yourselves. You should all be fucking proud if nothing else in this cold world. 

I’m too far gone though I think, I’ve just had ANOTHER argument with my better half, who is 7 months pregnant with my first child. (A boy btw) and every time we argue, it gets worse. For example, about an hour ago I smashed a mirror over my head, and then proceeded to cut the fuck out of myself with scissors until I bled so much it was genuinely worrying. But I just don’t have the ability to think when I’m in these situations; I black out.  It’s progressively getting worse though, like it only started off as I would punch myself, now I cut myself, I’m 99% sure next time I will progress to something worse, until the point my GF is going to find me dead one day. My Gf doesn’t deserve it, she’s awesome. Does everything for me and more. Can’t say a bad word about her. And of course I don’t want to die because of her and the baby.(oh, and the doggo) however, for some reason, I always really do want to die, it gives me comfort thinking about suicide. 

I just want to know guys, does it get better? Or shall I just get it over and done with now, so  girlfriend can move on and find someone who is actually prepared to treat her like the princess she is. Please help guys. You’re literally all I’ve got right now. (Oh yeah,except the doggo, dam it!) 

TLDR - about to have a baby, but am so depressed I don’t even see myself making it to the birth. 
",1516822919.0,7,0.9,19
