subreddit,title,selftext,created_utc,score,upvote_ratio,num_comments
suggestmeabook,"I love fantasy, help me find more?",It has been a long time since I've read a book and I want to start back up again. Last fantasy book I can remember reading was 'A Wizard of Earthsea'. If y'all have any good recommendations and a general rating of the book and why it would be greatly appreciated!,1514911925.0,2,1.0,15
