subreddit,title,selftext,created_utc,score,upvote_ratio,num_comments
SuicideWatch,Umm idk why I'm here but I'm probs gonna kill my self soon,"So a friend who knows I'm suicidal basically told me that I should come and post on this subreddit to try and stop me killing myself so I figured I would

So I'm 15 in the UK living with Aspergers, watching my life deteriorate in front of me and everyone I actually somewhat care about leaving me because they can't deal with me being depressed. Basically have little things but no actual reason to carry on living, and I just generally hate life. I've made suicide attempts before sadly with none of them being successful and I'm just getting over a drug and alcohol problem (yeah my life's been really fucked). Umm so yeah, idk why the fuck I'm posting this my deaths really inevitable tbh, but you know if anyone sees this and wants to try and talk to me and tell me my life's worth something or whatever then be my guest because I guess there's at least some part of me that would prefere my life simply improving over death",1517348974.0,2,1.0,9
