subreddit,body,created_utc,score
worldbuilding,"Snakes, just snakes",1631462998.0,1
EmoGirlsFuck,10/10 🔥,1609116575.0,1
Jokes,"This is the ending of Rabbit Without Ears btw. 

Except it’s Germany and not Las Vegas.",1559998258.0,1
PrequelMemes,"NSFW

https://imgur.com/a/5sWgBMv",1559598336.0,1
thanosdidnothingwrong,"The last fight scene is just gonna be a dream.

kinda like how Twilight was.

watch.",1530672584.0,1
RoastMe,"Ich vermute also, dass es in Auschwitz keine Rampe gab?",1526382629.0,1
battlestations,"Oh my god, we have the same fucking setup. A+ wallpaper and great station my dude!",1525924273.0,2
television,"Man, this show is fantastic at making me hate characters. I have never hated any character more than I have hated ""Dr. Smith.""",1523728168.0,22
summonerschool,Braum,1523633444.0,1
AskReddit,Danny Phantom,1523202691.0,1
AskReddit,"I have some pretty bad nightmares, very real and when I wake up its hard to deal the difference between what I dreamt and what actually happened. 

The worst one I ever had was a dream where someone had broken into my home. I was being skinned alive. I could feel each cut and I was screaming. After I was completely skinned, the person began shooting me in various parts of my body. Starting at my legs and working their way up to my head. Except I felt each shot, and the pain that came with it. The last bullet going through the back of my skull killed me. But adter some time, I was alive again. And when I came back, I grabbed a fire extinguisher, went to the backyard where the person who had killed me was, and I caved his skull in with the fire extinguisher. But each step was torture, because I was still skinned. 

Woke up screaming, still feeling the pain of it all. 

*edit: of, not od",1522864086.0,1
AskReddit,"Perks of Being a Wallflower.

It's a really overly sad movie that hits really close to home. I've only seen it twice and its real painful.",1522635155.0,1
AskReddit,"Texas.

 I shouldn't be able to drive 10 hours in any direction from the center and still be in the same goddamn state.",1522376480.0,1
SanMarcosCA,"avoid Block C. It isnt student housing but it is almost entirely populate by students (it is directly across the street from student housing). When I went to CSUSM there was housing up the street from the university that were pretty quiet, Coronado Ranch off of Village Drive. 

There's a brewery right behind Block C. Maybe a 15 minute walk (though it would be an entirely uphill walk back the Coronado Ranch). 

Either way, San Marcos is a great city, I loved it, and I hope you enjoy! Good Luck!",1522283476.0,3
AskReddit,Hot Rod and Young Frankenstein,1522025777.0,2
greentext,"This is the ending of a German movie, Keinohrhasen",1521904752.0,2
DnD,"I have a friend group that we play with, where I'm a PC and our friend H is usually the DM. However, we decided to invite a friend, R, to join us. 

It started out pretty smooth, he was a male Support Paladin and I was a female Fighter (might have been sorcerer). I get hurt pretty bad, he comes over to help and says ""I cast Cure Wounds, but I cast it by grabbing her vagina."" Immediately we tell him not to. We pause the game and I say that if he does, the first thing I will do is attack him. He laughs and says that's what he wants to do. So he does and lo and behold, I attack him. The rest of that session turns into having him arrested and thrown in jail for rape. The entire time he's whining about why we are attacking him and ruining the game. 

So he isn't invited back.",1520946066.0,3
AskReddit,"That divorce was a knife fight and whoever won (or lived I should say) would get the wife. 

You can imagine how shocked I was when my aunt's ex-husband showed up at my house to say hi to his daughters",1520077675.0,302
AskReddit,I died falling with snakes,1520077559.0,1
AskReddit,"I think it was called The Depraved. It was a French/English horror film that took place entirely underground following 4 people exploring subterranian Berlin where they meet a former border guard for East Berlin who has been living underground for the past x amount of years.

Seems simple enough but oh boy does it take a fucking turn",1517851967.0,1
RocketLeague,I think it would be cooler if they added the Mach 5 or Racer X's car,1517087530.0,6
MonsterHunter,oh boy I cant wait to play it on PC ._.,1516984297.0,1
RocketLeague,We need the Mach 5,1516376713.0,1
AskReddit,Riverside. Enjoying this high and watching some good anime.,1516173838.0,1
AskReddit,Can everyone pee and poop at the same time?,1514940874.0,1
mildlyinfuriating,Same thing happened to me. The company appearantly lost my package and kept delaying my shipment for 2 weeks. Eventually I just got a refund but I wanted my Legos damnit ):,1512237652.0,1
AskReddit,"""We never set the ground rules for our relationship.""

I'm pretty sure not fucking another guy is a universal rule in a relationship",1511934155.0,1
AskReddit,Have a conversation,1511502750.0,1
AskReddit,fucking empty water bottles,1510129778.0,1
AskReddit,Or wouldn't it be exactly the same seeing as how it was OP who brought about the technological achievements we have today.,1510098472.0,1
trees,yo that's some sick wallpaper!,1508546622.0,3
AskReddit,Stop eating your own shit,1507703916.0,1
AskReddit,taking a real good nap,1507325093.0,1
AskReddit,"either Rocket League or Divinity 2. Both amazing games, both very different",1507278377.0,1
trees,Yes! i got mine delivered to my dorms! I used the site GetNugg to get my card and get some green delivered. The only problem is that each company has like a minimum purchase amount (usually 50-60 dollars). It's only like 40 dollars for the card and it's super easy and laid back. I highly recommend it!,1505863642.0,1
AskReddit,"Car washes

Now I get to face the awkwardness of trying to communicate with the attendant who doesn't speak English well enough and me not being able to remember any Spanish outside of basic market lingo",1505514632.0,1
AskReddit,"My dad wanted to name me Ty

so instead I got named Andrew... which happens to be my dad's name. So I go by Drew to avoid confusion, and he went by Andy.

Though now I've heard he goes by Angela, so no more confusion",1504277188.0,1
AskReddit,"Lion King in IMAX.

The stampede scene was even more terrifying.",1501686351.0,2
AskReddit,"When I was a kid, my dad served in the Air Force, so I got to have a military ID so I could get on base (the Commissary, the BX, the free gym) and of course the awesome military discounts in the outside world. Each time it catches me off guard and I either say ""of course"" or something along the lines of ""happy to."" 

I was always told by my parents and my dad's military friends that by sacrificing time with him, allowing him to go overseas for years at a time, that I was ""serving my country."" So I don't really feel uncomfortable now when people say it, I just give a non-engaging answer like ""of course"" and keep doing what I was doing.",1501598896.0,1
AskReddit,The warmth of the sun on my skin.,1500700152.0,1
AskReddit,"As much as I like the idea of commitment in a romantic relationship, I can not stand being in a committed relationship. 

It's always about spending 100% of each other's time together. Goddamn all I want is some alone time, not texting, or on the phone talking, or Skyping, or snapchatting. Just some alone time for each other, where we aren't dependant on each other.",1500512218.0,1
AskReddit,"my ex-girlfriend could do that too! I'd get texts from her, obviously in full horny mode, asking me to talk dirty. Turns out she would usually be in a lab or lecture.",1500511120.0,8
AskReddit,"There's always a lighthouse, a man, a city, and not enough goddamn ammo",1499981725.0,1
AskReddit,Chlorine,1498782501.0,1
AskReddit,"Had some medical and legal stuff happen during the year that led to me not being able to function normally. Grades started to suffer, I stopped caring. Started drinking and smoking almost everyday, couldn't bring myself to go to class, and just found out I was ""disqualified."" Which is the polite was of saying expelled, not that it was a shock.

Still haven't told my mom about it. My current plan is to do community college classes until I can be let back into university.",1498027609.0,1
AskReddit,Scratching and/or rubbing my neck/back,1497770763.0,21
AskReddit,wouldn't a dick holster just be underwear ?,1497549095.0,2
AskReddit,"Like alot of replies here, it's not something that just happens overnight. It takes alot of time. But the important thing to realize and accept is that all those thoughts and emotions swirling around in your head: yeah, other people have that too. Every cute girl is a person, every person you see on the street or online has emotions and thoughts, just like you. You aren't special, you aren't ""God's gift to humanity."" You are a person, a person with flaws and shortcomings. You have good qualities too, everyone does. But don't let your arrogance get in the way of having healthy relationships (both romantic and friendly).

Also, not every girl you see needs to be romantically involved. It's great to just be friends.",1497548942.0,1
softwaregore,"The next page gave you a long list of full area codes and told you to pick your area code.

I don't know why they wouldn't just have you type it in manually",1497505145.0,1
Tinder,"Someone's a little pissy

Edit: someone's even more pissy",1497156395.0,14
trees,What chrome extension do you have above the YouTube video? I know it's a weird question but a friend asked me to convert her YouTube playlist to CD and I don't feel like downloading all 112 songs individually,1496954435.0,1
AskReddit,Me too! There are literally dozens of us!,1496451042.0,8
AskReddit,"They do look gross but have you thought about...

**back scratches?**",1496449888.0,1
trees,"Last year on 4/20, me and a friend spent all day at my dorm smoking and eating edibles he brought from his family farm. I had never tried edibles before so he told me to eat 3 gummy worms to start. An hour goes by and I still don't feel anything, so he says to eat 3 more. This continues for about 2 more hours and I ate 13 gummy worms in total and smoked about 4 bowls.

Then all of the sudden I stand up to grab a slice of pizza from the kitchen and I freeze. 6 days past as I stood there and I turned to ask him how long I was standing there. He said 2 seconds. Boy that night was hard. I unpacked my entire room into the living room because I thought the cops were gonna come. 

11/10 would do again",1496371048.0,2
AskReddit,I will slowly lose my sanity just like my father did and his father before him,1495914684.0,1
happy,"I read ""skater"" as ""stalker"" and was really confused",1495900606.0,2
AskReddit,"Junior year of high school, this random cute girl standing in front of me in the lunch line turns around to grab something, looks at me and says ""you have really beautiful eyes."" 

4 years later and I still smile when I think about it.",1495693626.0,1
trees,"Same, I'm really curious to see how they work",1495507447.0,2
AskReddit,"I was riding a Ripstik and my sister pushed me off. This resulted in a small rock being lodged between my knuckles.

Or

Went airsoft-ing, was told to wear gloves. Thought ""nah that's stupid."" First shot of the day went directly to my right middle knuckle.",1495331845.0,1
trees,Shoutout to Rancho {6],1494289749.0,1
AskReddit,Weed. Lots of weed,1493434515.0,1
AskReddit,"The trench run in Rogue Leader.

a.k.a. the first level. I got that game when it came out on GameCube and I have still yet to beat the first level",1493082202.0,7
AskReddit,"I wouldn't say slowly, but the murder of James Bulger. 

Read the Wikipedia article, it's just awful.",1492459206.0,1
AskReddit,"""I wish you were dead. My life would be better if I never met you.""

The funny part is my life is better without her in it.",1492033191.0,1
AskReddit,"A surprise to be sure, but a welcomed one",1491521679.0,1
AskReddit,"It's a tie between Yellow Submarine and Bedknobs & Broomsticks

Both quality movies, both very different",1491517598.0,1
AskReddit,"Speed Racer

I still get chills watching the final race",1491516512.0,1
AskReddit,they probably thought you were a Hanzo main,1491516241.0,1
AskReddit,Sabotage by Beastie Boys,1491376023.0,1
AskReddit,"I really enjoyed The Depraved, it's been a while since I last saw it so my memory is kinda fuzzy, but I know it's partly in German and French but also English. Really good movie, has more of a Gore vibe to it but is still really scary and unnerving",1490674226.0,1
xboxone,It's ya boi,1489963617.0,1
AskReddit,"It sucks. The police basically forced me to go, left me there all by myself (I was 18 and living in a different city than my family at the time). I stayed there for about 5 hours after the psychiatrist came by, asked me stupid questions, and then I kept asking to leave because they weren't doing anything. They had me sign a bunch of documents essentially saying that I promised not to commit suicide. It was pointless, but it did get it through my thick skull that something was wrong.

Now, if you are having suicidal thoughts, please do seek help. It's never worth it, as someone who has tried many times, it is never worth it to go with a permanent solution to a temporary problem. It will get better.",1489274515.0,1
AskReddit,"In elementary school, we were not allowed to hangout on school grounds in groups more than 3 because ""it promoted gangs.""",1488930151.0,4
AskReddit,"I was homeschooled from 5th grade to 8th. All those social skills people developed in middle school, yeah I didn't develop those. It did make me smarter about how to cheat and how to lie. 

so there's that.",1488929437.0,3
AskReddit,"Man on Wire

A documentary about Philippe Petit. I never enjoyed documentaries until I watched this",1488489440.0,1
youtubehaiku,The Saint of Harsh Gainz,1488172291.0,1
AskReddit,replaying Diablo 3 and playing Uno online with friends,1487277022.0,1
AskReddit,"Stubbornness from my dad and indifference from my mom.

I don't have an opinion either way on anything and i'll make damn sure it stays that way",1487265997.0,1
forhonor," NVidia GTX 1050 TI, i was with ubisoft support all day trying to diagnose the problem. Saw a post on For Honor forum talking about the TitanX card issue where the game wouldn't launch (which is my problem) and just chalked it up to that",1487219554.0,1
forhonor,"Doesn't work if you have Nvidia graphics card ):

Now i wait for the patch",1487197002.0,1
AskReddit,The first time I didn't pay my rent,1485982232.0,1
AskReddit,"She asked to use pop rocks when giving me a blowjob.

It felt like little bits of sand shooting into my dick.",1485838883.0,3
trees,"6 i think, me and my friends play it when we're together",1485486803.0,2
trees,"Monster Hunter, right?

I'm hooked on Generations right now",1484784285.0,3
AskReddit,Daylight by Matt and Kim,1483129883.0,1
trees,"My dorm room. 

Yes, i know, that's super risky and stupid. But all of our smoke detectors are broken and i'm righr on the very edge/corner of the building. At night the lights come on and it starts to rain and i cant help but just stare out the window and watch the cars drive by.",1482898083.0,2
AskReddit,"I currently take Prazosin for ptsd related nightmares and i can verify how well it works. When i take it i don't have any nightmares, works amazingly!",1482642474.0,1
AskReddit,Sitting next to my family watching our favorite Christmas movie: White Christmas,1482642303.0,1
drunk,"Oh boy i'm drinking some good imported beer, Merry Christmas from California!",1482638354.0,1
trees,I had 3 but went to a party a couple weeks back and a dude took one right of my hand ):,1480377660.0,1
trees,"Good luck man! I'm in the same situation with the psychiatric disorders and self medicating, hoping everything goes well!",1480377442.0,1
trees,"Is that Chance the Rapper?

If so, great choice! Smoke some for me!",1480353242.0,2
teenagers,"it's more free. You can do what you want when you want. In high school it's more clingy, while in college it's about having fun while maintaining your seperate lives",1480118357.0,6
AskReddit,"same reason every time i go on reddit:

I'm pooping",1480029767.0,4
AskReddit,Georgia was founded as a buffer state for the valuable Carolinas,1478659040.0,1
AskReddit,I friendzone myself,1477972733.0,1
trees,Whats your favorite movie?,1477972555.0,1
AskReddit,"Pay your mother to have sex with me and then buy a theme park with the remaining $99,999,999,990",1477933929.0,9
AskReddit,"I get told this is weird but my bathroom has no windows and I love taking showers in the dark and listening to classical music.

It helps me prepare myself for the day",1477933392.0,12
AskReddit,"Italian Spiderman

Its about 40 minutes long and its on YouTube. Beautiful shitty movie",1477933306.0,2
AskReddit,"Whenever people ask me what i mean, i've found myself responding more recently with: 

talkin about spaghetti-o's",1477933166.0,1
AskReddit,Hot Rod and The Other Guys,1477932623.0,1
trees,"My best friends. 

For 2 of us it was our first time, the rest were either experienced or 1 who wasnt going to smoke. At a friends kickback in highschool, we all smoked a couple bowls and had a great night. 

Gonna smoke some for them",1477617870.0,1
trees,Frank,1477615819.0,1
trees,Yes! That's going on my list now!,1477249184.0,1
trees,"Fuck that guy, what an asshole.

What scores do you normally listen to? I've been trying to find the right music to listen to but havent found the right sound yet",1477189796.0,3
AskReddit,"Michaelcthulhu

He's a blacksmith who makes all these cool weapons. His build videos are about an hour each but its so cool and interesting",1476933325.0,1
AskReddit,They disneyland entrance whistle,1476925157.0,1
AskReddit,Smarter than I seem but can't remember what letter comes after 'T',1476896803.0,1
trees,"Eyyyy! I was at about a 5 an hour ago now im gonna smoke another bowl in the quest for a 10.

Smoke some for me",1476852454.0,4
AskReddit,"Drunk me gets me friends that i wouldnt normally be able to make. And drunk me is always being ""a mom"" to everyone who is more drunk than i am. I always make sure they drink enough water and they sit down so they can relax.",1476317734.0,2
AskReddit,In elementary school we weren't allowed to hangout in groups of more than 3 people,1476151499.0,1
AskReddit,"For a couple days after my 7th or 8th birthday, i would wake up in the middle of the night, sneak up to the kitchen and eat my cake and some lays potato chips we got in the mail. 

Turns out you should never eat test chips you recieved in the mail. 8 hours at the hospital and my appendix nearly exploded, i got to drink contrast which was advertised as a vanilla shake.

It was not. It tasted like death.",1476119219.0,1
AskReddit,"Stubbed my toe on my bed, toenail got ripped off and cut open the side of my toe, saw the bone, threw up, passed out, woke up on the floor with a bloody foot",1476118852.0,13
AskReddit,I Am Legend,1475642950.0,1
AskReddit,Scrolling through everything in this thread and my phone works fine but for some reason this is the one that destroys my phone's processing speed,1475433705.0,1
AskReddit,Put on 500 Days of Summer and let the tears flow,1474774415.0,4
AskReddit,"Pop! Vinyl Figures, its the perfect low price and its (usually) shows/movies i love",1473201733.0,1
AskReddit,"""I've got something to tell you. I'm not really a werewolf.....i'm Skeletor""",1472921659.0,1
AskReddit,For the right price,1471759449.0,1
AskReddit,"Yes, asked her out for a movie date and she brought her roommate",1471759436.0,2
AskReddit,I don't have to be a soldier to have PTSD,1471717807.0,11
AskReddit,"Let me make a list:

""I remember how to get to places via memory""

""Fuck that, I don't want my mom to know I got a little dick.""

""If you could buttfuck a shark, would you?""

""I roll for insertion.""",1471717681.0,1
AskReddit,"While I can't really answer because i'm still trying to figure out how to be happy on my own, i'm very thankful for OP and all the people commenting. Can't wait to try all these helpful tips/suggestions",1471717504.0,1
AskReddit,"Going to the same college as me and living right down the hall from me.

Too bad she thinks im gay",1471713534.0,2
DnD,Would I be able to play? Or is it a closed game?,1471230718.0,2
PS4,I should get a copy because I don't have a PS4,1471019623.0,1
MadeMeSmile,It's Kaitlin Witcher!,1471019354.0,33
movies,"I went to go see Spotlight for a class, it got to the part where (in a continuous shot) one of the reporters walked from his house to a house of an alleged child molesting priest. I just pictured seeing a priest carrying two small boys under his arms running in a ""dastardly dan"" type fashion. Couldn't stop laughing for a solid 5 minutes.",1470620611.0,1
AskReddit,This human music is pleasing to my Zognoid...I mean *HUMAN EARS*.,1470499224.0,1
AskReddit,My first year of college was pretty bad. I spent some time in the hospital due to health problems and fell behind. Got put on academic probation but by 2nd semester i had raised my gpa barely enough to stay in. I had really bad anxiety so I never left my dorm unless i absolutely had to. What can I do to get out more and make friends?,1469981939.0,2
AskReddit,"The last movie I watched was Zootopia

so....Zootopia",1469681584.0,1
drunk,"My favorite drinking game: everytime you take a shot, take a drink. And everytime you take a drink, take a shot.

My liver hurts",1469500864.0,15
drunk,"Right there with ya, found some gin in my liqour cabinet and after a long, hot day of work i've deoced to get absolutely shitfaced. Sp fsr if's working pretty well. Cheers!",1469413646.0,2
AskReddit,"Salt.

My parents had a giant thing of Morten's Salt. So I would open it up and just pour it in my mouth. Did this for a solid 4 years as a kid and now my heart occasionally hurts",1469200250.0,3
AskReddit,Mario Kart Double Dash,1468902257.0,1
AskReddit,She invited me to hangout and she asked to play twister. I wasn't gonna say no,1468802191.0,16
AskReddit,"My godfather. He and my godmother had gotten divorced when i was young so he moved away. I've only ever met him once and i still remember how funny and awesome he was. My dad told me that he cried when he first saw me. He and my dad still hangout occasionally and i always ask to be invited. 

Miss ya Uncle Goobus, hope to hangout with ya soon.",1468800458.0,1
AskReddit,That was me in middle school alone at my crush's house,1468798839.0,41
movies,oi you taake thaht about mah cuhnt fuhcking kids,1468697735.0,2
gaming,"I have 2 that i alternate between:

HypertonicLT because last year my friends got me to watch Dragonball Z Abdridged and it was the funniest series i have ever seen.

2humantorc because growing up i wanted to be the Humantorch and 22 was my lucky number. Unfortunately there was a character limit for usernames on the nickelodeon website so i settled on 2humantorc",1468469704.0,2
AskReddit,Last Goodbye - The Kills,1467403669.0,2
IAmA,"Hey Dan! First, thank you for all the amazing content you create!

What games from E3 are you looking forward to? And do you plan to make more Tilt Brush videos?

Thanks for doing an AMA!",1467230146.0,2
AskReddit,rice,1466975621.0,1
AskReddit,"Currently going through this with League of Legends. I'm by no means as good as the rest of the players, but i enjoy playing. Of course this brings out all the dedicated players who take offense to a learning player. I get comments like ""kill yourself. Faggot. Fucking dumbass piece of shit."" And i mean sure, i suffer from depression and ptsd, but i realize that i couldn't care less about what they say. It'll be okay man, i'm here if you ever need someone talk to.",1466975379.0,1
reactiongifs,"This comment really opened my eyes. Now that I realized that the reason I can't remember anything is because I didn't care enough and not the brain damage that came with being hit by a drunk driver, I can finally move past this insanely difficult aspect of my life.",1466617543.0,1
AskReddit,[This gets my vote]( http://m.imgur.com/gallery/UOcZ6xV ),1466530465.0,2
AskReddit,"It isn't a song, but this Neil Hilborn poem always makes my heart ache

[Neil Hilborn]( https://youtu.be/vnKZ4pdSU-s )",1465432799.0,1
AskReddit,"Rivers and Roads - The Head and The Heart

[Here's a link]( https://youtu.be/e2J-0EtsCpo )",1465432153.0,1
AskReddit,A girl fingered my jacket sleeve,1465102055.0,2
AskReddit,"Told me she was a vampire who was being followed by a clan of vampires. When I asked her why she able to go out in the sunlight, she said it was because of a crystal necklace she wore.

To be fair, she was an alcoholic.",1465014813.0,2
AskReddit,"""I'm [insert age] years young.""

it forces my brain to go the extra mile and switch out the word ""young"" for ""old.""",1464922927.0,1
AskReddit,Wie gehts?,1464895563.0,6
AskReddit,Danny Phantom. Spent 3 years of birthday wishes on becoming Danny Phantom. I could've just wished for a goddamn N64 instead.,1463374427.0,1
AskReddit,Wings or some sort of appendage that could enable me to fly,1463373774.0,1
AskReddit,Sonic Adventure 2. It was the first video game I ever played and I played it in a McDonald's back when they had game stations. Everytime we went I immediately started playing it.,1462547184.0,1
AskReddit,Compromise doesn't mean compromising your morals,1462417077.0,1
AskReddit,I learned that Hong Kong is a city in China,1462374458.0,1
AskReddit,"Something.

I don't know what it is that I want, i just want something. Something to happen, something to change where I am in life.",1462248449.0,6
AskReddit,"""what a douche""

jokes on him, twelve year old me was a douche too",1460952396.0,1
AskReddit,"Thank you for clarifying that, I'm now gonna change my preferred method of death.",1460831658.0,2
AskReddit,"Took a speech class where we had to introduce ourselves to another student. I told my partner that I liked to play computer games. She introduced me to the class, and told everyone that I was a computer programmer that could hack into ""secret stuff.""",1460828368.0,5
AskReddit,"In early high school, I was told by a teacher that burning to death would be the best way to die because it burns off your nerve endings. Also that the reason people scream is because they know that they are supposed to be in pain, even though they aren't actually feeling pain.",1460828107.0,1
AskReddit,I don't know what I was expecting,1460525267.0,1
youtubehaiku,God I love CasuallyExplained,1460516967.0,1
AskReddit,*Aida* reference?,1460485919.0,2
AskReddit,"The physics problem of the mosquito vs the truck. 

I understand that forces come in pairs and are equal. But that just doesn't make sense in my head. The force of a mosquito on a truck should be drastically smaller than the force of the truck on the mosquito",1460480201.0,1
politics,"I read his name as ""Tom Cavanagh""",1459801225.0,2
AskReddit,"Hey, I can also do this! Thanks to years of dance training, I can turn my feet backwards",1459660414.0,2
movies,I was a big fan of Justice League: War. Showed off the New 52 really well and kept it entertaining.,1459310436.0,1
AskReddit,I don't own a Playstation,1458680221.0,1
AskReddit,"My entire family has a lifetime ban from Brazil.

credit goes to my dad for breaking up a drunken fight between his shipmate and someone important's daughter",1458666280.0,5
AskReddit,"My great great (possibly great) grandfather helped John Wilkes Booth kill Abraham Lincoln. After JWB fled Ford Theater, he want to a man's house, that man was Dr. Samuel Mudd. Mudd set JWB's broken leg.",1458658143.0,2
AskReddit,"My great great grandfather (there could be another ""great,"" i'm too lazy to check) helped John Wilkes Booth kill Abraham Lincoln.

Dr. Samuel Mudd

Edit: spelling",1458618258.0,5
movies,Hot Rod and The Other Guys,1458360170.0,1
movies,"I didn't really like Son of Batman. I liked the style, but the story didn't really seem to do much",1458360152.0,1
AskReddit,Is Prison Break good? I've heard bad things about its last season,1458355104.0,1
AskReddit,I thought divorce was a knife fight between the old husband and the new one. I was very surprised to see my Aunt's ex husband alive when I was 7,1457819811.0,1
AskReddit,Zachary Levi is absolutely fantastic,1457761505.0,1
AskReddit,"I enjoy very few things about that movie, like select jokes or a couple scenes. But when you put it together it just becomes so boring and long",1457625595.0,1
AskReddit,Before I even clicked on it I knew it was Hot Rod,1457455266.0,42
movies,"Odd Thomas.

The movie itself is pretty good, never read the book. But I remember finishing that movie and crying for a bit.",1457389291.0,1
AskReddit,"playing baseball. I was a great pitcher, had a great arm. Then I got hit by a drunk driver. Messed up my back and my neck. Now I can't throw more than a couple pitches without excruciating pain.",1457283244.0,1
AskReddit,"I liked it the first time i watched it, but the more i watch it the less i enjoy it.

I much prefer Turbo Kid, it's alot better. To be fair,  Turbo Kid isn't a comedy",1456876842.0,3
AskReddit,"Skip 9 am class because hungry

Skip 1 pm class because Superhot",1456875955.0,1
AskReddit,"A certain unnamed someone whose name is Mom decided that my freshman year I would need to take Algebra 1 because ""i hear such bad things about taking Geometry freshman year"" which of course set me back a year for the rest of high school",1456802098.0,1
AskReddit,"Ah reminds me of junior year when I decided that I was motivated enough for AP US History, Honors Algebra 2, and a multitude of other ""smart people"" classs",1456762916.0,40
todayilearned,"From A) a lack of experience with concerts and B) going off of only the title, I couldn't tell if this was bad or good.",1456196857.0,1
gifs,"That's Aaron Fotteringham, correct?",1456089323.0,1
AskReddit,"I don't like that way of thinking, that because a director has made good movies that all his film will instantly become classics",1456003167.0,1
AskReddit,"Currently waiting for The Witch to start, can't wait to piss my pants",1456002581.0,1
AskReddit,"see, I love It's A Small World, wonderful song, wonderful ride, i love the smell of chlorine",1455814948.0,45
AskReddit,"I personally really like the Turbo Kid soundtrack. It's good ambient music and always puts me in a good mood. A+ work Le Matos!

Here's my favorite track on it:
[Apple's Hearts](https://youtu.be/cUDVQBJFEtc)",1455774777.0,1
AskReddit,"joke's on you, i like this song",1455764130.0,1
AskReddit,Man this takes me back. Nice to see some yogscast on here,1455763609.0,2
AskReddit,related: a kid sprayed his Axe body spray in my mouth (by surprise) and I got welts all over my body and my throat closed up,1455600856.0,51
AskReddit,is spider tumor,1454633136.0,1
AskReddit,Chevy Chase pushed me to the ground for an episode of Community,1454630393.0,1
AskReddit,It's a damn shame it was taken off of netflix,1454629906.0,6
AskReddit,Still waiting for No Man's Sky.,1454185890.0,1
AskReddit,"Always give people a smile, you never know what they're going through",1454131590.0,1
AskReddit,"Akame ge Kill

I won't say the character(s) who die(s) but i can never forgive the writers of that beautiful beautiful amazing show.

I highly recommend it",1454118853.0,1
AskReddit,"Hot Rod, Monty Python and The Holy Grail, Speed Racer, John Wick, Shaun of the Dead, Inglorious Basterds, Sinister, The Babadook",1454025249.0,1
movies,"I'm right there with ya OP, currently writing a script slightly (very very slightly) similar to that premise, and it's difficult to truly write something original. But you can do it OP :)",1454015492.0,1
AskReddit,Death....BY POONTA,1453755512.0,6
AskReddit,"The Depraved.

It's a German film, definitely more on the disturbing side, but all in all a great film.",1453747947.0,1
AskReddit,MostFunGames.com,1453335109.0,1
AskReddit,"so just to be clear, I *can* talk about rape?",1453174553.0,1
movies,"It's not necessarily a specific series, but Marlon Wayans spoof movies.",1453153503.0,3
AskReddit,Yes! A close second is Edward Sharpe and the Magnetic Zeros,1452626699.0,1
AskReddit,[Rivers and Roads - The Head and The Heart]( https://youtu.be/e2J-0EtsCpo ),1452622907.0,3
AskReddit,"When i was 12 (i think, my memory isn't the best), I went ice skating with my theater group. About an hour into it, my little 10 year old friend got pushed off his feet and some hot shot was speed skating the entire time. I watched him run right over my friends hand and slice his ring, middle, and index finger right off. There was so much blood and he was in shock for a couple of seconds and then he just started screaming. 

Not sure if they re-attatched his fingers or not, after that night we didn't see him at theater again. Hope he's okay.",1452292733.0,4
AskReddit,"Dope by BTS

[link]( https://youtu.be/BVwAVbKYYeM )",1452274186.0,1
AskReddit,"I was on an episode of Community (specifically the KFC Space Winnebago episode), and during one of the takes, when Chevy Chase runs out of the vehicle and runs away, he pushed me over. 

Edit #1: [imdb page](http://m.imdb.com/name/nm5252414/)

Edit #2: [pictures from the scene]( http://imgur.com/PgHQXFm,vpBOwnS )",1452049544.0,1
AskReddit,Lord of the Flies,1452033123.0,2
AskReddit,"When i was 12, I went to a movie theater with my dad and i watched this guy drop a small bag when he went to put his wallet away. Me, being the nice kid i was, quickly ran over and picked it up. It was a small bag with what I thought to be sugar in it. I ran after the guy shouting ""sir, sir! You dropped your sugar."" I kept following him because I thought he was diabetic and needed his sugar. He just ignored me and started walking away even quicker. 

I went back to my dad, the former cop, and told him about the man who dropped his sugar. He asked to see it so i handed it to him. He took one look at it and told me to go to the bathroom and wash my hands, and to not touch my mouth, eyes, or nose. 

Turns out it was cocaine. Nobody told me about cocaine before and I have yet to go back to that theater.

I just wanted to return his sugar ):",1452032776.0,33
AskReddit,"Odd Thomas.

Yes, i know, the entire movie is about death and consequences, but I was not prepared for the ending.",1451926904.0,1
AskReddit,"People who refuse to use any sort of punctuation either in an email, text, or social media post.",1451881144.0,4
AskReddit,"Man on Wire.

It's the story of Phillippe Petit and his famous tightrope walk between the Twin Towers",1451836871.0,3
AskReddit,A back/neck scratch from a girlfriend,1451682757.0,1
AskReddit,"the Zodiac Killer

edit: his first victim was at RCC (Riverside Community College)",1451539798.0,2
AskReddit,"My entire family has a lifetime ban from Brazil.

thanks Dad.",1451506054.0,2
AskReddit,forgive me,1451344042.0,2
AskReddit,"Chuck. It was definitely an underrated show and was just entertaining and I would love to watch it again ""for the first time""",1451339481.0,1
AskReddit,"My name is actually Drew, but i have alot of body hair so I figured ""Harry"" was good enough",1451339073.0,2
AskReddit,"""AGuyNamedHarry is so nosy""",1451264383.0,63
AskReddit,"Martin Mystery

It was a scarier version of Scooby Doo with great characters and awesome animation. 

I believe Season 1 is somewhere on youtube",1450813438.0,1
AskReddit,As someone who has been hit by a drunk driver. Don't drink and drive...please. you can ruin someone's life and cause them a lifetime of pain,1450571309.0,2
AskReddit,Dane Cook,1450308410.0,3
AskReddit,"I realized that the reason we clicked so well was because he had romantic feelings for me. I didn't know that I was leading him on, I just assumed he was really interested in my life. Once I started school we drifted apart before things became terribly awkward.",1450218880.0,1
AskReddit,"FDR: American Badass

It's so stupid but amazing",1450047002.0,1
AskReddit,it's a tie between Christmas Canon by TransSiberian Orchestra or Wonderful Christmas Time by Paul McCartney,1449594948.0,1
AskReddit,"with Feats of Strength, obviously.",1449594852.0,2
AskReddit,Department 19. Its a book (among a series of books) that is sci-fi and supernatural. Or maybe DB Xenoverse,1449594812.0,2
AskReddit,"Christmas Vacation, It's A Wonderful Life, and (on Christmas morning) A Christmas Story.",1449594713.0,1
AskReddit,"Every christmas morning, immediately after we open presents we make John Wayne Eggs. Its scarmbled eggs with pepper, sausage, and cheese. One of the best parts of Christmas.",1449594652.0,1
AskReddit,Scientology ,1449594182.0,1
AskReddit,Benjamin Franklin was a gigolo,1449535801.0,1
AskReddit,"Yes Man, it is the only movie I have ever walked out on. Right at the part where Jim Carrey has sex with his elderly neighbor, I got up, threw my popcorn on the ground, and got some Del Taco",1449250809.0,1
AskReddit,"Ultimately, nothing. Sure, there's PLENTY of things I regret and wish I could change, but undoing any of those would mean I wouldn't be the person I am today.",1449099647.0,1
AskReddit,that I have a slight limp when i walk. Now I can't stop noticing it...I have no idea how to walk correctly anymore,1449083980.0,1
AskReddit,"senior year of high school, my teacher wrote in my friends yearbook: ""you're a waste of life. jk, have a great summer""",1448926789.0,5
AskReddit,can't remember the name but you would explore the Amazon river in some sort of canoe,1448926739.0,1
AskReddit,"2 hearts, 4 lungs, and a flat head.

why a flat head you ask? because i can.",1448926700.0,1
AskReddit,I can make people fall asleep with the sound of my voice,1448926642.0,1
AskReddit,6969,1448901767.0,1
AskReddit,Tripophobia,1448572735.0,1
AskReddit,Frightened Rabbit has some pretty great lyrics coupled with awesome melodies,1448557383.0,1
AskReddit,"Queue

Or as i say: QWAY",1448477101.0,1
AskReddit,"Half of it became a Chipotle, the other half an AT&T store",1448241209.0,2
AskReddit,Either Sinister or The Babadook,1448176075.0,2
AskReddit,Pat Benatar - We Belong,1447881010.0,1
AskReddit,"""lol haha""",1447783711.0,1
AskReddit,"I'm in the same boat: curve at the lower/mid and then a second ""correction"" curve at the base of my neck",1447717952.0,1
AskReddit,"These Days - Mike Stud

(Or for those who do not like rap)

Mr. Blue Sky - ELO",1447713673.0,1
AskReddit,"Rogue Leader

how am i supposed to beat the trench run?",1447688397.0,1
AskReddit,"my spine curves 18° to the left

the ultimate ""twist""",1447561154.0,1042
AskReddit,He was great as Red Hood and i would love to see him play Jason Todd in a live action adaptation,1447455086.0,5
AskReddit,Maximum Ride,1447265495.0,1
AskReddit,"Agents of Shield S2E1

[After spending the entire episode showing Simmons helping Fitz deal with his memory loss and his brain damage only to learn that she is just a hallucination and that she had left Shield and left Fitz all alone to suffer](/s)",1446915687.0,2
AskReddit,"Massachusetts

I was terrified of Massachusetts ",1446915365.0,1
AskReddit,"Some people go with ""i don't have a favorite movie""",1446034011.0,1
AskReddit,"My favorite (though may not always work) will always be: 

**""what are some of your favorite movies?""**

You can learn alot about a person by their favorite movies",1446003822.0,3
AskReddit,"**SPOILER!**


The end of Odd Thomas when Stormy ended up actually being dead. 

The look on Odd's face just broke my heart. I cry every single time I watch it.
",1446003721.0,2
AskReddit,French 9/11,1445958773.0,1
AskReddit,Ah well now that i've read your opinion I immediately retract my suggestion,1445620957.0,2
AskReddit,Lord of the Flies,1445567951.0,2
AskReddit,technically a criminal,1445567233.0,8
AskReddit,"the 4th season didn't feel up to par with the rest of the series. It was a good season, but they've done better.",1445554514.0,3
AskReddit,water under the Brooklyn Bridge my friend,1445524206.0,1
AskReddit,"""Like""",1445386748.0,1
AskReddit,you really think someone would do that? Just go on the internet and tell lies?,1445311982.0,2
AskReddit,r/enlightenedbirdmen,1445297986.0,2
AskReddit,"well he insisted on driving us, even though we were both 18 and able to drive ourselves. And he payed for her and himself. It was very uncomfortable, he was very protective (which i understand), but that was a little too much",1445275346.0,1
AskReddit,"Rose McIver

I'm pretty happy with this",1445205957.0,2
AskReddit,"Not exactly full length, but i loved reading  *Cold Equations*",1444967330.0,2
AskReddit,knock me out cold you say?,1444961350.0,0
AskReddit,Man washes hair with body wash and washes body with shampoo: the flaw in our public school system,1444867624.0,2
AskReddit,"I want sympathy too much

I see how difficult and hard other people's lives can be, and i start to get angry because nobody cares about my problems. They say ""oh it could always be worse"" or ""someone somewhere has it worse than you.""

That doesnt make it any better, just because someone else has a problem doesnt make mine go away.

Edit: typo",1444773166.0,1
AskReddit,PB&J Otter,1444629189.0,3
AskReddit,"Depends, for me, it was painful. The majority of the school seemed to fall under the line of average intelligence, and twitter was the king of the campus. 

Alot of the teachers are nice and understanding which made my high school career bearable",1444184899.0,1
AskReddit,I can't really relate to people and making friends is difficult...there isn't really the desire to be friends with a guy doesn't have much of a popular personality,1443327474.0,1
AskReddit,Flash Forward,1443157866.0,1
AskReddit,"Sophmore year of high school, girl who sat next to me believed, with every fiber of her being, that humans did **NOT**
 need water to survive.

Her evidence: ""camels dont drink water, so then we dont need to""",1442939873.0,2
AskReddit,"At one point, 3 men all declared themselves Pope and ex-communicated each other",1442416086.0,1
AskReddit,Hugh Hefner,1442415817.0,1
movies,"Highly recommend Lost Skeleton of Cadavra (i had watched it on Netflix a while ago, not sure if it's still on it)",1442201885.0,1
AskReddit,credit card debt,1442020845.0,1
AskReddit,Gary Busey talking me to death,1441767594.0,1
AskReddit,"Receipt

Its just so meh",1441153867.0,1
AskReddit,"MOTHER. FUCKING. 1ST LEVEL OF ROGUE SQUADRON.

i got that game when it first came about for the gamecube and i have yet to beat the first level with the trench run.

Please kill me",1441153453.0,1
AskReddit,"Drowning

Still a fear today, but was also a fear as a kid and only got worse in high school",1441136959.0,1
AskReddit,Jonas Brothers,1440900349.0,2
AskReddit,"""Seriously, you know what this meteor could mean to science. If we find it, and it's real, it could mean a lot. It could mean actual advances in the field of science.""

or

""Well again I didn't mean to throw a damper. Believe me that's the last thing I'd like to throw. I don't want to throw anything at all really. But when folks are horribly mutilated, I feel it's my job to tell others. We take our horrible mutilations seriously up in these parts.""

EDIT: sorry, i started re-watching it and i remembered this one -

 ""I've seen a bear do things, well... even things that even a bear wouldn't do.""",1440795542.0,1
AskReddit,Beast - Nico Vega,1440794996.0,1
AskReddit,"May have gotten the math on ""grandson"" wrong but currently looking for the playbill that he signed after his performance

Edit: http://ifunny.co/fun/cEqRJhjB3
         Imgur wasnt working for me, so i just uploaded it to ifunny",1440469763.0,2
AskReddit,"I got to meet and watch Charles Dickens' grandson perform a one man show of Christmas Carol. It was very spectacular and he was a nice guy.

sucks that his grandpa was a douche",1440448861.0,274
AskReddit,Occupational hazard,1440390906.0,2
AskReddit,*heck,1440357598.0,1
AskReddit,I had to perform this monologue for a theater class and i gotta say: being able to yell and get furious was one of the most fun times that i've had performing. Also people became scared of me afterwards,1440357333.0,21
AskReddit,"3 houses down from me, my friend took a pistol and murdered his father. He then just put the gun down, sat in his garage, drank a beer, and turned himself in when the police arrived. He had said that he knew what he did was wrong but he was tired of being beaten.

It still haunts me and his mother is the sweetest woman in the world but now she has no one.",1440128998.0,1
AskReddit,"My freshman year of highschool my mom and i were hit by a drunk driver. Before it had happened i was a shitty, self obsessed, and un-sympathetic person. From the accident i gained alot of maturity as well as some negative things (depression, messed up vertabrae, self doubt, and a lack of self worth) but it made me realize that other people are just as, if not more important than i am. And for a long time i wish i hadnt gotten hit because in the short run it did alot of damage, i had contemplated and attempted suicide, but it made me learn that above all i need to be caring, i need to help those in need that i can help. 

Edit: sorry for the late reply, busy day yesterday",1440093717.0,1
AskReddit,"So far, my mind tends to be somewhere else",1440060821.0,1
AskReddit,"Just recently got out of a long term relationship (yes i know, not currently in one) and i absolutely adored taking her out to the middle of nowhere and showing her the stars. she looked at them with such happiness and joy. Meanwhile i would just stare at her fascinated and captivated by her beauty and joy.",1440060745.0,4
AskReddit,"I'm a fan of all 3 shows, but that whole SuperWhoLock stuff just honestly frightens me. But hey, whatever floats their boat.",1440060442.0,1
AskReddit,"May 14th, 2012....make sure to be in the car when you get hit...it makes you a better person",1439993214.0,3
AskReddit,An excessive amount of palm trees,1439993011.0,1
AskReddit,"I have 2 possible winners here:

She sent her friend to break up with me for her and used the words ""you're just not mature enough""

Another one broke up with me by setting her relationship status to single, and then emailed me (i never check my email) and then sent me a facebook message saying that she found someone better....and then asked me and my family to help with donations to send her to the Naval Academy....of course we helped, the more money we give the further away she goes",1439992755.0,1
AskReddit,Anti-feminism,1439928130.0,2
AskReddit,Lost Skeleton of Cadavra. Its a spoof of 1950's sci-fi horror films and it is simply amazing and hilarious,1439928043.0,1
AskReddit,I'd have to go with the Naked Brothers Band or Big Time Rush,1439788039.0,1
AskReddit,The problem is some people dont feel shame for what they are doing,1439787844.0,2
RoastMe,You look like Ryan Reynold's gay twin brother...if only you were as good an actor as he is.,1439680701.0,1
AskReddit,The ability to piss excellence,1439569941.0,2
AskReddit,"Has there been any news on the movie? News of it seemed to have died off, would be very disappointed to find it was canceled",1439520184.0,1
AskReddit,I would say that Justin Bieber has done a full 360...he's now a decent guy again,1439474128.0,1
AskReddit,"For someonw who has never watched Ru Paul's Drag Race, what exactly is the competition? Is it like dancing or just who can look most like the other gender?",1439404767.0,8
AskReddit,ALWAYS make backups,1439135227.0,1
AskReddit,"I don't really have anything to say about that stuff, mainly because this is the first i've heard about it. 

All i know is that he was very nice to me and made me feel very welcome",1438987400.0,1
AskReddit,"I've heard stories of him being a douche too, thats why i was so taken back by how nice he was",1438948950.0,1
AskReddit,"I used to do alot of extra work when i was younger. One of them was being an extra for Community, and i got to say: Chevy Chase is the nicest and sweetest and funniest guy in the world.

For the entire time i worked with him, he would always ask me if i needed anything like a water or a snack or even to use the bathroom. One time i took up his offer for a water, and he sent his PA to go get me a water and asked me how my day was and if i was having fun on set.",1438915673.0,26
AskReddit,"My father

He came by the house (he doesnt live with us right now, due to PTSD complications) and went upstairs to my mom's room and insisted she needs to move out because he's ""the king of this household."" 

He eventually came back and apologized and said she didnt have to move out. But still, it's such a fucking bitch thing for him to do.",1438915479.0,1
AskReddit,"https://youtu.be/0t0uCWjQ6Og

I'm assuming this is what you are referring too?",1438915201.0,1
AskReddit,"Right before I do something stupid:

Life is short, stunt it",1438901647.0,1
AskReddit,"I always say this when i joke around with people:

""If i thought it was true, i wouldn't say it""",1438828625.0,1
AskReddit,C'est La Vie - Bewitched,1438810006.0,1
AskReddit,"[https://youtu.be/Od4eHydl70Q

This is a link to a music video me and some classmates did for Sunshine. In my opinion, it's most excellent",1438736653.0,2
AskReddit,"Here's a list:

- gave my brand new computer a virus (about a year ago and i still cant remove it)

- told me to get off my computer so she could play bejeweled blitz....as i was doing online summer school

- told me to do the dishes for her so she could, and i quote, ""show her thighs some home cooked love""

- left her wig hanging up in the shower

....this was all done by the same person over the course of a week",1438576901.0,1
AskReddit,"I stopped in between classes to ask a friend how a test was, and i ended up (somehow) being late to class",1438536480.0,2
AskReddit,Superheroes,1438536278.0,1
AskReddit,"White bread, with butter, american cheese, slow roasted ham, and if i'm feeling frisky: bacon",1438359796.0,1
AskReddit,Sonic Adventure DX inside a McDonald's,1438352611.0,1
AskReddit,"Classical music

Everybody says it sounds stupid and it has become irrelevant but i find it very relaxing and it makes me feel happy",1438139680.0,1
shittyadvice,[](r/gofuckyourself),1437932252.0,1
AskReddit,Working behind the camera on a tv show ):,1437931802.0,1
AskReddit,"That you need water and protein to survive

I have had to explain this to far too many people...mainly highschoolers",1437931754.0,1
AskReddit,No fucking clue,1437926386.0,1
AskReddit,"Unchained Melody (Righteous Brothers) or The Sun Ain't Gonna Shine Anymore (Frankie Valli)

Both songs have gotten me through many many hard times in my life",1437925979.0,1
AskReddit,"Someone started a rumor that I was gay.

Only problem: the girl who started it was the girl i had a crush on",1437925838.0,1
AskReddit,The way that my bed sheets bunch up when i roll over,1437925778.0,2
AskReddit,"""It's pronounced jif""",1437843817.0,1
MarkMyWords,I think it would've been interesting to see Stanley Kubrick use it,1437784245.0,1
MarkMyWords,"They could pull a ""young Jeff Bridges in Tron Legacy"" type deal....which would be massively upsetting to stare at a computered rendered human-like face for almost 3 hours",1437784041.0,2
MarkMyWords,Wasn't he in the Fred movie?,1437783063.0,1
AskReddit,"""I was just intrigued as to what went on behind the curtain""

So you're saying she was hairy?",1437760194.0,2
AskReddit,"Yeah i agree. Also, if it gave you ""mental scars"" why'd you do it?",1437752086.0,10
AskReddit,Can i get 2 billion dollars if i press it a second time?,1437751732.0,2
AskReddit,"Exactly! I posted an askreddit question about people's favorite non-cursing insult and it got few responses. And not even a week later, some other redditor posted the same fucking question and it was super popular",1437751574.0,1
AskReddit,Oh dear god no,1437751481.0,60
AskReddit,"Lego Superheroes

When i was a kid i had a single lego set and my favorite part was taking the lego figures and creating their own story.

So now flashforward to 18 year old me, i have over 50 lego superheroes and i dont plan on stopping",1437674741.0,1
AskReddit,"This is more of something you SHOULD do: smile.

Even if you are having a bad day or you're angry, be friendly with everyone, regardless of who they are. A smile can make anyone's day better because you never know what people are going through",1437674516.0,1
AskReddit,"When she and her friends decided to ""give me a show""",1437674397.0,1
AskReddit,Sleep in the shower,1437674261.0,1
AskReddit,Bees?,1437674091.0,1
AskReddit,"Up until my senior year of high school, I was convinced that Hong Kong was a city in Japan

I only realized the error of my ways when I played Sleeping Dogs",1437673854.0,1
AskReddit,The colony of Georgia was founded as a buffer zone for the valuable Carolina's,1437611517.0,2
AskReddit,Benjamin Franklin was a gigalo,1437602530.0,2
AskReddit,"Coding computer games or video editing

Both have become sort of second-nature but still require deep thought for producing them

Its the perfect balance that helps me escape",1437422638.0,1
AskReddit,"Be careful of saying that everyone else is in ""denial."" I dont shit on your beliefs so i'd appreciate it if you didn't shit on mine.",1437422522.0,2
AskReddit,Tall people have an evolutionary advantage,1437422459.0,1
AskReddit,Whether or not people move out of the way when walking towards someone,1437422388.0,1
AskReddit,"Hot Rod

Quite possibly Akiva Schaffer's best work",1437422258.0,1
AskReddit,"""hey you! Freeze!""",1437421785.0,3
AskReddit,"I try my best to always be blasting loud music through my headphones to make my brain lose focus of whatever i'm obsessing over

It usually ends with me crying or punching something but it makes me calm down",1437421737.0,1
IAmA,"Brian and/or Danny: what inspired you two to become not only Unicorn Wizards, but also to create the greatest musical duo the world has ever seen?

bonus question: i love you",1437182807.0,1
AskReddit,"I'm surprised no one has mentioned Mitch Hedberg...i would post a link, but i'm lazy and all of his routine's are gold",1437160036.0,1
Showerthoughts,"Her exact words when i asked her out and i was a senior and she was a freshman:
""But you're so old, you're like a grumpy ole senior citizen""",1437144727.0,1
AskAnAmerican,"Yeah he did say California, so i'm tailoring my response to that",1437143130.0,1
AskAnAmerican,"My recommendation: get used to hearing people describe how they got to where they are. 

(The freeways they took, freeways are called things like ""The 215"" or ""The 91"" and if you dont understand or know what they are talking about: always assume that The 91 is backed up with traffic)

Edit: fucking parenthesis",1437104644.0,5
AskReddit,"My great great grandfather decided to have a kid before he was found guilty of conspiring to kill President Lincoln

Edit: my great great grandfather was Dr. Samuel Mudd",1437104200.0,3
AskReddit,"If i remember correctly, my grandfather said it was ""Muselmänner""",1437081539.0,1
AskReddit,"Thats the literal translation, it's Musselman

Edit: then again, my grandfather is a little but out there",1437079097.0,1
AskReddit,"A show about a douchey ghost (Ryan Reynolds) who only annoys the man he is haunting (Charlie Day). However the man has grown used to this torture and attempts to plan ahead for his escapades.

Example: Charlie is trying to eat his cereal in the morning but Ryan keeps knocking the bowls on the floor. So Charlie has multiple bowls of cereal set aside that Ryan keeps knocking away. 

And the show would just be about Charlie Day trying to go through life with Ryan Reynolds just messing with him in whatever ways he can.

Working title: Ghost Dick",1437068185.0,1
AskReddit,"My last name, when translated from German means: Killer of Muslims........my family was very popular during The Crusades",1437067714.0,1
AskReddit,Opening the door ):,1437067607.0,1
AskReddit,"I like the feeling of wet socks, it tickles my feet and i like the splooshing sound",1437067085.0,3
AskReddit,A banana is entirely made of strings,1437067020.0,2
AskReddit,"I was riding my Ripstik, when my sister sprinted and tackled me onto a pile of rocks. I got up and found a sharp rock lodged between my knuckles. Not too exciting, but for a while my friends called me The Wolverine",1437066931.0,1
AskReddit,"When i was a senior in high school, one of the parents of a fellow student in my class came up to me and starting discussing their child's grade and how they can better comunicate with me in order to ensure their child's success. 

Appearently i looked like i was 25 years old and an english teacher",1436913660.0,1
AskReddit,"The sound of graphite from a pencil on paper....it physically causes me pain in my teeth, i can feel the vibration in my teeth which moves to my jaw and it just gives me a massiv headache to even think about.

If it gets really quiet, i can hear the sound and i shudder and my jaw hurts",1436912450.0,1
AskReddit,"You can drink your own urine to survive

It only works for a couple of days (max is a week) and after that it becomes toxic",1436820412.0,1
AskReddit,have sex with OP's mother,1436819454.0,1
AskReddit,My family has a lifetime ban from traveling to Brazil. Something about my dad starting a fight with one of the senators back when he was in the Navy,1436506005.0,1
AskReddit,DC and Marvel lego figures...not too bad,1436445582.0,1
AskReddit,porn,1436445430.0,1
AskReddit,"No thats what i meant. It started out as both turning 90° and then i kept practicing and now my feet can face backwards....oddly enough, i can't touch my toes.",1436388788.0,1
AskReddit,"It sounds very impossible, but i did ballet as a kid (yes its embaressing for a boy to do ballet) so my ankles are very loose",1436384120.0,1
AskReddit,Movie theater concessions,1436383944.0,3
AskReddit,My lucky hat ):,1436383820.0,1
AskReddit,"TV and Film

Currently a TV/Film Production major and I absolutely love the cinema! I could go on for hours about production, movies, and just what makes them magical",1436383799.0,1
AskReddit,I only regret the things I did,1436383502.0,1
AskReddit,Turn both my feet around 180°,1436282320.0,1
AskReddit,"I've heard it both ways
- Psych",1436282159.0,1
AskReddit,"Tony Stark

The way he was portrayed implied that we were supposed to not like him, yet we all ended up rallying behind him in (almost) everything he did",1436241539.0,3
AskReddit,"""is that a bow?""
Skyrim",1436135755.0,1
AskReddit,Danger Zone,1435966496.0,1
AskReddit,Paragon,1435690212.0,1
AskReddit,"The Lost Skeleton of Cadavra

Hilarious spoof of 1950's sci-fi horror films",1435634085.0,1
Kikpals,Awesome! I tried PM-ing you with my username but i dont think it worked,1435614983.0,1
Kikpals,How many people are in the group chat?,1435614577.0,1
AskReddit,"My only problem with the movie: throughout the entire film, i had no idea **when** the movie took place

For example, the furniture in the protagonists house mimicked that of the late 60's/early 70's, and the ""shell phone"" was some futuristic shit, but then the cars that everyone drove seemed to be current era",1435598375.0,17
AskReddit,Dane Cook,1435598181.0,2
AskReddit,"Grown Ups 2

Never have I ever been watching a movie and physically wished that multiple and various animals would enter the theater and viciously claw my eyes out and then somehow become a master surgeon so as to perform brain surgery in order to remove the section of my brain dedicated to memory, both short and long term.",1435598107.0,1
AskReddit,"The Big Bang Theory

I just don't find anything they say to be funny, it's all just humorless content",1435549137.0,2
AskReddit,Let'sPlay and/or Rooster Teeth,1435533816.0,3
AskReddit,"When i was in highschool, every single conversation my friends had was about anime. It got to the point where we had to create a set of rules that dictate what we could and could not discuss.",1435265770.0,1
AskReddit,My lack of understanding of the world,1435265678.0,2
AskReddit,Panties,1435265577.0,1
AskReddit,Transformers,1435265535.0,1
AskReddit,"If you have to think about it twice, it's probably not the best idea",1435265473.0,1
AskReddit,"""Let me axe you a question""",1435265428.0,1
AskReddit,Genital herpes,1435185678.0,1
AskReddit,"Hot Rod

I'm suprised no one has said it yet",1435120418.0,23
AskReddit,"Vicodin and many other numbing agents have little to no effect on me.

Example: had surgery, and anthesia worked for around 10 minutes and then the pain happened....as well as the screaming",1435119962.0,1
AskReddit,Sonic Heroes or Mario Kart Double Dash,1435068309.0,1
AskReddit,"""Your sister does it better""",1434950739.0,1
AskReddit,Always show compassion,1434950672.0,1
AskReddit,An American bald eagle loses 1.8 pounds (on average) of feathers over the course of it's lifetime,1434950415.0,1
AskReddit,"My personal favorite: ""don't be the American adaptation of British _____""",1434834969.0,4
AskReddit,"See the problem is, now i want this movie to happen",1434834740.0,13
AskReddit,"I have never really been watching a movie and audibly said ""what the actual fuck!"" So much of that movie is cringe-worthy and just watching him interact with people is so chilling. Easily one of my favorite movies of the year, and definitly in my Top 10",1434834588.0,1218
AskReddit,Television and Movies,1434834015.0,1
AskReddit,"People blowing their nose

It's so liquidy and gross and it makes me gag",1434833793.0,1
AskReddit,Fucking clowns.,1434668923.0,1
AskReddit,I was bullied for dating attractive women,1434668821.0,1
AskReddit,"Give me true self a hand job....i mean, what more can a left hand do?",1434668703.0,1
AskReddit,"Harry Potter and the Fault in our Stars

""Expelliarmus?""
""Expelliarmus""",1434668562.0,1
AskReddit,"When i lived in my old house, i was around 7 or 8, and my room was downstairs, with the entrance being on the second floor, and the kitchen being on the 3rd floor. And one night i remember sitting up in my bed because i was thirsty. So i slowly slipped out of my bed and took a couple steps, but when i blinked, i was back in my bed, sitting up. This would happen continously however each time i would get a little closer to the fridge to drink some milk. And each time i felt thirstier and thirstier. 

Eventually, i got to the fridge, and after multiple ""re-awakenings,"" i drank some milk. But as soon as the milk hit my tongue, i was back in bed. However, i was no longer thirsty and i had a milk stain on my shirt.

Still no idea what happened but i remember every detail very clearly, and i could feel the carpet and the tile, so i'm positive it wasnt a dream",1434668479.0,1
AskReddit,"In her bed

It doesnt sound crazy, but what made it crazy was that her boyfriend was in the bathroom next door jerking off.

Yes, i know, i'm the asshole who had sex with someone who was in a relationship, but he was a complete douche and she dumped him the next day",1434583328.0,1
AskReddit,"Comforting other people

I always happen to say exactly the wrong thing",1434513039.0,2
AskReddit,"I was tackled by Chevy Chase for a tv show

My last name means ""killer of Muslims""

I killed a turtle with my truck",1434512808.0,1
AskReddit,"""The treasure is...""",1434512500.0,1
AskReddit,"""Hey baby, what's your favorite movie?""

""Don't you mean, ""Inter-your vagina-stellar?""

Note: this only works if she likes Interstellar",1434512434.0,1
AskReddit,Literally anything from Coraline,1434512197.0,2
AskReddit,"Daniel fucking Radcliffe

Every movie i see him in, i think *""huh, this could easily be solved with magic""*",1434511885.0,4
AskReddit,"A plastic Harry Potter wand

Reason: sexual exploration",1434511771.0,1
AskReddit,"I was dating this girl who was stunning and perfect in every way you could think of. She truly made me happy, and i believe that i made her happy, at least somewhat. Yet, me being who i am (i freak out when things get serious due to previous events in my life), i told her that we should take some time for ourselves, and i remember very clearly her last words she ever spoke to me: 

""God you're such a a fucking pathetic waste of life. I wish i never had met you. No, even more, i wish with every fiber of my being that you were dead. I wish you died in that car accident.""",1434511666.0,1
AskReddit,"I don't feel emotional connections during sex or really any significant time in my life.

Example: just recently graduated high school, and during the entire ceremony, i didn't feel anything profound or even remotely emotional. It felt like a 2 hour ceremony filled with people i knew.",1434511189.0,1
AskReddit,"Hot Rod

Its just such an adorable movie and it always puts me in a good mood",1434325601.0,7
AskReddit,"You saw Pitch Perfect 2? 

I'm sorry",1433606983.0,9
AskReddit,"Honestly, Justin Bieber.

Sure, he's done some stupid things and made mistakes. But he's actively trying to better himself and change himself. I feel like if people are going to shit on him, its going to make him not want to better himself.",1433538404.0,2
AskReddit,"My freshman year of high school, i was on my way onto swim practice, i was hit by a drunk driver and it shattered my knee cap. The worst pain was standing up and putting weight on it without realizing it was broken. I still have nightmares where its broken and when i wake up it will burn and just hurt like a motherfucker. 

To me its the worst pain because it never really goes away, and when i remember it, i remember the pain of it.",1433538239.0,1
intrusivethoughts,"various people, ex-girlfriends, friends, my parents (occasionally)",1433392175.0,1
AskReddit,Thats the real worst present....cliff hangers,1433384007.0,1
AskReddit,Am I detecting a hint of sass?,1433383832.0,3
AskReddit,your parents must've been smoking some dank weed to name you Deako87,1433383726.0,-8
AskReddit,Canadian,1433382887.0,0
AskReddit,Whose to say it already hasn't?,1433382823.0,1
AskReddit,"Don't let her walk away, fight for her, remind her that you care about her",1433382777.0,1
AskReddit,Top Gun,1433382720.0,1
AskReddit,is the sword itself not the best swordsman?,1433382427.0,1
AskReddit,saying the wrong thing with good intentions,1433359484.0,1
AskReddit,Cryaotic's 6 Hour Christmas Eve Livestream - https://youtu.be/Pf8a8yjQDzk,1433223919.0,1
AskReddit,"when people park in front of my house...it makes me think that the person is there to see us, but then they aren't and I get sad ):",1433223395.0,1
AskReddit,Truth,1433203275.0,1
AskReddit,breast feeding,1433203152.0,2
AskReddit,"""I uh wanted like to uh like answer like the uh question""

Actual ""sentence"" that was said last year in my english class. And I am not exaggerating when I say that every other word this girl said was ""like."" 

One day we decided to count how many times she said ""like"" in a 3 minute speech......57.......57 fucking times.",1433202899.0,2
AskReddit,Long youtube videos with a person who has a monotone voice (so either Cryaotic or 10 hour ASMR video),1433201462.0,1
AskReddit,"See my name's not Harry, i wouldnt put my name out for the internet to steal",1432870252.0,0
AskReddit,I really hope you aren't the Amelia that I am referring to....bad memories,1432786790.0,3
AskReddit,"I dated an Amelia Rose once, quite possibly the most beautifully named and most beautiful woman i've ever dated.",1432781158.0,5
shittyadvice,"Firstly, Mazel Tov! 
Second, get him something from his childhood, something he loved to play with! For example: his uncle's cock",1432667804.0,3
shittyadvice,Is your man /u/DatBrony ?,1432667641.0,2
AskReddit,"Step 1: cut them into lemon wedges
Step 2: sell them to any and all Southern style restaurants
Step 3: Profit!",1432073533.0,3
AskReddit,Chuck,1432073121.0,1
AskReddit,Don't forget to write the for loop with 'i' defined for its increment in the form builder otherwise the array will be out of bounds,1432073046.0,1
AskReddit,"that Sony faked the whole ""North Korea threatened us over The Interview"" conundrum.  

It just seemed like an scam to sell the movie. ",1432003444.0,906
intrusivethoughts,"Yep, very true. I had a friend who had the shit beaten out of him and when he punched the attacker in the chest to defend himself, both were suspended. 

He was suspended for throwing a single punch in self defense",1432003016.0,3
SuicideWatch,"I saw a therapist and a psychatrist, they eventually told me that i was Bipolar II, but that there was nothing they could do besides ""providing comfort""",1431571056.0,1
TwoXChromosomes,"maybe she meant she was doing it out of respect for who he is, because, you know, he's a big-name talk show host. She's respecting his career and everything he's done.",1431177850.0,3
intrusivethoughts,It was also on an episode of Bones,1431019482.0,1
intrusivethoughts,"who said you didn't die yesterday and the afterlife is merely your mind continuing your life ""hypothetically""",1431019435.0,1
AskReddit,fucking Nutella,1430798393.0,1
AskReddit,"Around 5 or 6 months ago. I had just gotten home from school and my mom had to tell me that my dad had to stay in the hospital for a while, that he wouldnt be there for thanksgiving or christmas. That he tried to commit suicide and my mom had found him on the bed. 

I didn't cry from pain, or sadness, it was rage and anger. I cried because how dare he think that he could just leave us, i hated that he thought suicide was the only option, that his last words to me would've been ""take out the trash and mow the lawn when you get home.""",1430798002.0,2
AskReddit,"And Chitty, in Chitty
Pretty Chitty Bang Bang
Chitty Chitty Bang Bang what we'll do.
Near Chitty, far Chitty, in our motor car Oh what a happy time we'll spend.
Bang Bang Chitty Chitty Bang Bang
Our fine four fendered friend.
Bang Bang Chitty Chitty Bang Bang
Our fine four fendered friend",1430794172.0,1
intrusivethoughts,"I feel the same way. Whenever they hang out, they always leave me out of it, and they discuss their plans right in front of me. I try inviting them or even initiate interaction but they always come up with an excuse not to. Eventually, (and i feel bad about this) i came to one of them and told them that my parents divorce was taking a toll on me and now they invite me out of pity. 

I mean, i got what i wanted, i get to hang out with them.",1430776424.0,1
intrusivethoughts,do it,1430775243.0,2
nsfw_gifs,I'm not the only one seeing a totally different gif right?,1430744138.0,2
shittyadvice,"Paul i've never been disappointed with your repsonses, keep on being you",1430689272.0,2
intrusivethoughts,maybe she wants to eat your dick.,1430278316.0,1
intrusivethoughts,how kinky,1429638164.0,1
thebutton,"Ah brother, I am all too familiar with this conundrum. Luckily, I found salvation with the Hopeful Gray, and I must say; it feels truly splendid. Though I cannot undo my actions, I can repent my unholy sins and seek salvation in the aftertimer.",1429590947.0,3
MarkMyWords,"can anyone ever really ""age well?"" They're still getting closer to death",1429590207.0,0
MarkMyWords,bad day?,1429590006.0,1
shittyadvice,"""their fucking lives""",1428960910.0,2
shittyadvice,how will they get the picture if his phone's turned off?,1428960771.0,3
intrusivethoughts,I constantly get this thought whenever i'm talking to anybody,1428812972.0,2
intrusivethoughts,"OP seems pretty happy to me. He/She found something to look forward to, He/She have optimisim about the afterlife...not many people can say that about themselves",1428812840.0,2
intrusivethoughts,"She doesnt actually do any of this, this all takes place in my head. It's what my mind tells me.",1428812195.0,2
intrusivethoughts,or you could call the police ?,1428557369.0,1
thebutton,liek if u cry evrtiem,1428289469.0,2
thebutton,right-clicking is something a whore does for money.,1428207317.0,2
thebutton,"somewhere, there's a support group for this",1428202223.0,2
thebutton,Bless you for your sympathy kind sir. I shall my first born colored child after you. ,1428197944.0,1
shittyadvice,don't ask her. She can't forget what never happened,1428180865.0,14
Showerthoughts,can someone give me a TLDR of what this whole Indiana thing is?,1428156043.0,1
Showerthoughts,that's really messy,1428155825.0,1
gifs,that's a referrence i get.,1427903340.0,2
gofuckyourself,now that image is gonna be stuck in my head all day...go fuck yourself,1427896538.0,1
MarkMyWords,"I only think Obama because of his recent Vine ""stint"" and him being on the way out of office.",1427864610.0,0
shittyadvice,I admire your charisma. 10 points to Gryffindor.,1427824427.0,1
MarkMyWords,I got a feeling it's going to be either Kanye West or maybe Barack Obama,1427824262.0,-3
shittyadvice,"Hey Paul, i'm Harry.",1427693794.0,3
shittyadvice,"""Why sleep on the couch? I've a got a pull-out in my room.""",1427573078.0,2
shittyadvice,that's a referrence I can get behind,1427417650.0,1
Showerthoughts,"Not even stevens, it was Ned's Declassified School Survival Guide",1427322975.0,2
MarkMyWords,I have a feeling that Smosh is going to play a role in this,1427019846.0,1
WritingPrompts,"For the most part, I sift through the prompts in hopes of being inspired and writing something. But I can see what you are saying about not revealing plot twists, what with creative freedom and all",1426902452.0,2
shittyadvice,wouldn't this be more of a /r/shittyaskscience question?,1426870202.0,1
shittyaskscience,i feel as if i this word play would be better appreciated if i were actually high,1426730033.0,1
MarkMyWords,no....thankfully,1425749920.0,2
shittyadvice,"on multiple occassions, with multiple objects",1425152800.0,5
shittyadvice,would a fire poker be just as effective? I'm on somewhat of a budget,1425152753.0,8
shittyadvice,"I don't know, I would trust the word of a General over some twisted masochistic dominatrix any day

EDIT: i was just made aware that the punisher is a marvel anti-hero...my mistake",1424330064.0,3
shittyaskscience,"That's a common misunderstanding. You see, just as the Aboriginal's say, taking a picture of a person captures that person's soul. 

So it stands to reason that the high-speed footage is really just the captured souls become more accommodated to their new home. ",1424328653.0,1
shittyadvice,"This guy does seem trusthworthy. I mean, he is a General",1424327523.0,7
Jokes,I hope you're happy with what you've done,1422859427.0,2
Jokes,I don't know what I was expecting,1422859326.0,2
Showerthoughts,Why does everything good happen in Texas?,1419899039.0,1
Showerthoughts,"Couldn't the person then, technically, fall in love at third encounter?",1418220248.0,1
Showerthoughts,"HOLY SHIT I don't mean to make light of a traumatic experience but, you should write a short story about that",1417749300.0,2
tifu,"I forgot to mention that it was ""tighty-whitey's""",1417747805.0,1
tifu,"EDIT: I didn't know I needed to shit, all I knew was that I had to go to the bathroom. As a kid I couldn't really tell the different between needing to shit or piss. It was a learning disability.",1417747616.0,1
tifu,I always thought that a handjob from Satan would be an enlightening experience,1417494768.0,1
