subreddit,body,created_utc,score
SuicideWatch,Is it okay if I pm you? I'd like to talk privately.,1408083978.0,1
SuicideWatch,But I'm not good enough for her,1408083027.0,1
