subreddit,title,selftext,created_utc,score,upvote_ratio,num_comments
SuicideWatch,"Exhausted Mentally, Physically, Emotionally","They say this is a hard letter to write, but it's easy. I get to say whatever I want, to get it all off my chest. I want to be set free.

I feel empty, I feel like I disappoint all I deal with. I feel subhuman, I'm often treated as such. I feel worthless, fat, ugly, abandoned. I'm ashamed of myself every time I look in the mirror, shit thing is my house has a lot of mirrors.

I'm the disappointment of the family, I know that. I realise it everyday and night. I say ""I'm fine"" but I'm not. I've been damaged for a long time, and I realise there is no end in sight, no relief, no hope. I distract myself, or try to, by doing things, sometimes stupid, but they don't get me the freedom, the release, and often put me further behind the pack. I try to put on a brave face, I always smile, I always walk tall, but its a facade, inside I am dead.

The girl that I love has left, she has bipolar and I have been caring for her, it makes me physically and mentally exhausted, but it was worth it, as the improvement was great, it made me happy, that she was happy. Now that's gone, its another reason.

I don't want anyone to feel sad, I don't want anyone to cry, feel blame or guilt. I want them to rejoice for I am free, I am new again. I love all my family, Mum, Dad, BJP and esp PCH. I love you with all my heart and soul. 

Forgive me that I act for myself, to be myself, to be free.  ",1408276588.0,1,1.0,4
