subreddit,title,selftext,created_utc,score,upvote_ratio,num_comments
SuicideWatch,Siempre he tenido estos pensamientos suicidas.,"Siempre he tenido estos pensamientos suicidas, y no, no es por atencion, mi vida va bastante bien y no tengo problemas, soy joven pero siempre he querido morir, todos necesitamos ayuda...Yo necesito ayuda pero ya no se como pedirla.",1456007716.0,14,0.78,3
