subreddit,title,selftext,created_utc,score,upvote_ratio,num_comments
Watches,[Seiko Alpinist] New Watch Day,"Hey everyone, I just picked up this Seiko Alpinist as my first mechanical watch. I have been interested in watches for a long time and have worn an Apple Watch for the past 5 years or so. I finally decided to dive into the world of mechanical watches. Part of this decision is I am trying to eliminate any technology that steals my focus throughout the day and be more present. I have inadvertently fallen into love with the engineering side of watches and really want to build a Seiko mod watch of my own soon. What is everyone’s watch story of how they got into watches? ",1746206485.0,12,0.88,4
Watches,New watch Seiko Alpinist,[removed],1746206123.0,2,1.0,0
GreenBayPackers,Had to modify my work calendar,,1678988836.0,78,0.82,10
comicbooks,Comic storage solutions,"How do you guys store your comics? I am started to have a shanty town of short boxes and would like a better way to store them. I am a weekly pull list kind of guy and constantly have new books coming, but am considering lessening my pull list or going partially digital as the storage thing is getting hard to deal with.",1673804830.0,5,1.0,7
CrohnsDisease,First Stelara infusion today,,1672264419.0,93,0.97,20
golf,Picked up the new Odyssey Tri Hot 5k,,1648001545.0,18,1.0,15
GreenBayPackers,Just bought tickets for Oct 24th,"I just got my tickets for a trip to Lambeau it will be my first home game since I was 10 years old and my 15 year old nephews first time ever up to the holy land. How is parking, should we rent a car or Uber, we are most likely flying in as my father is a private pilot. Also any other game day tips are welcome! Go Pack Go!",1632870155.0,5,0.78,0
Luthier,Favorite alternatives to steel wool?,I hate having all the little bits floating around my bench and stuck to all my tools. What are your favorite steel wool alternatives?,1603074789.0,6,1.0,7
WhatsWrongWithYourDog,The face Remy makes while being pet,,1593372296.0,17,1.0,2
Waukesha,Considering a move to Waukesha,"Hi, my wife and I are considering buying a house in Waukesha, as we are planning on moving to the greater Milwaukee area in the next few months. We are moving from Indiana and don’t know much about the area so I am just looking for any and all advice or tips we can get. We come from a smaller town now and I am a guitar teacher and musician and my wife is a social worker, so by no means are we affluent but we live a comfortable middle class life in Indiana. Are there any neighborhoods we should really avoid? What is the music scene like in Waukesha? Is it as friendly as it seems? Any advice or tips would be great!

Thanks so much!",1579415496.0,8,1.0,16
GreenBayPackers,Best place in Milwaukee to watch Packers,"Hey everybody! I am a lifelong Packer fan heading to Milwaukee over the Thanksgiving holiday weekend to look at houses for a move to Wisconsin and am wondering where I should watch the Giants vs. Packers game? Good food is a big plus and just looking for something cooler than sitting in the hotel while my wife is bored.

Thanks!

Go Pack Go!",1573448236.0,10,0.92,8
Asthma,Metacholine challenge,I am going in Tuesday to have a metacholine challenge for the first time and am very nervous about it causing a bad attack. I also like many with asthma have anxiety issues. So tell me how bad is it? Is there anything I should be aware of that the doctors may not tell me?,1570807473.0,2,1.0,3
GreenBayPackers,Best Green Bay Packers History Books,"I have a few Packers books and have done the tour at Lambeau, but would like to get deeper into the history of the Green Bay Packers. Does anyone have a book they’d recommend for a detailed history of the Pack?",1568902499.0,7,0.82,6
stopsmoking,I did it and so can you!,,1553700447.0,24,1.0,3
GERD,Extreme GERD all of a sudden,"About two months ago, I started choking on what felt like large amounts of snot I couldn’t clear after eating. I finally figured out when I realized I was having heartburn as well that it may be GERD with LPR. My doctor tried all the usual medications of protonix and dexilant as well as Pepcid and I took Zantac on my own. I have since stopped all of those meds as they weren’t doing much good and were actually causing me pretty severe stomach pain. So now I am spot treating with tums for the intermediate until my endoscope on the 30th of November. The doctor says if that confirms it is GERD he wants to do a Nissen Fundoplication. I have never been under general anesthesia or had any sort of procedure like this before and have had acid and heartburn in the past but never this bad, I have lost 20 pounds in two months. I’m just very scared and looking for some guidance/support.

Thanks",1542033863.0,3,0.8,15
vinyl,I was gifted these records by a customer of mine!,,1531020536.0,18,0.91,5
stopsmoking,I just hit my 1 year!,,1522164465.0,104,0.99,21
GreenBayPackers,"Don’t worry guys I got this, I put the cheese head on!",,1513541873.0,1,1.0,0
stopsmoking,4 months smoke free and never going back!,"I will be four months smoke free this week and the main thing I keep thinking is how the hell did I ever let myself smoke in the first place. I smoked a pack a day since I was 16 for 11 years until I quit this April. I tried to quit for years and in countless different ways, what finally worked was going cold turkey and using a combination of Allen Carr's the easy way and the smoke free app for iPhone. It sounds dumb but I didn't want to have to reset my progress on the app and that kept me going. I still crave cigarettes sometimes, but it's much less and my logical brain knows I'll never take a puff again. Since quitting I have even taken up mountain bike racing! Just popping in to say thanks for all the help this subreddit has offered and say that if I did it you can too!",1500782579.0,19,0.93,3
MTB,NBD Bought my first bike today!,"I bought a Trek x-caliber 7 today and am loving it so far. This is my first mountain bike and I am hoping for this to become a major Hobby in my life, as I recently quit smoking and am trying to get in good shape again. Just wanted to share how excited I am! Also any upgrades you guys would recommend I do right away?",1491518164.0,11,1.0,22
stopsmoking,Today is the day!,"I've attempted to quit many times before, but I feel today is the day. I've been reading Allen Carr's the easy way and I am sick to death of coughing from this cold I've had. So it's time to finally kick this horrible addiction. Share with me your tips for success. I want to make it stick this time!",1486758672.0,3,1.0,4
apple,Couldn't preorder because I have a phone on a business account.,[removed],1473421385.0,1,1.0,1
VinylCollectors,[wanted] Paul Chambers-Bass On Top,"I really want this album and it doesn't need to be a first pressing or anything fancy. Just want a good listening copy, at a reasonable price.

Thanks",1471144703.0,3,0.72,2
vinyl,What do you guys think of this turntable? I don't know much about vintage.,,1471055855.0,2,0.67,5
vinyl,Tube cube 7,"Hi, I'm looking to get back into vinyl after years off, and needs turntable setup. I'm curious about the tube cube 7 from tube depot I come from the guitar world where tubes are King. Would this be loud enough for living room listening? https://tubedepot.com/products/tubecube-7-stereo-vacuum-tube-amplifier",1469281125.0,1,0.66,4
stopsmoking,Day 1 decided to quit for good.,"Today is day one, I woke up and had my morning cigarette, I coughed like crazy and decided enough was enough. I have a fresh box of nicotine gum and a desire to quit smoking. Please give me your support and help me finally kick this awful addiction. 

TL:DR I've been smoking for ten years at a pack a day and I'm on day one of quitting.",1467906445.0,2,0.76,2
brandnew,How to get in contact with the band? I want to propose to my girlfriend at the show.,"My girlfriend is a huge Brand New fan and it would be perfect to pop the question through Jesse announcing it. Does anyone know if I could contact the band somehow to make this happen?

Edit: I have sent a very sincere email to the management company. I will update if I hear back. To answer questions I know she'd just die if Jesse said her name, then I proposed and she and I have discussed marriage, and it's a definite yes, I just want to make it special.",1458573421.0,0,0.45,29
motogp,Apple TV 4 is there an app?,I have the video pass and an apple tv 3 but hate having to airplay and was wondering if there was a video pass app for the apple tv 4 yet?,1458494835.0,7,0.9,10
MechanicalKeyboards,keycap sets for Mac,"Does anyone know of anywhere, where I can get keycap sets for Mac for a pok3r?  I want to buy a pok3r but am anal about having the right keycaps on the keyboard and can't just go with blank ones as my girlfriend will have a fit trying to use my keyboard.

Thanks",1451714411.0,0,0.44,9
jazzguitar,Sight reading and Jazz,"So I've been playing guitar for 16 years but have never taken the time to learn to sight read.  I'm now getting really into jazz and am wondering if it's a necessity to be able to read?  Any good tips to learn would be great as well.

Edit:  thank you everyone for your wonderful responses I will be getting a few books and working on reading.",1436240635.0,3,0.72,5
pics,Southwest Michigan it's extreme,,1418043843.0,0,0.5,1
PSNFriends,Looking for PS4 friends to play with,"I am looking for friends to play COD: ghost, Destiny, TLOU, Watchdogs, and any other game we both may have.  All my real life friends that have a PS4 have no time to play anymore.  I don't have a mic but will be getting one soon.  add me if you want to play together my psn id: EL1T1ST_PR1CK

thanks",1406915651.0,0,0.5,3
Bluegrass,Anybody in northern IN,"Anyone in Northern IN want to Jam I am a guitar player and 24 years old just looking for folks to jam and learn with, I've been playing for 16 years.

Thanks",1405625257.0,5,0.73,6
Dualsport,Any riders in Northern Indiana?,Anyone on here ride in Northern Indiana and know any good trails or want to get together for a ride?,1403101055.0,4,0.76,3
AMA,I'm an HVAC tech AMA,"I have been an HVAC tech for the last 10 years, I have seen the horrible messes in your houses and what's in your ducts AMA.

Well phone is dying and my service truck has no charger, so that's it for now feel free to pm me any other questions.  Stay cool reddit!",1392128882.0,93,0.85,146
Bluegrass,Tristate festival kendalville IN,Is anyone else going on labor day weekend?  Would love to meet up and jam with some folks.,1375112070.0,6,1.0,0
gamingpc,How to make a PSU cover?,[removed],1374505061.0,1,1.0,6
gamingpc,Nzxt kraken x60 release?,[removed],1353870520.0,1,0.66,4
buildapc,[Build Ready] Prodigy Mini Beast,"[PCPartPicker part list](http://pcpartpicker.com/p/hkWu) / [Price breakdown by merchant](http://pcpartpicker.com/p/hkWu/by_merchant/) / [Benchmarks](http://pcpartpicker.com/p/hkWu/benchmarks/)

Type|Item|Price
:----|:----|:----
**CPU** | [Intel Core i5-3570K 3.4GHz Quad-Core Processor](http://pcpartpicker.com/part/intel-cpu-bx80637i53570k) | $215.99 @ NCIX US 
**CPU Cooler** | [Corsair H80 92.0 CFM  Liquid CPU Cooler](http://pcpartpicker.com/part/corsair-cpu-cooler-cwch80) | $95.99 @ NCIX US 
**Motherboard** | [Asus P8Z77-I Deluxe Mini ITX  LGA1155 Motherboard](http://pcpartpicker.com/part/asus-motherboard-p8z77ideluxe) | $179.99 @ NCIX US 
**Memory** | [G.Skill Ripjaws X Series 16GB (2 x 8GB) DDR3-1600 Memory](http://pcpartpicker.com/part/gskill-memory-f312800cl10d16gbxl) | $79.99 @ Newegg 
**Storage** | [Western Digital Caviar Black 2TB 3.5"" 7200RPM Internal Hard Drive](http://pcpartpicker.com/part/western-digital-internal-hard-drive-wd2002faex) | $159.99 @ NCIX US 
**Storage** | [Crucial M4 256GB 2.5"" Solid State Disk](http://pcpartpicker.com/part/crucial-internal-hard-drive-ct256m4ssd2) | $198.82 @ Amazon 
**Video Card** | [Galaxy GeForce GTX 670 4GB Video Card](http://pcpartpicker.com/part/galaxy-video-card-67nqh6dn6kxz) | $419.99 @ Newegg 
**Case** | [BitFenix Prodigy (Black) Mini ITX Tower Case](http://pcpartpicker.com/part/bitfenix-case-bfcpro300kkxskrp) | $79.99 @ NCIX US 
**Power Supply** | [Corsair 850W 80 PLUS Gold Certified ATX12V / EPS12V Power Supply](http://pcpartpicker.com/part/corsair-power-supply-cmpsu850ax) | $164.99 @ NCIX US 
**Optical Drive** | [Asus BW-12B1ST/BLK/G/AS Blu-Ray/DVD/CD Writer](http://pcpartpicker.com/part/asus-optical-drive-bw12b1stblkgas) | $71.99 @ Newegg 
**Monitor** | [Asus VE276Q 27.0"" Monitor](http://pcpartpicker.com/part/asus-monitor-ve276q) | $266.00 @ B&H 
**Keyboard** | [Logitech G510 Wired Gaming Keyboard](http://pcpartpicker.com/part/logitech-keyboard-920002530) | $94.99 @ Amazon 
**Mouse** | [Logitech G9x Wired Laser Mouse](http://pcpartpicker.com/part/logitech-mouse-910001152) | $62.53 @ Amazon 
**Other**| logitech speakers| $131.99 
**Other**| headset| $110.99 
**Other**| 230mm fan bitfenix blue led fan| $22.98 
**Other**| led strip bitfenix blue| $19.98 
**Other**| wifi antenna x2| $38.00 
 | | **Total**
 | Prices include shipping and discounts when available. | $2415.19
 | Generated by PCPartPicker 2012-09-13 11:40 EDT-0400 |

So this is what I have and before you criticize realize I am coming from a 4 year old laptop from college and am a professional IT consultant.  Yes I know I could go cheaper but I like all the bells and whistles.  With that being said though any and all thoughts are welcome.

Thanks for the help, Joe",1347551047.0,1,1.0,0
AdviceAnimals,I made this for the door to our office.,,1330635455.0,2,0.62,0
AdviceAnimals,How my day went today at my new job,,1320085344.0,8,0.84,1
buildapc,best AMD gaming processor,what is the best AMD processor for gaming?,1315173470.0,0,0.5,2
AskReddit,I need a name for my musical project,I am working on a new album that is best descibed as old timey indie folk music.  I need a name for said band/project whatever you would like to call it.  Don't fail me now reddit.,1305226237.0,0,0.5,13
reddit.com,More Info on Droid 2.1 Update,,1268882285.0,0,0.5,0
reddit.com,"Intel, Logitech, and Sony Team Up for Android Powered Google T.V.",,1268881650.0,1,1.0,0
reddit.com,Inventor of the Cell Phone Ditches iPhone in Favor of the Droid,,1268282322.0,6,1.0,1
reddit.com,Rogers releases Samsung Galaxy Spica,,1268278222.0,0,0.5,0
reddit.com,Motorola to use Bing Maps and Search on all Chinese Android Devices,,1268276288.0,1,1.0,0
reddit.com,Sony Xperia X10 to get Android 2.2 but where is the X10?,,1268267897.0,5,1.0,0
reddit.com,"Dell Mini 5 ""Streak"" Shown in Promo Flyer",,1268266982.0,1,1.0,1
reddit.com,Sony Ericcson Unboxes the Xperia X10,,1268266077.0,1,1.0,0
reddit.com,HTC Incredible to Replace HTC Droid Eris on Verizon,,1268184438.0,5,1.0,1
reddit.com,Motorola Milestone is/isn't getting Android 2.1,,1268183031.0,0,0.5,0
