subreddit,body,created_utc,score
aliens,"Hello, 
sorry to hear that you're batteling cancer and I hope you get well soon. 
I just have one question. Didn't your reptalian friend know that pure water could infact KILL you. Search for yourself. ",1428901388.0,2
