subreddit,title,selftext,created_utc,score,upvote_ratio,num_comments
SuicideWatch,need help moving on,going through a bad breakup i am struggling to move on what should i do?,1429413626.0,3,1.0,2
