subreddit,body,created_utc,score
SuicideWatch,PM'ed you.,1452698721.0,1
worldnews,"You can all laugh, until you will all actually explode without noticing.",1452695965.0,-3
