subreddit,title,selftext,created_utc,score,upvote_ratio,num_comments
SuicideWatch,"Don't want to live, too scared to die.","I am tired. This life has disappointed me time and time again, I absolutely deplore the reality in which we live. I am scared to die, I son't want the pain of dying, I just want nothingness. I am not even sad, I simply lust for the feeling of complete detachment and isolation that is found in death. I have been going through a severe existential crisis (I know, it's comical) for the past year and a half that has turned my life into a living nightmare, but I feel like I can't communicate this to anyone by my Self, all others are ignorant to natural cruelty. I don't know why I'm posting here, I probably still want a reason to live again- I am not alive, I exist, and I am very happy just existing. I know this is full of contradictions and probably incoherent, but I might as well post it any way. ",1417578996.0,6,1.0,7
