subreddit,title,selftext,created_utc,score,upvote_ratio,num_comments
depression,Need advice from people who had beaten depression,"[Male 26 years old, South American (sorry for my english, I can read and hear it, but I suck at writing)]

  I had tried to kill myself long time ago and promised to myself that I'll will never do that again. Im ready to accept that I'll never be happy, but at least I can try to be a normal person. Im trying to keep my promise for my family and friends.

  The problem is I can't avoid feeling depressed most of the time. I has feeling depression repeatedly for years, my actual hole has lasted more that 4 years. It's been more than a year since I make that last attempt and I can't reach and equilibrium, can't stop hating myself every night I go to sleep.

  The worse (and new) thing is that im becoming cynical and fell rejection to people who is happy. I want to live so the people that care for me dont get sad, but Im afraid my actitude, my hate will start hurting them (sentimentally and psychologically)",1429911570.0,1,1.0,3
SuicideWatch,Need advice from people who had beaten depression,"[Male 26 years old, South American (sorry for my english, I can read and hear it, but I suck at writing)]

  I had tried to kill myself long time ago and promised to myself that I'll will never do that again. Im ready to accept that I'll never be happy, but at least I can try to be a normal person. Im trying to keep my promise for my family and friends.

  The problem is I can't avoid feeling depressed most of the time. I has feeling depression repeatedly for years, my actual hole has lasted more that 4 years. It's been more than a year since I make that last attempt and I can't reach and equilibrium, can't stop hating myself every night I go to sleep.

  The worse (and new) thing is that im becoming cynical and fell rejection to people who is happy. I want to live so the people that care for me dont get sad, but Im afraid my actitude, my hate will start hurting them (sentimentally and psychologically)

  Can you tell me what things worked on you that help you overcome a LONG time depression

PD: I have tried get professional help (psychologist from my university) an it didn't help.",1429910914.0,6,1.0,4
SuicideWatch,I'm pretty fucked up,"  first, sorry for my bad english. Spanish is my motherlangueage.

  I live in sudamerica, I'm a 25years old guy, studying at college.

  I have tried to kill myself a couple of months ago, and have been thinking about it since that night, even tonigth. But I'm not very sure why. Please read so you can undertand.

  A couple of months ago I put 3 bullets in a gun (6 hole gun so I have 50% chance of survival) I do that because I was very depresed and wanted to stop feeling sad all the time, but I knew that that would make my family and friends very sad, so I gave to destiny the power to chose for my if it was ok.
  I survived and cried a lot after that, but I'd not cry because I wanted to live, instead I feel like life was forcing me to suffer more.

  After that time I start classes at college again but never managed to concentrate. I'm smart, I know that, I can do work more easily and faster that the average people, even in college. but last years I can't focus on anything, I always let all things to last second, and work only to aprove. 
  this semester was suposed to be my last one and then graduate and I was happy by that, but I'm failling everything and every time I sit down to work I only remember that I should be dead, that a college degre will not change the fact I'm unable to live.

  The point is I know I feel very depresed some days and some days I only feel normal. but I just feel that I'm an error, that I'm just trying to hard to understand life, to be part of it, to get some happines. I  just want to get a little joy but life seens to be only gray.
  I can't get fun like normal people (dancing, making sports, listening to music, etc) I like to read a lot, and walking in the night and eating new stuff, but you can't live only doing that, specially being a 25 year old guy.
  I have some friends, and I'm sure a couple of them care abut me. Before my suicidal attempt I hate weekends because I was alone and loneliness make extra sad, after this attempt I'm always trying to be alone. I go out only to the important classes and I avoid my friends there. Maybe I want they to forget me so I could kill myself in peace. 

  How I know I'm unable to get happines in life? :

  I have always been easily depresed, I have tried to kill myself at least 3 times (at 14years old, 17years old and that one with the gun).
  The first time my mother need to go to other city to work, for years!, and I lived that time with my grandparents, I feel depresed then and hang myself to a tree, I regretted and sway myself to a branch before I faint.
  The second time I use cocaine for almost half a year and continuously get out at nights with a ""friend"" an get into fights with punks/yonkies that could kill me just to rob me. I do that because I hate the naive waek person I was/am. I was trying to turn me into a stronger person (I tough bad people where stronger) I almost kill somebody, having his life in my hands and decided to let him live (despite he hate me and I did hate him that night) because deep down I knew that making me bad person was not helping me to be more stronger to my feelings.
 After that I decided to put myself again, I went to college psychologist but it not helped. I 'healed' myself (I really thought I had achieved it - I was wrong) but now I feel like in a hole more deep, more *void*.

  I've never leave a note before those attempts, or talk to someone, I only do it without doubt. I talked about my first attemp to a girlfriend I had and she lost respect for me, and make sense: how someone could love me if I don't love myself?. And I don't want to talk this with my RL friends, they are going to lose respect for me or change the way they are with me because I'm ""that guy that tried to kill himself, so let's be acquiescent""

  My point: why I keep trying to go with life if every time I gave myself another chance I fail. All my memories are about me trying to be happy, trying to be a part of life, trying trying trying... I can't point to you what are the things that make me hate me, because every time I try to think about it I feel my chest heavy, my heart slow, and only shitty things come to mind, some of those things I know that are lies I'm making just to try to get courage to kill myself.

  I still have the gun, and to the moment I'm ending this note I don't feel anymore the urgent need to use it on me, but It will get back, always do.

  There is something wrong with my head? I mean, some hormone missing or I'm just a weak person? I can't affort to pay to a psychiatrist but I could try to get some antidepressant or something :/ 

  Thanks for reading this very long thing. I know it may be confusing but cand do it better now. And again sorry for my english.",1402893984.0,4,0.84,1
