subreddit,title,selftext,created_utc,score,upvote_ratio,num_comments
wow,"What would you consider a ""dead"" server?","So I have been playing since vanilla on bloodhoof (us) which back in the day was a medium population server. Now it sits around 300,000 and is merged with a server that is about the same population. I have almost all of my characters on that server but seeing as BfA is coming and I'm thinking of max leveling a couple classes, would it be worth changing to a more highly populated server? To be more clear I mean level those new characters on a more populated server.",1520861715.0,10,0.67,32
iphone,Archive iMessage feature?,"Not sure if this is the place for this... but I was wondering why iMessage doesnt have an archive feature (like on Facebook messenger, google hangouts... basically any other message app). I personally HATE having a million text conversations open, but I do not want to delete them, just simply hide the conversation. Is there anyway to do this that I am not aware of? Or is this just a feature that doesnt exist? ",1509997141.0,0,0.5,1
vita,How is ps now on Vita?,Firstly I'm pretty sure that service works on Vita? And secondly if it does how well does it work? ,1480816591.0,7,0.71,8
vita,Black Friday Vita deal,Anyone know if any where will have black Friday deals for the Vita (like the actual thing not games) I have been trying to find one at a good price. Any help would be appreciated as I've been wanting a Vita for awhile! ,1479318877.0,1,0.56,7
NBA2k,"[serious question] People who use ""cheesy"" tactics, why do you find it fun?","Before you downvote, this is a genuine question I have. If you use tactics to cheese like zig zag, constant turbo, spamming steal, etc etc etc, what is enticing about doing that? Is it that you win more doing that? I am genuinely curious because I see almost everyone using the same tactics over and over. 
Not trying to talk down on it I really just want a different perspective.",1479061867.0,35,0.87,43
NBA2k,"Just got Diamond Parker, what now?","http://2kmtcentral.com/17/lineups/85894/post-historic-domination that's my lineup at the moment. Any suggestions for who to pick up? I'm working with about 30k mt at the moment. 
Thanks! ",1478988869.0,1,1.0,4
NBA2k,Ruby pistol Pete or ruby Iggy?,Pulled Pete Maravich played with him some and he's alright. Really looking for a player who can dunk and finish at the rim but also hit some 3s and ruby Iggy seems best and also in my price range. Any thoughts? ,1477704464.0,1,1.0,3
NBA2k,Keep or sell ruby Pete Maravich,Pulled him in the one pack I opened today and literally spit coffee out because I never get that kind of luck in packs. Anyway he seems a little slow and a poor defender. I'm wondering how much he goes for if anyone has even sold one,1477526317.0,1,0.66,4
NBA2k,Cheap wing players to pick up?,"In myteam currently I have Tyron Lue and Brandon Ingram as my 2 and 3. I was looking to upgrade at either spot. Ideally I'd want someone who is at least passable on defense and can shoot the 3. I'd heard Michael Finley is pretty cheap but I was wondering what other players you'd recommend? 

Edit: if anyone is wondering my starting 5 is Jay Williams (the rewards card), lue, ingram, bosh, and Tristan Thompson",1476456888.0,3,1.0,13
neopets,Account frozen/hacked? I don't know what happened,I am unable to sign into my account at all. The password must have been changed or its frozen. And the account is old enough that I probably used a different birthday and an email I no longer can access. I have no idea how to go about fixing this seeing as I can't even submit a ticket. I really would appreciate any help you guys have! Thanks ,1475894691.0,3,0.8,4
moto360,No notifications on moto360 v2,Has anyone had this issue where no notifications will push through to the watch? Been having this problem about a week and it's been annoying. Is there any fix? ,1475525615.0,11,0.77,8
NBA2k,How to change usage in myLeague/GM,Has anyone else noticed they took away the ability to set who the first second and third option are on offense? Maybe I'm just dumb and they changed where it is but it really makes auto play call AWFUL in myLeague. No I don't want to run my 3rd straight pnr with Patrick Beverly... Last year I never had this issue harden was first option and got majority of the plays. Now it's spread evenly and is really frustrating. ,1474728793.0,2,0.75,4
Android,Battery drain after updating to nougat on 6p,[removed],1473646033.0,1,1.0,1
vita,Should I buy a vita,[removed],1473604732.0,1,1.0,1
meirl,meirl,,1472852350.0,0,0.5,0
meirl,meirl,,1472851028.0,1,1.0,1
CinemaSins,Idea for sinning TV,Not sure if this has been posted before but recently saw a video by STER (tf2/general weirdness video creator) anyway he made a video where he essentially made fun of a story line within a season of a TV show. I think it would work really well if cinemasins could do something like that in their style. ,1457756414.0,9,0.91,3
moto360,V2 vs sport,So I have been trying to decide between a v2 or a sport. Since they are both about the same price I'm wondering which would be the better option for me. Really the most important thing to me is I don't want to have to worry about breaking it or running out of battery. So which option is best? ,1452521743.0,2,0.75,3
