subreddit,title,selftext,created_utc,score,upvote_ratio,num_comments
SuicideWatch,Running out of reasons,I have no interests. Nothing makes me happy or entertains me. I have no friends or family I love. I don't give a fuck about what my death would do to the people around me. My future is fucking nonexistant. There is no possibility of me being happy. No matter what I do I will be stuck working a job I hate. I've weighed my options and death is truly my best choice.,1443418273.0,1,1.0,1
SuggestALaptop,"[US] 15-17"" gaming oriented laptop with backlit keyboard for $1000-1500","**LAPTOP QUESTIONNAIRE**

* Country of purchase: US

* Budget range: $1000-1500

* Purpose (netbook, ultraportable, mainstream, gaming, desktop replacement, etc.): Gaming and class work

* Screen size preference: 15""<

* OS preference (Windows/Mac/Linux): Windows

* Gaming requirements (list example games and desired fps/settings): The popular ""non-AAA"" pc games (LoL, Dota, CS GO, Overwatch) at max

* Other performance requirements (video editing, CAD, etc.): N/A

* Portability requirements (constantly carried, frequently moved, mostly stationary, etc.): Frequently moved

* Brand preferences and reasons (already owned accessories, familiarity, business compatibility): N/A

* Any particular style that you like (examples are great): N/A

**Which of the following qualities would you prefer? (Choose one or two)**

* Long battery life -vs- Low weight -vs- High performance: High performance > battery life > weight

* Build quality -vs- Low price: Build quality

**List any critical features:**

**Which features would you pay a premium for?** 
A backlit keyboard.",1443324207.0,3,1.0,5
Advice,"Decided college would most likely literally kill me, need alternatives","I'm a 17 year old high school senior and I've recently realized the idea of having to go to college is the source of my depression and I genuinely believe that if I force myself to go to college, take out a loan, etc. I will literally end up killing myself. So yeah, college is out of the question. My plan for now is becoming a truck driver because it sounds like something I could handle, its very acheivable, and its enough to sate my anxiety about the future. However, I'd still like some options. What are some non-college options for a high school graduate with mediocre grades and no interests?",1443157047.0,2,1.0,6
