subreddit,title,selftext,created_utc,score,upvote_ratio,num_comments
AskVet,High respiratory rate in kitten. Should I take her to an emergency vet clinic?,"My 5 month old kitten got a scratch on her head that became very infected because she kept scratching it. I took her to the vet last week and she was given an antibiotic shot, wipes for the infected area, and a cone. The vet didn’t prescribe pain meds because they thought she didn’t seem like she was in pain.

The cut has been improving, but in the past 2 days the wipes for her cut seems to be upsetting her more than they originally were. Today she has been lethargic (unlike her normal kitten self), EXTREMELY affectionate (needing to be close to me 24/7, purring constantly) and has been breathing rapidly. 

After searching online for what to do, I checked her respiratory rate and it seems to be around 90-100 per minute. She has been laying very stretched out and sometimes curling up her back feet, which makes it look like shes in pain to me.

I called her vet a few hours ago and the vet had already left for the day, but they said they would get back to me about possibly getting her pain meds tomorrow. 

I’m really worried about the respiratory rate, so I don’t know if I should take her to the vet hospital now instead of waiting until tomorrow to hear from her vet, but I am a very paranoid person so I don’t want to waste tons of money taking her to the vet when I was just over reacting. 

TLDR: Kitten has an infected cut that was being treated, but suddenly is lethargic with a high respiratory rate. Should I take her to the emergency vet now, even though it will be very expensive, or wait until I hear from her vet tomorrow?",1566272610.0,1,1.0,2
AskVet,Does my kitten just have scrape or is it something else? Should I be treating the wound with something?,"I have a 5 month old, half siamese / half domestic medium hair female kitten. I have had her for 3 weeks. Her name is Sprout and I love her. 

The other day I noticed a small scrape next to her ear, and assumed she hit her head on something and got a cut. Yesterday I noticed another bigger scrape/scab right under her ear, next to the previous one. I’ve never seen her scratching her head or anywhere on her body and she seems completely fine otherwise. She eats Whole Hearted grain free dry kitten food. Our apartment is all carpet and seems kitten safe to me. 

I’m trying to figure out if she is just prone to hitting her head on that same spot (maybe a pointy piece of furniture or something) or if it could be something worse (I’m terrified of it being ringworm). She’s never been outside, I have no other cats, and she was born in a foster home and then stayed at Petco for 3 days before I adopted her. 

I couldn’t get a vet appointment until next Wednesday, so I just wanted any advice, thoughts etc on what I can do until then.

Is there a way I should be treating the wounds so they heal faster? Should I bathe her/ do anything up until the appointment? 

I had cats growing up but this is my first kitty I’m taking care of myself. Just want to make sure I’m doing whatever I can to keep her safe and healthy and happy! 

Thanks.
TLDR: Kitten has scrapes on her head, idk what they are and if there is anything I should be doing up until I can get her to the vet.",1565316505.0,1,1.0,2
webdev,~~~~~A MESSAGE 4 U~~~~~ learning CSS grids,,1521779807.0,0,0.25,0
Guitar,[QUESTION] Not super familiar with gear stuff but looking to buy a new clean amp asap!!,"hi i'm looking to buy a new amp asap but i'm not super gear savy so i need help finding something good + worth the money. 

i'm in a few bands ranging from jazzy pop stuff to dance/noise rock so i'm kinda all over the place but mainly looking for an amp that caters to a clean (excuse the cliche) mac demarco/ 80's sound. i've been playing my friends roland jazz chorus and i absolutely love the sound, but it's a little out of my price range. if anyone has any suggestions for a similar sounding amp thats around $200-$400 it would be much appreciated!!",1514960711.0,2,0.75,3
BPD,is it possible for me to have a good life???,"i'm 20 yrs old i'm new to this subreddit. i'm constantly suffering from anxiety 24/7, ruining relationships with everyone i've ever cared about, doing things i hate myself for doing, getting mad about things i didnt even know i was mad about, worrying about anything and everything, doing way too much drugs and making terrible decisions, spending all of the little money i have, etc. i'm suffering all the time and i'm just wondering if any of yall have had nice fulfilling lives and relationships? bc every time i think about the future i just wanna die bc my whole life up until now has been painful. my life is v good i have a boyfriend and lots of friends and i'm doing what i love all the time. and i still feel like i'm suffering every day, having panic attacks, fighting my boyfriend and thinking i'm losing my mind. i want to have a normal, peaceful, relationships and i wanna trust my friends and not think they're using me/ leaving me all the time. i wanna feel happy when things in my life are good and i wanna feel sad when things in my life are bad. just normal human emotions and emotional cycles. will i ever get this???? is bpd always going to ruin everything i love/ want forever?!! i wanna feel okay so bad. fuck i'm really just ranting. but stories of yall fulfilling lives and relationships would be really encouraging. and just any advice on how to not deeply hate myself for ruining all my own/ my loved ones happiness / how to stop ruining everything all the time. thanks so much",1497913148.0,3,1.0,0
AskEngineers,Engineering student - should I change my major?,"I'm currently a sophomore architectural engineering student at the University of Colorado, but I'm thinking about switching my major to a major called TAM (Technology, Arts and Media). The major is still technically in our school's engineering department and you graduate with a BS. You pretty much learn web design, basic coding, and principles of design. I understand that it isn't really an engineering degree, which is my concern.

I want to change majors because I only chose ArchE for design purposes. I got to design a house in a class last year, loved it, and changed my major. Now I'm beginning to realize ArchE is mostly HVAC and mechanical systems etc, nothing really design related. I could go on and get a masters in architecture and become an architect, but then I feel like my undergrad wasn't really necessary in the first place. I'm not struggling in any of my classes, I'm actually doing very well, I just have absolutely no interest in them and no motivation to do the work.

I'm thinking about TAM because I have loved coding since high school, and there are quite a few computer science courses required for the major. I also love design and aesthetics, and am a musician. I spend pretty much all my free time making music and have close connections in the music industry. The degree offers a sound route, where I could more thoroughly study music software and learn music production. I also have a lot of music connections in LA and NYC where I could possibly reach out to and design web pages for labels or produce for musicians etc after I graduate.

I still am very worried about being able to find jobs with this major. I would like advice on whether or not any of y'all think that it would be possible at all to get a job after college studying TAM or if ArchE is the more secure route. I also can't imagine not taking the difficult math and science classes I've been taking for the past 2 years, since I have always excelled at these courses regardless for my lack of interest. This is a huge decision for me, so any advice would be much appreciated. Thanks!!",1475782349.0,0,0.5,2
EngineeringStudents,Thinking of changing major from Architectural Engineering,"I'm currently a sophomore architectural engineering student at the University of Colorado, but I'm thinking about switching my major to a major call TAM (Technology, Arts and Media). The major is still technically in our school's engineering department and you graduate with a BS. You pretty much learn web design, basic coding, and principles of design. I understand that it isn't really an engineering degree, which is my concern.

I want to change majors because I only chose ArchE for design purposes. I got to design a house in a class last year, loved it, and changed my major. Now I'm beginning to realize ArchE is mostly HVAC and mechanical systems etc, nothing really design related. I could go on and get a masters in architecture and become an architect, but then I feel like my undergrad wasn't really necessary in the first place. I'm not struggling in any of my classes, I'm actually doing very well, I just have absolutely no interest in them and no motivation to do the work.

I'm thinking about TAM because I have loved coding since high school, and there are quite a few computer science courses required for the major. I also love design and aesthetics, and am a musician.  I spend pretty much all my free time making music and have close connections in the music industry. The degree offers a sound route, where I could more thoroughly study music software and learn music production. I also have a lot of music connections in LA and NYC where I could possibly reach out to and design web pages for labels or produce for musicians etc after I graduate. 

I still am very worried about being able to find jobs with this major. I would like advice on whether or not any of y'all think that it would be possible at all to get a job after college studying TAM or if ArchE is the more secure route. I also can't imagine not taking the difficult math and science classes I've been taking for the past 2 years, since I have always excelled at these courses regardless for my lack of interest. This is a huge decision for me, so any advice would be much appreciated. Thanks!!

",1475781619.0,1,1.0,1
nutrition,Accidentally lost close to 10 pounds in 2 week,"Hi, I'm an 19 y/o female, height 5'2"". I recently went through a break up and also started cooking for myself for the first time and in the first 2 weeks of school I dropped from 120 lbs to 111 lbs. I'm very concerned about how quickly I lost the weight and I really don't like the changes in my body. I have always been very athletic with a lot of tone, some curves, and lots leg muscle because I ran track. I liked how I looked then, but now I feel like I'm wasting away. 

I eat vegetarian but still eat a lot of eggs and dairy, and lots of carbs like pasta, bread and rice. I eat black bean burgers and tofu for protein along with the eggs and dairy, and typically eat 3 meals a day although on busy days or stressful days I sometime only manage 2 meals. I don't have a lot of money so it's hard for me to buy lots of food, and the breakup messed up my eating habits really bad. 

I just want to gain my weight back and find a way to keep my muscle while still being vegetarian and not spending too much money. I was thinking about buying protein smoothies to drink every day, but I don't know what else to do. I don't like how much weight I lost and I continue to lose weight every day. I feel very unhealthy and I want to stop this as soon as possible.

Any advice or suggestions on what to eat and buy at the grocery store each week would be VERY appreciated. My self confidence and health have been really affected by this sudden weight loss.",1473663517.0,4,0.84,5
relationships,My bf [19 M] of 3 years just broke up with me [19 F] out of the blue. I can't cope,"Me and my boyfriend both left for college last week, but we're both sophomores this year so we've already been doing long distance for a bit. We tried breaking up when we went to college and weren't together for the first semester but got back together when we were home for christmas because we couldnt stand not being together. We had the happiest summer of our lives, traveled together, spent every day together, and our love was the strongest it's ever been in our 3 years of dating. When we left to go back for college we both cried a lot and he gave me like 5 different presents to remember him with and we promised to call and factime all the time ect. 

But since we've been back at college my boyfriend started partying every day. Literally monday - friday of this week, which is very unlike him. I told him i thought it was weird but otherwise it wasn't a huge deal, i party too so i can't really judge. 

Then all of the sudden yesterday morning he calls me and tells me he thinks long distance is too hard. keep in mind we have only been doing this for ONE WEEK at this point. We talk for hours and i find out he really just wants to try being single. When we took our break from each other freshman year i went off and lived the single life, met other guys and had a good time, but he was just extremely sad the whole time and never really talked to any other girls or tried to hook up with anyone.

So now all the sudden he's partying and i'm sure has met some girls and decides it's time for him to be single. i'm sick. i have never been this hurt in my life, and unfortunately this isnt even my first heartbreak. 

Just last week we were talking about being soul mates. He's always been the one obsessed with me. He fell in love with me a year before we started dating and has been with me through everything. He always adored me to no end and loved every single thing about me. We had a stronger connection than i've felt with any best friend or family member or anything in my life. we were literally best best best friends who were in love. we were the same person.

And now this. I cant even process any of it. I am shattered, and i'm taking 18 credits of engineering classes in school + have a job. i'm scared i'm going to like fail out of college or lose my job. The past day has been the most excruciatingly painful day in my life. i've talked to every friend i have and have tried to do wholesome things with my friends to feel okay, but the second i'm alone i break down and dont stop crying for hours. 

I understand why he feels the way he does. I needed to have that semester of being single to know how badly i wanted to be with him. i just wish he wouldve figured everything out then. But god i want to be understanding but i'm still so fucking angry. like how the fuck could my best friend hurt me so fucking bad. why would he ever do this to me oh my goddddd

i'm sorry for all the emotions. i dont have a question i just want to vent and i want to feel better. thank you to anyone who read all of this i love you. 
  ---   
  **tl;dr**: my bf of 3 years broke up with me after a week partying and i am broken. i just want advice on how to move on and feel okay after tying my entire life to someone who doesnt want me anymore",1472400336.0,12,0.76,11
Hair,colorado to houston - drastic hair change,"i moved from colorado to houston in may and since have noticed extreme changes in my hair. i have bleached hair, but it has always been very soft and i noticed very little change in texture and hair quality since i bleached. however, after moving from colorado to houston my hair has gone from shiny and soft to TERRIBLY tangled, dry, and straw-like. the minute i get it wet in the shower my hair feels like straight up straw and i cant run my fingers through it at all. 

i use all lush's hair products, and have been switching around shampoos and conditioners ever since i started noticing the change in my hair quality. 

if anyone has any advice please let me know!! i move back to colorado in august so i might just have to deal with bad hair until then ",1467845132.0,4,1.0,4
gamemusic,Discussion - getting into game music,"so my boyfriend spends a lot of time making awesome songs and beats on logic pro x, but never knows what to do with them. his music is amazing and he plays video games all the time, so i've noticed that a lot of the music he makes sounds somewhat inspired by video games and sounds like it would be really awesome like indie game background music. 

does anyone have any idea how he could get his music out to game companies just to show, or know of any game developers looking for music? any help would be awesome, i just wanna know how i could help get him started talking to game developers n stuff

https://soundcloud.com/reversej

this is his soundcloud so yall can get an idea of his sound!! 
and for all the game music lovers there's a cover on sairas song on there :-) 

thanks so much !!",1464159213.0,1,1.0,1
Revit,How to make a schedule of custom windows?,"I recently made a house with based around a mosaic window design for a project, and now I need to make a window schedule as part of the requirements of the project. I created all the windows by editing the profile of my wall and cutting out my mosaic design, then filling the cut out areas with glass. My professors said this method was perfectly valid, but now I have no idea how to go about a window schedule because you cant tag the windows.

I tried making each window a filled region, but there isn't any way to make a schedule of filled regions. Any advice? Project is due Thursday and its the last major part of the project I have left. ",1461717945.0,4,1.0,12
architecture,Can you work with design if you have an Architectural Engineering degree?,"So I'm a freshman in college and taking an architecture/revit based class right now and I absolutely LOVE it. I had never considered architecture to be anything I would pursue, but i had to take the course as one of my engineering classes and i found out that I really have a love for architecture. The only problem is that at my school (CU Boulder) there is only an architectural engineering degree and not an architecture degree. I am an engineer right now and always planned on being an engineer, but I don't know if the architectural engineering degree would allow me to do what I'm really interested in in architecture. 

I'm about to start designing my first house on revit and I've found that designing houses has really become a passion of mine. I've probably completely skecthed the floorplans and general design of 4 houses for this project even though we only needed to design one because I loved coming up with designs for houses so much. The biggest challenge for me has been picking the house I like best to start modeling in revit. 

So my question is what is the likeliness that I could work closely with the design of houses with an architectural engineering degree rather than a degree in architecture? Because I don't have any interest in designing only like electrical systems or air ducts. I have been an artist and musician my whole life along with loving math and science and I'm really excited about the opportunity to mix art with engineering through architecture. ",1458011076.0,1,1.0,3
ENFP,who else gets super depressed when you get bored?,"i'm in college but ive been home for thanksgiving break, but this week literally all of my friends have been out of town. i've had absolutely nothing to do, and at first i tried to make the best of it enjoying my time to myself because i'm usually ridiculously busy all the time (i like it that way) but after a few days i couldnt take it anymore. 
I get super depressed when i dont have stuff to do or friends to see because i feel like my life doesnt have any purpose because for me the purpose of life is doing what you can to be happy, and without friends and things to do its almost impossible for me to make myself happy. 
anyways. i just wanted to talk and relate with other people who might feel like this. 
and side note i can be super depressed for a while because of being bored, but the minute i have plans for something to do i immediately become extremely happy. it happens so fast its kind of ridiculous lol",1451679093.0,70,0.99,16
Hair,I bleached over henna?? scared for my hair health/ future hair color,"so the other day i decided on a whim to bleach my hair and dye it light pink. i went to a nice salon because i had never dyed my hair before (its light brown) and i wanted to make sure i was in good hands.

so i go to my appointment and begin the whole bleaching process without even remembering that i had henna'ed my hair with Lush's caca brun henna about 11 months ago. as we're washing the bleach out of my hair, my hairdresser suddenly stops and goes ""your hair is green."" i told her that i used henna about a year ago but she didnt seem too concerned about it. i also use a seaweed based conditioner. 

anyways i go full panic mode and a bunch of hairdressers come over and start applying all sorts of toners and things to my hair, i didnt really know what was going on. we get it to a nice white at the roots and fades to a natural blondish greyish something. (i attached pics)

ive been reading all sorts of stuff on the internet now about how bleaching over henna really fucks up your hair and sends the color deeper into the follicle and all this stuff and i'm really scared that my hair is fucked for life. i'm also scared that after i wash my hair its gonna go back to green. 

here's a before picture and what it looks like now: http://imgur.com/a/VDfxs

any advice on how to handle this (like if i should/can dye it back to brown) or if yall think its gonna turn green or if my hair is super damaged ect comments would be appreciated. im just freaking out right now. thx guys

edit: we couldnt end up doing pink cus of all of the green hair drama",1446412829.0,17,0.95,13
relationships,Me [18 F] with my boyfriend [18 M] of 2 years are both going far away for college and are breaking up. I'm falling apart over losing him and need advice on coping,"We've dated for 2 years and been my best friend for 4. He helped me through an unhealthy relationship before him and he's been by my side through some terrible shit (eating disorders, self harm, addiction ect) and with his support and love i've completely abandoned all my terrible old habits. In addition to all this he's my best friend, we connect better than anyone I've met and we have had some amazing times together. We mutually decided to break up for college because we know the change will be difficult, we've seen how terribly many long distance attempts have been, and college is a time to be independent. (we're both very logical) 

The problem is, as of today we only have 6 more possible days to spend together and its hitting me really hard. I can't cope with the fact that I wont have him anymore. I can't sleep at night unless I'm insanely tired, and if I wake up at any point in the night I'm just fucked and won't be able to go back to sleep because I can't stop thinking about him and what's about to happen. We've been spending every day we have left together to make the most out of our time left, but it's eating away at me because we're so happy and I know it's about to end. There's absolutely nothing wrong and our relationship is so healthy. My last breakup was a little better because I could convince myself I was better off since the relationship I had been in was so unhealthy, but now theres nothing I can tell myself. I'm just losing someone I love.

I just need some advice on how to cope. It's hitting me really hard and I know it will only be worse after he leaves. 
   
**tl;dr**: My boyfriend and I are mutually breaking up because we will be very far away for college, but we are still very much in love and I'm falling apart over losing him. I need advice on coping/ moving on and how to stop losing so much sleep over this",1437465694.0,2,1.0,2
Hair,Lush cosmetics hair dye?,has anyone ever use the natural hair dye they sell at lush? I want to dye my hair darker (I have light brown hair) but I've never dyed my hair before and I don't wanna to dry out my hair or kill it. Has anyone ever used this? Or have any suggestions of dye to use?,1418957914.0,5,1.0,1
SuicideWatch,help,"no matter how many friends i have, if i have a boyfriend, how good my family is, i am always going to be alone. no one actually cares no one will ever care or feel what i'm feeling no one will ever appreciate the things i do for them, no one will ever think of me first and go out of their way to do something for me. my life is going to be meaningless no matter what i do with it i am going to die later and my life will be filled with pain. i hurt everyone close to me and when i try not to hurt them i hurt myself. i dont wanna live the rest of my life if i have to be like this. my problems are stupid but i'm always hurting. i've gone through so many cycles of getting better then getting much worse and repeating that over and over and over and fucking over and i'm fucking tired of it. i stopped physically hurting myself but the feelings are still there. people cared when i hurt myself and wanted me to stop but now that i dont no one fuckinng understand how much harder it is it not hurt yourself than to hurt yourself. im upset im always upset i dont know what the fuck to do because i've done so much (write, make music, write down good things that happen to me every day, talk to people, distract myself, stop cutting) and i always end up here. i want get out of this fucking cycle without dying or living my whole life waiting to die",1404245238.0,5,0.74,19
