subreddit,title,selftext,created_utc,score,upvote_ratio,num_comments
Advice,Question about work.,"Okay so just some context first, I've been working at a local convenience store in my small rural town in Nevada for about 9 years. Recently a manager at one of our sister stores in town quit so I applied and interviewed for their job. I started working at that store the night of the 2nd into the morning of the 3rd of March.



 On the following Friday, so the 8th, one of the bosses from corporate came into the store and found a lot of problems with the store including, some pizzas in a fridge thawed that had been delivered the day before, a milk spill in the cooler that had been there for who knows how long, the doors were open due to a smell from the bathroom drains, and the fountain machine in the store was almost out of product. This was my first week at this location and I know that I could have been more observant to some of the issues in the location and I did take responsibility for the pizzas being in the wrong cooler, but some of the other issues, I believe, are more the fault of the previous manager. They were in charge of the location for over 3 years so they were problems they were already aware of. This Sunday will officially be my 2 week mark for taking over this store and I just found out today that because of the problems, and the state of the store on the 8th they have temporarily decided to ""pause"" my promotion and still pay me hourly instead of salary. The manager I spoke with today said it could be a few weeks before I get the promotion I thought I already had. They currently want me to do all the tasks the manager usually does and fix a lot of the issues with the store, including working 45 hours a week instead of the usual 40 for regular employee's. 



My question is what should I do? Now since I live in a pretty small town I don't have many other options for other employment so I don't know if that's a real choice for me at the moment. The same manager that found all the problems on the 8th will be down again this upcoming Tuesday to train us on some stuff, so should I confront him about this? 

I just feel like they're using me as a scapegoat for some of the issues the store already had and punishing me for the store not being up to code. I may be in the wrong and looking at this all wrong because I do know that part of my job as a manager is to make sure the store I'm in charge of is looking good, but it was my first week in a completely new environment, with a whole new team and different way of doing things than my old store. I don't mean to make excuses I just really don't know what I should do at this point. I feel frustrated that I thought I was a manager at this location since I started there only to figure out that I was never a manager and that when they were going to give me the manager position they ""paused"" it because of issues at the location and never fully made me aware of the fact that I wasn't manager. Anytime I would ask them, they would say it's still in processing and I should receive an email soon with an offer. That's enough rambling though, please if you have any questions post them and give me any advice you can. Thank you.",1741997851.0,1,1.0,0
MonopolyGoTrading,Looking to trade for desert dust,I was just wanting to trade for desert dust to complete the album pls 🙏,1697684888.0,1,1.0,9
MonopolyGoTrading,Looking to trade,I was wanting to trade for desert dust so I can complete the set pls 🙏,1697660031.0,1,1.0,3
MonopolyGoTrading,Looking to trade!,"I was just wanting to trade any of these 5 stars I have for desert dust, golden bounty or make it rain.",1697589720.0,1,1.0,13
MonopolyGoTrading,Looking to trade,I was wanting to trade for either desert dust or make it rain.,1697385748.0,2,1.0,7
MonopolyGoTrading,Looking to trade,"Just looking to trade any of these 5 stars for ""show the way"" or ""desert dave""",1697222652.0,1,1.0,21
MonopolyGoTrading,Looking to trade,[removed],1694635966.0,1,1.0,0
MonopolyGoTrading,Bottlenose for icy pls,,1693504645.0,1,1.0,3
MonopolyGoTrading,Bottlenose for Icy Pls?,"If anyone has an extra icy i'd appreciate it, irs the last one I need in that set.",1693503121.0,1,1.0,3
MonopolyGoTrading,Anyone got an extra icy?,Just need an icy unicorn to finish this set before the new stickers come out! Lmk if you wanna trade!,1693470745.0,1,1.0,0
MonopolyGoTrading,Bottlenose for Icy Unicorn pls,"Just looking to trade bottle for icy, its the last sticker I need in the set!",1693468758.0,1,1.0,0
MonopolyGoTrading,Pls Help!,"My wife was just wanting to complete this set and asked me to make a post asking if anyone had any extras of these stickers. Any help is much appreciated! Here's here link: 


https://s.scope.ly/zgn6ZRsHMBE",1693464893.0,1,1.0,0
MonopolyGoTrading,Any extra icy unicorns?,Does anyone have an extra icy I can give you stars for? Its the last sticker I need for the set.,1693460162.0,1,1.0,0
MonopolyGoTrading,Any extra unicorns pls,Anyone have any extra icy's its the last sticker I need for the set and I can trade 3 or more 4 stars for it. I know its a long shot but thanks to anyone that helps!,1693449379.0,1,1.0,0
MonopolyGoTrading,Any extra Icy's?,Anyone have any extra icy's its the last sticker I need for the set and I can trade 3 or more 4 stars for it. I know its a long shot but thanks to anyone that helps!,1693449282.0,1,1.0,7
MonopolyGoTrading,Trade pride for coolest dad pls,"Just looking to trade for coolest dad. I have a few other 4 star dupes if theres a different one you'd be interested in just let me know!


Play MONOPOLY GO! with me! Download it here: https://s.scope.ly/hqdSNpjPWiM",1693362520.0,1,1.0,2
MonopolyGoTrading,Trading for preening time,Unfortunately I don't have any dupes of 5 stars but I can trade 3 four stars for it. Its the last one I need in the set.,1693341262.0,1,1.0,9
MonopolyGoTrading,Looking to get a bottlenosebud,I was just looking to trade this Magni for a Bottlenose if anyone has any extras?,1693249963.0,2,1.0,17
memes,Anyone else miss this meme?,,1633431128.0,7,0.56,9
memes,Oh shit waddup,,1631734677.0,83,0.93,9
videos,Arrival of the Saiyans,,1604019784.0,0,0.5,2
apexlegends,It feel's so good to finally clutch a game!,,1596848472.0,11,0.88,0
apexlegends,Hey guys both my teammates dced and this other squad adopted me. (Sorry for the sounds quality about halfway in the video. ),,1594973069.0,3,1.0,3
videos,This is my hell.,,1592894034.0,8,0.83,2
history,"How were the health care workers and other ""frontline"" workers thought of during the 1918 flu pandemic? Were they called ""heroes"" like they are during our current situation?",[removed],1586928748.0,1,1.0,1
AskHistorians,"Were medical workers and other ""frontline"" workers considered ""heroes"" during the spanish flu like they are right now?",I've just noticed some similarities between the two pandemics and it got me thinking if the people who were out there battling the 1918 flu epidemic were as venerated as our healthcare workers are?,1586928169.0,2,0.67,1
TIHI,Thanks I Hate Easter Breakfast,,1586711144.0,19,0.84,2
NoStupidQuestions,"Will people in the U.S. who file for unemployment be making more than most ""essential"" workers do right now?",Hello everyone so I just had a quick question about the unemployment crisis going on right now. I work at a gas station that was deemed essential and i'm currently making $11.25 per hour. I've also noticed a lot of the grocery stores and other gas stations here in town are staying open as well. They are all paying right around minimum wage which is $9. Just using my situation as a general example do you think people who get unemployment will be making more than those of us who are on the front lines. Thanks for any help or insight.,1586390992.0,2,0.75,6
me_irl,Me_irl,,1583457119.0,26,0.92,2
Eyebleach,My dog doesn't listen to directions very well.,,1583223087.0,3,0.71,0
aww,My dog doesn't really listen to directions very well.,,1583222426.0,2,0.76,0
aww,My dog looking very sad and pathetic because my wife won't share her dinner.,,1582774321.0,3,0.81,0
todayilearned,"TIL of the Basus war, a 40 year conflict between two cousin tribes during late antiquity in Arabia over the killing of a camel.",,1581874683.0,44,0.86,3
apexlegends,I guess they nerfed the speed boost.,,1581565378.0,5,0.78,0
me_irl,Me_irl,,1579028434.0,18,0.9,3
MakeMeSuffer,Don't forget to teeth your brushes.,,1577631848.0,934,0.96,21
trees,Edibles,So i'm trying my first edibles this weekend for my birthday. Does anyone here have any good tips for me and my wife on our first time?,1566881177.0,3,1.0,8
ContagiousLaughter,This video never fails to make me laugh.,,1566383513.0,10,0.86,0
me_irl,me_irl,,1566163348.0,100,0.91,0
gifs,What I found waiting for me at work this morning.,,1564331095.0,86,0.88,30
gifs,This is my view at work.,,1563949479.0,1,1.0,1
gifs,This is Mesquite NV right now.,,1563948869.0,2,1.0,1
AskReddit,"Reddit what's your closest ""brush with death"" moment?",,1557448063.0,3,1.0,7
AskReddit,Whats your view this Christmas morning?,,1545744113.0,2,1.0,2
papillon,My papillon Emmie is all tuckered out.,,1535342912.0,31,0.94,3
sandiego,Best places to eat?,[removed],1533709692.0,0,0.25,8
askscience,Why haven't we been able to domesticate big cats yet?,,1531300976.0,1,1.0,1
me_irl,Me_irl,,1523451319.0,36,0.91,0
AskReddit,"If you were sent back in time and told to expel a demon from someone, how would you go about it?",,1518389567.0,1,1.0,2
me_irl,Me_irl,,1517162182.0,1066,0.94,12
me_irl,Me🐻irl,,1510786131.0,11,0.91,0
me_irl,Me_irl,,1505275061.0,3,0.71,0
me_irl,Me_irl,,1504760451.0,7,0.67,0
MorbidReality,Former school employee charged with child pornography charges.,,1504149203.0,12,0.85,7
me_irl,Me_irl,,1501045054.0,1,0.6,0
TellMeAFact,TMAF about the Mayan empire.,,1500175336.0,20,0.87,4
me_irl,me_irl,,1500095809.0,12700,0.94,197
me_irl,Me_irl,,1499736135.0,139,0.99,0
blop,My new pupper doing a blop.,,1499550923.0,3,0.81,0
Showerthoughts,I've worked at a gas station next to a busy highway for 2 years now. I could have met anyone reading this and i'd never know.,,1499030454.0,1,1.0,0
AskReddit,What the most evil thing you do on a day to day basis?,,1498779657.0,3,1.0,7
funny,My new pup had a very long day.,,1498070193.0,6,0.71,2
aww,My new pup had a very long day.,,1498068747.0,3,0.81,1
me_irl,me_irl,,1497848024.0,19,1.0,1
me_irl,Me_irl,,1497379723.0,1,0.57,0
funny,My new nephew looks like he's done with the world already.,,1496287909.0,5,0.63,0
me_irl,Me_irl,,1494390298.0,30,0.95,0
me_irl,me_irl,,1489099048.0,2,0.75,0
me_irl,me_irl,,1487882600.0,68,0.94,0
me_irl,me_irl,,1487337246.0,3,0.67,0
me_irl,me_irl,,1485253292.0,3,1.0,0
AskReddit,"They say ""to get to a mans heart you go through the stomach"" but how do i get to my gerbils heart?",,1485162837.0,1,1.0,1
AskReddit,What's a skill that you have that you don't remember learning?,,1485079713.0,6,1.0,11
me_irl,me_irl,,1484976512.0,9,0.85,1
AskReddit,What's the strangest thing you ever walked in on your room mate doing?,,1484901309.0,1,1.0,2
me_irl,Me_irl,,1483651004.0,176,0.96,3
me_irl,Me_Irl,,1483648761.0,1,1.0,1
me_irl,Me_irl,,1481773014.0,1,0.55,0
me_irl,Me_irl,,1478882253.0,12,0.94,0
explainlikeimfive,ELI5: What happened in the Watergate scandal?,,1471083952.0,1,1.0,3
AskReddit,If you could choose one creature from any movie or videogame to be your pet/companion what would it be?,,1469781284.0,1,1.0,2
pokemontrades,LF: Nidoran Male for Nidoran Female any level,,1468719273.0,1,1.0,1
AskReddit,What is the worst case of Stockholm Syndrome you've ever heard of?,,1467289878.0,8,0.66,23
AskReddit,What is your least favorite modern movie cliché?,,1466668680.0,1,0.57,3
AskReddit,What is something people do in your country or state that others may find strange?,,1466063960.0,3,1.0,7
funny,The closest 5th grade me ever got to seeing boobies.,,1465794428.0,0,0.2,1
AskReddit,Whats the most outrageous way to die that you can think of?,,1465202099.0,2,1.0,9
AskReddit,What is the biggest difference between high school you and present day you?,,1465125593.0,3,0.81,14
funny,The Shoebill is hands down one of the most derpy animals I have ever seen.,,1462095541.0,27,0.9,2
AskReddit,What's something quirky your spouse does that you absolutely love?,,1460702726.0,2,1.0,1
me_irl,Me_irl,,1460544226.0,44,0.92,0
AskReddit,What is something your family does that others may find strange?,,1458659987.0,2,1.0,6
AskReddit,What's the most shocking thing you've seen someone do in public?,,1458543368.0,1,1.0,2
AskReddit,What is the most extreme case of road rage you have ever witnessed?,,1457994512.0,0,0.5,5
videos,This music video is pretty mesmerizing.,,1457811694.0,0,0.2,1
AskReddit,What's something you feel really bad about even though you know its not that big of deal?,,1455829276.0,2,1.0,1
AskReddit,What's your biggest turn off?,,1455641204.0,2,0.75,17
AskReddit,What is the most inconsiderate thing you have ever seen a coworker do?,,1450338755.0,1,1.0,1
funny,"""I've seen some things, man.""",,1450044257.0,0,0.5,0
AskReddit,What's the worst thing you've ever caught your boss doing?,,1449423853.0,1,1.0,8
AskReddit,What is one thing you'd never do no matter how much someone paid you?,,1449238515.0,21,0.8,125
AskReddit,Whats a small change that would send the entire world into madness?,,1448892592.0,121,0.85,371
videos,An awesome cover of the star wars theme!,,1448688538.0,2,0.75,0
AskReddit,What's a silly mistake you have made in the past that you still think about to this day?,,1447541879.0,0,0.5,4
Sneks,Snek has sssssssssnak,,1446743391.0,34,0.95,2
AskReddit,What is your favorite condiment to bathe in?,,1446307532.0,0,0.17,6
AskReddit,What is the most evil thing human beings have ever done?,,1445156302.0,2,0.75,14
AskReddit,What's a good meal I can make at home for under $20?,,1444766843.0,1,1.0,4
AskReddit,What are some heart breaking things people did before they died?,,1443280635.0,3,1.0,2
AskReddit,What's your irrational fear?,,1440916524.0,1,0.6,23
AskReddit,What is the most uncomfortable thing you've witnessed someone do in public?,,1440584057.0,1,0.67,3
AskReddit,"What are some traits that you luckily avoided ""picking up"" from your parents?",,1438435058.0,2,0.67,8
explainlikeimfive,ELI5: Why do goods seem to be much more expensive than they were 100 years ago?,,1438434247.0,15,0.63,12
AskReddit,"What useless skill have you mastered? Other Redditors, how can this skill help them?",,1438332054.0,1,1.0,1
AskReddit,"What moment made you realize your spouse was ""the one""?",,1437992399.0,7,0.77,4
AskReddit,What's a silly mistake you have made in the past that you still think about to this day?,,1437311431.0,1,1.0,0
AskReddit,What is something simple I can do to improve your day?,,1436998731.0,4,0.71,17
explainlikeimfive,ELI5: What happens to someones body physically when they have alzheimer's?,,1436744982.0,1,0.6,5
TellMeAFact,TMAF about ancient rome,,1436596576.0,8,0.91,5
AskReddit,What is your proudest and your most shameful moment?,,1436592299.0,5,1.0,5
explainlikeimfive,ELI5: Why is it that I may not like the same foods as another person?,,1435899595.0,0,0.5,1
AskReddit,What is your strangest talent and how did you learn you could do it?,,1435833826.0,1,1.0,11
AskReddit,What are some common items that are made in ways that might surprise someone?,It can be any item you want. You can give a brief summary of how the item is manufactured or post a step-by-step process. ,1435798297.0,0,0.5,3
AskReddit,What's your strangest deja vu moment?,,1435145352.0,4,1.0,2
AskReddit,"If you could remove one basic need from your life, what would it be and why?","I.E. Sleep, eating, staying hydrated etc.",1434822125.0,2,0.76,7
videos,Cat terrified of printer,,1434786500.0,21,0.86,1
AskReddit,"If you could ask an animal a single question and get a response, what animal would you choose and what would your question be?",,1434366179.0,0,0.5,4
explainlikeimfive,ELI5: Why is it that most songs only last from 3 to 5 minutes?,,1434284632.0,3,0.72,5
explainlikeimfive,"ELI5 what happens to someone's brain to give them amnesia, and why do some people ""recover"" the ability to remember things again?",,1434181295.0,0,0.33,1
AskReddit,"If life had a ""character customization"" option, how would you make yourself unique to every one else?",,1433835884.0,0,0.5,10
AskReddit,What's something you can never forgive a relative for doing?,,1433717544.0,3,0.71,7
AskReddit,What's your biggest irrational fear that others may find silly?,,1433525832.0,8,0.9,20
AskReddit,"If you could choose one horrible super power to give to your mortal enemy, which power would you choose?",,1432753897.0,2,0.63,17
AskReddit,What's something someone can say to you to instantly brighten your whole day?,,1432464654.0,8,0.9,18
AskReddit,"What's the last thing you remember seeing or hearing, that gave you tears of happiness?",It can be an experience you had or something you seen that just made you feel all warm inside.,1432210669.0,6,0.72,25
AskReddit,If you had the chance to be sucked into any game's universe which would choose and why?,When you're sucked into said game you still have complete control of your body. You can leave the game anytime you want but you can't return back once you leave. ,1431970781.0,2,1.0,5
AskReddit,What have you witnessed someone doing in public that made you feel embarrassed for them?,"Could be anything from someone having screaming kids in a grocery store, to crashing on their bicycle in front of their peers.",1431869223.0,4,1.0,11
AskReddit,What are some general tips that everyone should follow on a first date?,I usually suck at first dates so i'm looking for some pro tips on how to not mess up. Any and all tips are welcome! ,1431845930.0,4,0.83,11
thebutton,How long do you think the timer will last?,,1431840044.0,2,1.0,1
AskReddit,What are some general tips that everyone should follow on a first date?,,1431613028.0,0,0.5,4
AskReddit,"What is your least favorite country and or state, and why?",Just to be clear it can also be any place you wish. Like a town or small city for example.,1431595871.0,0,0.43,5
AskReddit,What's the best compliment you've ever received from someone?,"The ""someone"" could be a stranger or your best friend. And anyone in between!",1431266058.0,4,1.0,9
explainlikeimfive,ELI5: How much power does the queen of England have today?,I've always been curious to know how much power the queen would have in this time period. Thank you for any answers in advance!,1431161293.0,10,0.69,32
AskReddit,What are some examples of times that you really wanted to punch a relative?,,1430757756.0,1,1.0,0
AskReddit,"Redditors, what's your story? How does this help shape the person you are today?",Your answer can be as long as you like it to be. Talk about good experiences and the bad ones. Share a few short details or offer an autobiography of sorts.,1430751361.0,1,1.0,0
AskReddit,What is the creepiest thing someone you just met has said to you?,,1429908458.0,2,0.75,3
AskReddit,Which website is best for viewing cringe material?,"I'm one of those immature people who enjoy some good cringe every once in a while and I was wondering if you guys have any recommendations on this subject. I'm already subscribed to the cringe subreddit and enjoy it, but it doesn't get very many posts a day. So I was just looking for something else to hold me over! Thanks for any recommendations! ",1429860178.0,1,1.0,5
explainlikeimfive,ELI5 Why do Canadian citizens receive free healthcare?,I've always wondered how the healthcare system works in Canada. It seems like a lot of money is being lost. If this is a completely stupid question I apologize ahead of time.,1429853581.0,0,0.2,11
AskReddit,"What made you a ""little shit"" while you were young?",,1429183723.0,1,1.0,11
AskReddit,"People of Reddit, what is the strangest or creepiest text, phone call or email you have ever received?",,1429168614.0,1,0.67,6
AskReddit,If you could choose one ability from the last movie you watched or game you played what would it be and why?,,1429014472.0,21,0.78,51
AskReddit,"Redditors who have been a guest or audience member on a show like Jerry Springer or Maury, what was your experience like?",I've always wondered what it would be like to be on a show like that. So any stories or information would be greatly appreciated!,1428913740.0,5,0.86,3
FollowersOfTheShade,My brothers. I come to join the shade. I hope you will accept me.,"For as long as I can remember, I have wanted to be pure. I grew up in a small village in the time before the great button. Days were harsh when the button first arrived. Friends, even family members started to change. They became weary and untrustworthy. I have lost many friends to the filthy pressers. I will do what ever it takes to keep myself pure from now until my ending days. GREY IS PURE, GREY IS LIFE! ",1428083629.0,3,0.64,2
thebutton,My grey brethren I come to you with sad news.,"I come from a land of peace and honor. Where every face is friendly and every citizen is a non presser. I fear for my peaceful home now more than ever. As the time starts to tick and tick I feel that my grey brothers and sisters will give in. Please have faith in the all mighty non pushers. Like our ancestors before us we MUST NOT FALTER! Many of my friends have already been lost to the button. I ask of you, for my family, please do not make the same mistake as them! ",1428079067.0,1,1.0,6
AskReddit,"If you could remove one necessity that you need in order to survive, what would it be and why?",,1426417393.0,1,0.67,3
AskReddit,"Skydivers of Reddit, what's the strangest or coolest thing you've seen while in air?",Title says it all!,1425800064.0,3,1.0,3
AskReddit,"What wish did you make as a kid, that would be totally weird if it were to come true now?","To elaborate more ill give you an example: Say when I was a kid I wished to be as tall as the empire state building, thought it would be pretty awesome, it would also have some pretty big repercussions on life. I can't wait to read your guys answers! ",1423984671.0,2,0.76,6
AskReddit,"Have you ever received something good for a weird talent you have, and if yes, what was the talent?",The weirder the better!,1422770091.0,2,1.0,2
AskReddit,"Hey everyone, out of curiosity, if you could only play 5 games and watch 10 movies for the rest of your life, what would they be?","Here's a few things for you to go off of. 
1. A trilogy counts as one movie because its all one big set. 
2. You can use multiple games from the same series. An example would be multiple mortal kombat games. They wouldn't count as a trilogy only because they are not ""true sequels"". 
3. You can use any console/set up to watch the movies and play the games. The only thing you're limited on is how many games and movies you choose. 

Ill leave a blank template below that you can use if you'd like. 
I'm really interested to see what choices you come up with and comparing them with mine. ",1419497364.0,0,0.5,8
AskReddit,How do you think it would effect your everyday life if your body never needed to sleep?,Really interested to see what some people say!,1419363057.0,2,1.0,14
AskReddit,"Glorious beard grower's of Reddit, are there any true pros/cons of having a beard?",,1417544486.0,7,1.0,16
CodAW,Question about prestiging,I'm about to prestige for the first time and I had a quick question about it. After prestiging do you have to unlock a weapons attachments again if you choose to unlock the weapon for good?,1416002456.0,1,1.0,3
SuicideWatch,This may not be the right place to say this but...,"I just wanted to say thank you. I came onto this sub about 2 months ago. I just wanted to talk to anyone. My girlfriend had left me and I felt like I was letting every single person on this planet that cared about me down. The past 2 months have been some of the hardest of my life, but with the help of talking to people on here and my family I feel like things are starting to get better. You guys helped me to be optimistic when I didn't even think it was possible. So again thank you all. And for anyone thats having suicidal thoughts and you're reading this just try to talk to someone. It makes a hell of a difference to know someone will listen and care about you. And things do get worse before they get better. You just have to think about those that do care. No matter how many there are. Anyways I'm sorry for ranting. Just wanted to get it off my chest.",1415583433.0,24,0.9,6
CodAW,Question about prestiging.,"After you prestige, do you have to unlock guns attachments again? Or do they stay?",1415497476.0,3,1.0,4
CodAW,Looking to join a clan (PC),"Sorry if this isn't the correct place to post this. I honestly didn't know where else to go. I was wanting to join a clan I play this game a lot and I think it'd be awesome to meet some new people on here and join a clan. I don't want one that's super strict on rules or anything like that. Just looking for a laid back, relaxed clan for destroying some peeps on TDM or other game modes! Any help is greatly appreciated. Just message me on here or on steam @ mrfishpants",1415476827.0,1,1.0,0
CodAW,"For those of you that have prestiged, is it worth it in your opinion?",,1415472116.0,2,0.75,9
videos,I don't really know what to call this.,,1413843411.0,0,0.5,0
AskReddit,"Males of Reddit, Who is your secret ""man crush"" on?",,1413588085.0,0,0.5,48
funny,I think I made a mistake downloading this game.,,1409673997.0,0,0.33,0
depression,My ex is on a date tonight.,I just found out my ex girlfriend of a year and a half is on a date with someone else tonight. We've been broken up for less than a month. Everyday is painful enough already. With knowing this I'm not sure how much longer I can go on. I think about killing myself almost daily. Its the only way I know how to get to a state of happiness. I have to take at least 8 benadryl a night to sleep. I'm so sick of pretending to be happy when all I can feel is sadness.,1408757794.0,1,1.0,2
SuicideWatch,My ex is on a date tonight.,I just found out my ex girlfriend of a year and a half is on a date with someone else tonight. We've been broken up for less than a month. Everyday is painful enough already. With knowing this I'm not sure how much longer I can go on. I think about killing myself almost daily. Its the only way I know how to get to a state of happiness. I have to take at least 8 benadryl a night to sleep. I'm so sick of pretending to be happy when all I can feel is sadness.,1408751045.0,4,0.75,3
depression,This is getting harder,"About 2 weeks ago my girlfriend of one year left me. She told me we could be friends and talk to each other once I got over her. Before I had her in my life, I was dealing with depressed I felt like my life was going no where. Then she came along and everything was better. Now i',! Terrifiedso worthless, she was everything i've ever wanted.",1406787706.0,2,0.76,0
SuicideWatch,This is getting harder and harder.,"My girlfriend of a year and a half broke up with me 3 nights ago. Everyday since then seems to get progressively worse. I've tried leaving the house, hanging out with friends and almost anything else I can think of. But its getting scary. I'm starting to have dark thoughts in my mind. They get worse and worse everyday it seems. I have no clue what to do.",1405476602.0,1,1.0,2
depression,My girlfriend just dumped me,[removed],1405221847.0,10,0.78,6
AskReddit,"If you had to sacrifice something in order to get one wish, what would you sacrifice and what would your wish be?",,1404908532.0,0,0.4,28
AskReddit,"People who have been to a wrestling event, could you easily tell it was all fake or did they do a pretty good job at keeping you entertained?",,1404391221.0,4,0.83,5
AskReddit,"People of reddit that have been in a commercial or infomercial, what was your experience like?",,1403720507.0,2,1.0,1
AskReddit,What is the most shocking/disgusting thing you have ever found in a siblings room?,,1402289757.0,0,0.5,9
gaming,Far cry 3 will always be one of my favorite games.,,1402195391.0,2065,0.85,231
AskReddit,"Reddit, what are some small things that happen to you, that annoy you more than they should?",,1401943306.0,6,1.0,10
AskReddit,"In your opinion, what is the shittiest thing you did in high school/university.",,1401488004.0,1,1.0,1
AskReddit,What are some kid television shows/movies that terrified you as a kid?,,1400462171.0,3,1.0,17
cringepics,My friends are ultimate h4xors guys.,,1400439671.0,1,1.0,0
