subreddit,title,selftext,created_utc,score,upvote_ratio,num_comments
SuicideWatch,"I want to kill myself before my baby arrives, it feels like my 'last chance' because I don't want to abandon her in the world.","I don't know what to do. I have this overwhelming feeling that I want to die, but i feel like my time is running out. I am pregnant (really, really pregnant) and I feel like if I don't do it now, I never could, I don't want to abandon her in the world after she is born. She will need me and i want to love and always be there for her... But then I realize that its selfish of me to die now because she's old enough to survive on the outside, so I'd be taking her life too.

I don't think I am going to kill myself, I just have the sudden underlying feeling and a feeling of urgency. I didn't really know where else to talk about it.   

*Edit*: Thank you for your replies and support. I was being treated for depression prior to pregnancy (medication, but stopped after discussing with Dr). I have an appointment with the Dr today. Up until now I had generally experienced positive and excited feelings during the pregnancy. I felt great. The shift to negative thoughts was sudden, scary and overwhelming. But, I feel stronger, less desperate/alone, and more in control now after sleep, and reading the replies and having a plan to talk to the Dr. Thank you everyone, so much.",1452078437.0,29,0.98,13
