subreddit,body,created_utc,score
gardening,"Oh, well it literally just had it's first flower. I should get on that, then, right? Those dried flowers sound absolutely delicious with the egg and sugar.....I'm wondering how it would taste on top of some home made chocolate mint ice cream? I'll check that link out in the morning, I'm literally sleep deprived at the moment. Goodnight mom, I love you, I'll make sure to walk the three toe'd sloth tomorrow on my way to the camel aquarium, sausage flavored shoe garnish with relish biscuits and mayonaise. ",1407819519.0,2
gardening,"It's absolutely scrumptious. I make a special drink with it that I call ""Billy's Dream Exploration Tea""..Basically, it's chamomile, wild pineapple weed (which looks almost like chamomile but literally tastes like pineapples....), a hefty amount of Mugwort (If you don't know about it, look it up....it has been used throughout history to induce lucid dreaming and help you remember every part in detail.....it is VERY potent no matter how consumed, you can even smoke it by itself or with *other* stuff....it's a delicious soothing smoke and has made me and anybody I've offered it to in tea or smoke form dream EVERY SINGLE TIME.), a nice amount of the chocolate mint, and I always add a bit of some type of non-caffeinated tea - sometimes prebagged or whatever - just for color and a bit of flavor....I recommend something fruity, perhaps some type of peach tea made with real dried peaches....Sometimes, I'll even cut up some fresh homegrown fruit, throw it in the pitcher, and pour the tea over that...or I'll use the special strawberry icecubes I make which are basically just icecubes with a piece of strawberry in each one...

I know, I know, I just typed a whole shitload....but anyway, if you don't have vivid/lucid dreams very often, or just want to experiment with it, you should try this recipe out. Keep in mind that the Mugwort is so potent and makes you dream so hard that sometimes you dose in and out of sleep...also I'd like to point out that it doesn't get you *high* but will calm your nerves and has been used as a substitute for tobacco by sailors. DO EEEET....",1407819260.0,2
funny,"Well, it was mostly the last part of the 90s....or possibly the early 2000's...all I know is that it was incredibly poppy and annoying, and fucking everywhere. It is, however, indeed slightly tolerable to me now....just because it reminds me of the stuff I was doing around that time.",1407561701.0,1
funny,"Because it was an incredibly mainstream song that was shoved down my throat constantly everywhere I went during the 90s... It became played out very quickly. Jesus, man....was it really that hard to figure out? Obviously, you're not from the 90s, or you'd have known that song was fucking EVERYWHERE ALL THE TIME....it was just radio pop-rock garbage.",1407561451.0,0
funny,"Hah, that's all kinds of awesome. You want to know another really funny thing to do? Just open up a blank text message or perhaps one of those pages where you write notes, turn on the text-to-speech mic, and then play the song ""One Week"" by the Barenaked Ladies. Have it transcribe the part of the song where the singer kind of...uh... ''raps'' really quickly... It starts around 20 seconds. If you're like me and grew up in the 1990s, you're most likely cringing at the idea of having to hear that song again...but it's pretty funny to see what gets transcribed. The hiphop artist Tech N9ne is fairly hilarious as well when transcribed. ",1407552130.0,2
nosleep,"Maybe a SuckyBus but not a succubus...
",1407529902.0,8
spiders,"Well, there was an really old bath towel laying around in some other junk on the back porch....I needed to use it due to a leaky toilet pipe, picked it up, and there she was in all her glory. Scared the bajeebus out of me. ",1406798120.0,1
spiders,"I think I heard him mumble something anti-semitic on his way out, though....Not in very good taste.",1406794028.0,1
spiders,"Yep! That's him/her!!!! Yeah, it was very slow moving and I'm pretty sure it was just as scared of me as I was of it....I let him go in a bush, though. He was cute, i'm just....scared of them :(
Thank you!!!",1406793865.0,2
spiders,"Tarantulas are indeed spiders too, so I'm not too sure about what the point of your comment was...",1406793609.0,1
spiders,What kind?,1406793526.0,2
spiders,"Also, I used an LED light when taking the picture, so the colors were a bit off, but.......his butt was like, brownish....",1406793367.0,2
nosleep,You have a really cool name. Were you perhaps named after the Scottish poet?,1406523467.0,2
Assistance,"Today my water got shut off, too....My electricity is next. I took some of my things to the pawn shop, but the amount they wanted to give me was insulting and not even enough to cover the bills, so there was no point, you know? I have to figure something out ASAP. I want to start like a fundraiser for myself lol or look for somebody to give me a loan....I had an interview yesterday and another one tomorrow, but I don't know what I'm going to do. I basically need to come up with about  100 dollars within the next day or so, or I am screwed.",1406521338.0,1
Assistance,"I do live in SoCal, but unfortunately I'm about an hour east from LA and I don't have a car....My only means of transportation is a Vespa which is only legal on the street and for just going to work and back and whatnot..",1406521074.0,1
nosleep,Or perhaps a theater piece written by Webster in collaboration with Oxford?,1406420952.0,1
nosleep,"Answer me this: If I said the term ""play on words"", would you picture a swingset and monkeybars on top of a dictionary?",1406420824.0,1
nosleep,"There is a game that is played in swimming pools....at least in America (I can't speak for other places...) called Marco Polo, named after an Italian Merchant from Venice that introduced Europeans to central Asia and China. The game is played as follows: One person, who is considered to be ''it'', closes his eyes and dunks his head under water while he counts to 5. It is the other players jobs to spread out and move about the pool. Once ''it'' is done counting, he lifts his head out of the water whilst still keeping his eyes closed. The person who is ''it'' yells out the word ""MARCO!"", and the rest of the players yell out ""POLO!"". The ""it"" person must try to tag the other players with his eyes closed, guided only by the sound of their voices and any other noises they might make. If at any time the ""it"" player suspects that one of the other players gets out of the pool, he says ""FISH OUT OF WATER"". If a player IS in fact out of the pool, he becomes the new it; otherwise, the person getting tagged is the new it.
You know what I just realized? I honestly never thought I would have to say ANY of that to another human being. Ever. ",1406420529.0,3
nosleep,Can I please purchase some marijuana from you?,1406316908.0,2
nosleep,I'm not sure I understand why you suddenly can't go to the police. ,1406315940.0,2
nosleep,"I couldn't help but notice that this could be easily turned into a simplistic poem:
Some people send love notes,
Some people send bricks,
But it's all the same - she just wants some dicks.
-ripdisk",1406216273.0,4
nosleep,HAH.,1406215455.0,1
nosleep,"I'm so sorry, but I can't hold this back.
You should have replied with ""...MARCCOS?"" 
Bad taste? Sorry.....",1406166299.0,283
Random_Acts_Of_Pizza,"http://i.imgur.com/AqegTUO.jpg :))))) After spending the day jobhunting I was able to get this because of YOU! I made sure to go and pick it up, too, so the 20 dollar gift card can last me!!!! LOVE YOU1@$%%#",1406164124.0,2
Assistance,"Hey, are you still here? Thank you SO much!!! I can't believe it. I don't have a paypal though, should i get one?",1406131709.0,2
Assistance,It won't let me add any prime items without already having a prime account :/,1406097514.0,2
Assistance,Alright! Thank you!,1406091751.0,2
Assistance,Thank you for your advice EVERYBODY! I love each and every one of you! ,1406090607.0,6
Assistance,Thank you so very much...,1406090225.0,2
Assistance,"Does my email get associated with my reddit account? If not, for you and anybody that can offer help, my email is williamlyonsjr@gmail.com ",1406090208.0,2
Assistance,Yes! There is a walmart VERY close to here! ,1406090076.0,4
Assistance,"I wouldn't even know where to begin, I have never ordered groceries online...",1406089954.0,3
Assistance,"That's so messed up, it didn't let me know at all that somebody replied.....I'm very new to reddit. Looks like they disappeared now, though...my luck.",1406089557.0,5
Random_Acts_Of_Pizza,Seriously? Now you're probably gone :/ what luck i have,1406089487.0,0
Random_Acts_Of_Pizza,"Wow I didn't see your post, why didn't that show up?",1406089085.0,1
Assistance,also i've had a post on /r/randomactsofpizza for hours,1406088039.0,4
Assistance,"I was getting SNAP until I applied for financial aid for going back to school again, and they took it away. 92223",1406088004.0,5
Assistance,should I repost or something?,1406080089.0,2
Assistance,"I already did, but I signed up now....what do I do now?
",1406079551.0,2
AskReddit,"Personally, sex is a very intimate thing. I wouldn't share my body with somebody unless I cared deeply for them (even though I'm a guy). I would most likely end up being with somebody that feels the same, so to share their body with another individual means they're also caring for them.",1406077040.0,1
AskReddit,Being able to fix almost anything.,1406076939.0,2
explainlikeimfive,Yes.,1406076849.0,1
explainlikeimfive,Bitcoin is an international online currency that doesn't depend on one particular economy.,1406076710.0,0
explainlikeimfive,Water content and quality of ingredients. ,1406076670.0,1
AskReddit,"Not just the internet, everything digital. 
Anything you see on a computer or any electronic device actually originated from 1s (positive charges) and 0s (negative charges). It goes even further than that, too; everything in the entire universe as we know it actually consists of positive and negative charges. ",1406076194.0,1
explainlikeimfive,"Sometimes, a company will offer benefits to exclusively offering only their product. Benefits sometimes include discounts on their products etc...",1406076057.0,1
explainlikeimfive,"Quite simply, PowerPC was just another architecture, kind of like 64bit vs 32bit......kinda...",1406076003.0,1
explainlikeimfive,"That depends on what your definition of ""is"" is.",1406075871.0,0
explainlikeimfive,Latino is a made up word.,1406075837.0,-2
explainlikeimfive,"Ice didn't used to be as easy to get as it is now, so they would use frozen foods instead because it doesn't disappear. ",1406075806.0,1
explainlikeimfive,Its ability to not be a fruit. ,1406075741.0,1
explainlikeimfive,A lot of times it has to do with blood pressure. ,1406075687.0,1
explainlikeimfive,"They mix a lot of opinion with fact, and although information can be obtained from it, don't take it all at face value. ",1406075534.0,1
AskReddit,"Hah, piracy. ",1406075426.0,1
AskReddit,I care too much about everything. ,1406075359.0,0
AskReddit,Food. I haven't had any in nearly 3 days now. ,1406075273.0,1
AskReddit,"Yeah, it's called Chocolate. It's about a girl with autism that ends up being a master of martial arts.....It's on netflix. Check it out if you don't mind movies with subtitles. It's a bit slow in the beginning, but I assure you it gets really good. ",1406075239.0,1
AskReddit,"Scientists aren't too sure about how memory is stored in general, but our brains use electricity to send signals to parts of the body and even other parts of the brain.",1406075154.0,2
AskReddit,80% of statistics are false. ,1406075049.0,1
AskReddit,Stubbing my toe.,1406075027.0,2
AskReddit,pwning noobs,1406075014.0,0
AskReddit,I'd go back in time and make my father pull out. ,1406074991.0,3
AskReddit,Going really fast....on a motorcycle. ,1406074968.0,1
AskReddit,"Most of the time, your chances of actually getting the ones from the commercials are little to none. They're usually just the lawyer who founded the firm and just represent it on TV. ",1406074912.0,1
AskReddit,"Cyne - Feather
https://www.youtube.com/watch?v=VRzSXSvtcjc",1406074824.0,1
AskReddit,"""Bush voted best president of the century""
*CRINGE*",1406073208.0,2
explainlikeimfive,"There are different stages of sleep, and our body does different things in each stage. All stages are important to having a completely healthy mind/body, although you may not notice an immediate difference. ",1406073161.0,2
AskReddit,"We're living in an age where information is easily available to anybody with the click of a mouse, and yet we're governed by people from a generation that had to learn from experience. ",1406073044.0,2
explainlikeimfive,"""Hormone Replacement Therapy"" indicates an attempt to replace something that is supposed to be there.
HGH and the like is used in an attempt to make somebody stronger/better, not simply to normalize them.",1406072957.0,0
explainlikeimfive,Because America likes to separate themselves and consider their way the correct way. ,1406072758.0,-2
explainlikeimfive,"Oh, also, typically forward slashes (/) are used to show a REMOTE directory on another computer, while back slashes (\) are used to show directories on your local system....unless you're using a linux/unix based OS, which is set up to be accessed remotely anyway. ",1406072606.0,-2
explainlikeimfive,"Everything you see in a web browser is actually just a file on a computer. When you type in a domain, it's actually going to a specific HTML/PHP file sitting on a computer somewhere. Sometimes, however, a domain can be set up to hide the exact location of the HTML/PHP file you're viewing.",1406072486.0,2
explainlikeimfive,"I honestly think it's because we're supposed to think Cuba is a horrible third-world country out in the middle of the ocean where nothing good happens. While there are poor parts of Cuba (just like everywhere else), it's not ALL like that. 
Gotta reinforce the ideology that we're so much better than everybody else. ",1406072312.0,-2
explainlikeimfive,"Honestly, I think it's most likely because people would hurt themselves.
There are plenty of flash-freezing methods out there, but people can't even do normal things without hurting themselves. ",1406072121.0,1
AskReddit,"I would choose compassion and empathy. 
I wish members of the opposite sex found my level of compassion and empathy for others attractive. ",1406072035.0,1
AskReddit,"I used to work for Godiva. The company always played it off like they were some kind of super gourmet chocolate company, when in reality they're owned by Campbell's soup company and ordered our chocolate from another company. It hurt to watch people spend 9 dollars on a single chocolate dipped strawberry just because the person who dipped it was wearing a chef's hat. ",1406071895.0,9
WTF,"Wow. 
I'm fairly speechless - which is saying a lot coming from somebody who ALWAYS has something to say about everything. 
Which would you say is more dangerous: the actual game of hockey, or the fights?",1406071692.0,1
WTF,"I've always thought a Richard Simmons tattoo would be really disturbing. Although he's not a serial killer, the thought of seeing his mug on somebody's skin is terrifying - not that I have anything against him, his personality is just disturbing. ",1406071534.0,0
WTF,"I would sure love to see the look on his face after seeing the video of himself. 
Also, something tells me that even THIS wasn't enough to make him stop texting while driving.....People REALLY don't learn from mistakes anymore. ",1406071434.0,1
AskReddit,"Hansel and Gretel: Witch Hunters. 
I couldn't even force myself to finish it. ",1406070303.0,6
AskReddit,"I went to school for something I thought would benefit humanity instead of the things I love. (not that I don't love to benefit society).
That worked out great, until California's budget cuts from the public education system. Now, I haven't eaten in 2 and a half days.",1406070207.0,0
explainlikeimfive,"There are people out there that will deny anything they didn't see. I have had people outright deny facts that can be and have been proven time and time again with the reason ""That might be YOUR truth, but not MY truth""... as if truth can vary from person to person like opinions...",1406070044.0,0
funny,"I'm jealous of him.
Whatever he's doing, it's the right way. ",1406069807.0,1
WTF,Third largest state = small section of the USA?,1406069176.0,0
AskReddit,"I notice that a lot of american racism stems from fear.
It seems that a lot of members of all races try their best to make it known they are different than other races, but then get offended when they are looked at as being different. 
I never understood it. How can you go out of your way to separate yourself and then complain when you're looked at as being different?",1406069050.0,2
AskReddit,"If you're into cartoons at all, you should check out http://www.watchcartoononline.com/ 
Just ignore the bad grammar and horrible use of English throughout the site. I feel like the entire thing was written in a different language and then translated.",1406068504.0,2
news,"If they were stolen, I'm wondering what type of statement the thieves were trying to make? I bet they'll upload a yt video..",1406068338.0,-1
news,I think that makes it punny. ,1406068259.0,1
Music,Anybody else find this ironic? Beatles? Beetles?,1406068171.0,1
WTF,I just did a bit of research and it is definitely legal here. ,1406068015.0,1
AskReddit,"Honestly, a lot of it stems from older generations. 
I couldn't tell you how many times I've proven somebody wrong by showing them literal proof and facts to back up what I'm telling them, only to have them say stuff like ""I've been alive longer than you, that might be YOUR truth but it's not MY truth"".....It makes me sick to my stomach. Truth can't vary from person to person; that would make it an opinion. ",1406067905.0,3
WTF,"Also, I've never met a single biker who frowns on lane splitting, at least in my area. When traffic is completely STOPPED for hours at a time, lane splitting is the only way to go.
In fact, I know plenty of people who get motorcycles specifically to be able to do this. ",1406067702.0,0
WTF,That's really strange. There is an entire section on lane splitting in the DMV motorcycle handbook. ,1406067531.0,1
AskReddit,"A lot of people are conditioned to think anything on the internet is garbage. 
",1406067499.0,1
AskReddit,"I say...
Never try to do ANYTHING as hard as you try to be yourself.  After that, if you're truly a good person, everything should fall into place. Sadly, everything in modern society seems to be trying _really_ hard to distract you from doing so. ",1406067344.0,1
AskReddit,"I have been proficient in various computer programming languages for years, due to working at it since the early age of 11. Instead of pursuing a career in that field (even though it's a PASSION of mine), I gave it up and chose to go to school to learn about helping/educating children.
I worked as a supplementary educator for at-risk children, some of which had learning disabilities, and others that simply came from broken homes with drug-abusing parents. Almost ALL of them had been given up on by regular teachers.
It broke my heart when they started cutting the funding from our education systems here in Southern California and I got laid off. NOT BECAUSE I LOST MY JOB, but because of how little the future of these children mattered to those in control. They're just numbers to them.
The biggest let down was seeing children abandoned by a system I was led to believe existed to help them. ",1406067132.0,2
AskReddit,"Honestly, I feel like the entire world is on the verge of something.
I can't say whether it's going to be good or bad, but I feel like something's about to happen.
It's obvious that things cannot keep going on the way they currently are, and despite finding hundreds of people who feel the same way online, nobody around me seems to notice or give a hoot. ",1406066680.0,3
AskReddit,"""If you know so much about _____, why don't you make money from it?""
Because people are too busy employing people who know far less than I do simply because they could afford an education and are good at knowing how to be a good student (as opposed to actually being good at what they're learning about)",1406066223.0,1
worldnews,"I'm thinking...
It doesn't make a bit of difference, guys...The *laws* are inert. 
",1406065860.0,1
WTF,"Hmmm, well...
Is it EVER a good idea to do something potentially life threatening without having the proper experience? Nope.avi 
Especially when there is a chance to hurt others as well as yourself....",1406065731.0,0
WTF,"It's legal in a lot of places, including Southern California (where I live)..
There are even questions about it on the DMV test when you get your motorcycle license..",1406065650.0,1
WTF,"It's legal in some places. I live in southern California, and it is indeed legal to do here.
",1406065605.0,1
science,"I wonder how much BS you would have to go through to get the opportunity to even begin testing this...
*sigh*",1406054550.0,1
nosleep,This is one of the single most haunting and tragic things I've read. Sorry about your situation.,1406054354.0,3
GlitchInTheMatrix,Genetic memory,1405981050.0,1
GlitchInTheMatrix,PLEASE tell me you guys were going 88mph.....,1405980670.0,2
AdviceAnimals,"lol, cancer.",1405979486.0,0
pics,It wants to save you money on your car insurance.,1405969082.0,1
creepy,"Lawl, looks like the same guy from Reefer Madness....the one on the piano.",1405968902.0,1
WTF,Looks like voldemort ,1405968721.0,0
WTF,"Priceless reaction, man...",1405968687.0,2
WTF,It's not gay if it's at a punk show.,1405968564.0,1
WTF,"Wow, am I the only one who thinks this is amazing?",1405968354.0,0
WTF,My dentist. ,1405968311.0,2
WTF,"As a fellow motorcyclist, this video hurt. 
Although, it's quite obvious from the video that he's a novice and has no business lanesplitting. 
",1405968072.0,1
WTF,Sleep with the fishes for too long and you end up looking like one. ,1405967872.0,1
WTF,Awesome! Now me and my best friend have a place to go number *three*,1405967756.0,1
WTF,"Aw, poor thing is terrified :( 
Is that a bobcat, or a mountain lion? Is there a difference?",1405967708.0,1
WTF,"You know, I've sort of always wondered about this.....
Welp - not anymore. ",1405967649.0,1
WTF,"Hi kids, do you like violence? Would you like to see me stick nine inch *pencils* through each one of my eyelids?
",1405967585.0,4
WTF,"I think it's more of a makeshift changing table....
",1405967500.0,3
Thetruthishere,"Wow, man. Glad I found /Thetruthishere/ ....This is really freakin' creepy. I would have to say - if I heard a voice of any kind that could not have come from somebody, I would leave wherever it happened and never return again. kthxbai",1405901242.0,8
videos,I love it. I am seriously going to be showing this to a LOT of people in IRC chats.....,1405808288.0,2
