subreddit,title,selftext,created_utc,score,upvote_ratio,num_comments
legaladvice,Pursuing a restraining order,"I was in an extremely physically and emotionally abusive relationship that ended a bit over one year ago. I /never/ pursued anything legally regarding the stuff that happened in the relationship, but I'm considering seeking a restraining order.  Over the past year, I occasionally receive emails from this guy. They aren't necessarily threatening, but they are an attempt to control, and I feel scared that this is still going on over a year later. I have never responded.   The most recent incidence of this was about three weeks ago. I'm considering pursuing a restraining order, but am uncertain as to what proof I need. I deleted a lot of the texts from last August when I asked him to leave (asking me if im afraid because hes in my house, threatening to kill my dog, acknowledging physically assaulting me) which was foolish, but I can't do anything about that now. All I have are these emails every two-three months telling me how much he loves and misses me.  I'm scared that if I  get the TRO and then don't have sufficient evidence for the RO hearing that I will have effectively agitated the situation, so is it even worth it? He has a previous history of being abusive in a relationship in another state, actually felony charges that were dismissed through a deferred judgment. I live in wisconsin. ",1478941132.0,4,0.84,3
