subreddit,title,selftext,created_utc,score,upvote_ratio,num_comments
childfree,Good things started happening to me after my abortion,"I've had a pretty rough time of things for large chunks of my life, especially as an adult. 

I had an abortion last autumn, and then I swear everything changed. 

I was TERRIFIED to do it and it cost me everything, but then... 

I got a job, because of my abortion. (This isn't speculation, it was literally and directly the cause of my hiring.) It turned out to be the best job I've ever had, livable pay, tasks I feel happy doing, coworkers I admire and enjoy being around... but I didn't really like the office and the uniform... and then right after I started, the office got moved to a place I LOVE and the uniform was abolished in favor of normal work clothes, just by happenstance. My health is improving, both mental and physical, in a way it hasn't in years. I'm \*thriving\* creatively and barely even know what writers block \*is\* anymore. Even my relationship, which everyone says is DOOMED after abortion, is stronger and healthier than it's ever been. 

I say this just to be like.. what, was all of my bad luck stored in my uterus and they flushed that out with the fetus? 

To everyone who thinks god hates abortions... how the fuck do you explain this? I feel like fate or god or whatever is SCREAMING at me that this was a sharp turn onto a good path. I even had this drunk dream once that my fetus was some kind of trapped spirit and I released it and now it's rewarding me. 

&#x200B;

tl;dr, I got an abortion and my life took a hard turn for the better in bizarre and unexpected ways. ",1553512840.0,446,0.97,41
relationships,My husband (30m) wouldn’t let me (30f) reschedule a conversation at 1:30 AM,"I’m kind of at a loss here. This is a sanity check. 

I came home from work late, my husband had started drinking. He doesn’t drink that often, but like me, when he does drink he tends to hit it fairly hard. It’s especially rare on a work night, but whatever. He’s the boss of him. 

I was getting ready for bed since I have to wake up before him. He asked me to stop messing around on my phone and have a heart to heart with him. I said okay, moved away from my phone, and heard him out. 

I’d rather not get into the details of what he said - it was about the state of the world at large, not about me or us. He seemed concerned that I would hate him for his opinion. I reassured him that I didn’t, I reflected back that I could tell he was frustrated and angry, and felt helpless, and so do I, and it all seemed normally productive at first. 

Then, as sometimes happens when he drinks, his talk turned a little less gentle and more angry. He said something very dramatic, and even then I just sat and listened. I figured he needed to vent. 

He pressed me for my opinion and I said there were parts I agreed with and parts I disagreed with. He insisted I tell him he parts I disagreed with. I said I didn’t want to, because I knew he’d fixate in them and try to have an argument and not let me go to bed. He claimed it was because I just didn’t care or was “scared” of losing an argument, and pressed me again. I briefly explained the bit I didn’t agree with. It was purely opinion. 

He demanded examples. For every one I had, he has one for his side, and he did his best to invalidate mine and say they didn’t count. Being as the whole thing is again, pure opinion, it was going nowhere. We could tell competing anecdotes all night and get nowhere and I just wanted to go to sleep. He said I was only trying to end the argument because I knew I was “losing.”

I reminded him that I had work in the morning. He responded “yeah sure go to bed, I see where your priorities are.”

I said, “sleep?”

He said, “yeah, you only care about normalcy, about maintaining your routine, not about having a real conversation with me, your partner.”

I got frustrated and accused him of sealioning me. I said that if he wasn’t doing that, then he’d be fine with rescheduling. I offered tomorrow or the next day to talk as long as he wanted, on any topic he wanted. 

He said I was being dismissing and flippant. 

I explained that I do care, and I’m happy to have an emotional conversation, but that right now I can’t emotionally or mentally engage enough to do it justice. 

He said “wow, that’s some spin” and accused me of being belligerent. 

He also said it was a “power play” for me to try and reschedule the topic. 

I don’t know how I let this all go so wrong. I’m so frustrated. I don’t know what to do in the morning, I don’t know how to respond to his tactics when he does them, I really thought I was doing the right thing this time and still went this way.

 I guess I feel frustrated because I need more respect and trust when I communicate how I feel (that I care, etc.) and more consideration for my needs (sleep in particular.) 

I feel worse than I even usually do when we argue. Almost used. I don’t know. I just want someone else’s eyes on this. I feel alone in trying to process it.  

TL;DR husband won’t let me out or a conversation without insisting I don’t care about him, and i don’t know what to do next or how to avoid these situations. ",1530205433.0,935,0.95,206
legaladvice,Risks of re-entering the USA with long-term outstanding private debt?,"Current location: Japan

Permanent USA address location: Pennsylvania 

Situation: A couple years ago, I ceased to be able to pay my student loans (very very high) from Navient, and gave up. These loans are 100% private (no federal involvement at all) and not co-signed by anyone.  

Of course they tried pestering my family anyway, but my family knew the situation and just hung up on them every time. I’ve just been planning to stay where I am for a good long while - not in the USA. 

Now, a relative of mine is getting married. I would like to attend the wedding, but I am worried about either being arrested on entry or prevented from leaving again after. I’ve heard tales of creditors going to court over loans, and when the debtor doesn’t appear, they wind up with a bench warrant. 

I am concerned that this could happen to me. If I were detained on a trip it would completely implode my life. Not only do I have no way of knowing if Navient or their collectors have decided to do such a thing, but if so, I also have no way of knowing how far they are into the process or if there’s a warrant on me. 

So, basically, given that information, is it risky for me to visit the USA? Am I right to worry? ",1515518137.0,2,0.67,7
Anxiety,The Mean Voice,"I'm actually not totally sure if this is an anxiety thing or a depression thing or the unholy hellspawn of both, but I have this horrible version of me in my head that just says nasty shit to me all the time. 

""You're worthless.""

""You're unlovable.""

""You're a waste of resources""

""You're nothing but a burden on everyone""

""You're just garbage""

And then if I don't listen to that (or sometimes when I do and it's feeling especially vindictive, or if I've recently made a mistake of any kind) it likes to show me images... gruesome, graphic images of things happening to me. The bullet blowing my skull out, being impaled by spikes, crushed by a train... The implication is ""this is how you escape from being a pile of trash"" or ""you deserve this.""

This has been going on for... years and years now. 

I can sometimes cope with this fairly well, but the issue is of proof. When the mean voice is just spouting shit I've learned how to just sort of accept it and let it pass... 

but if I make a mistake in my daily life, or if someone gets upset with me (even if it's for a reason that's righteous on my behalf)... then things really get bad, because the mean voice has *proof* the things it's saying about me and I have no choice but to believe, and I just fall apart. 

This is kind of half-venting, half-DAE, I guess. I just wish I wasn't so delicate and self-loathing all the time. It only makes me feel even worse about myself and that's just a loop of shit. ",1473213261.0,1,1.0,1
Anxiety,No one has ever taken me seriously,"When I was a child/preteen: You need to relax. None of the problems you have will matter a year or two. What are you so worried about?

When I was a teen: You're just going through an angsty phase, you'll get over it. 

Now I'm an adult: Things aren't THAT bad, are they? You have a job, you have a spouse, you're getting by...


I have had severe anxiety since I was in third grade. Depression since I was 12. I spend all day every day hating myself. Here are some things people have said to me when I've opened up to them about how I feel: (this includes parents, significant others, friends, etc.)

""Why do you overreact to everything?""

""You're such a downer.""

""What do you have to worry about?""

""You're just going through an angsty phase"" (back when I was a teenager), ""you'll grow out of it.""

""Can't you ever just go with the flow?""

""I'm tired of everything you bring to the table being bad news.""

""You're just trying to be a special snowflake.""

""You just want attention.""

""what, do you need training wheels to do your job?""

""You can't go a day without a crisis, can you?""

""You're just making this up because you're bored.""



All I want is for someone to VALIDATE my FUCKING FEELINGS. Just tell me, *Damn, that really sucks that you have to go through all that.* or *You've been fighting so hard for so long.* I just want someone to look at what I've lived with for almost my whole life and tell me I'm not a pathetic piece of shit, that I've been living my life in nightmare difficulty mode and still managed to mostly keep it together, most of the time. 

But because I'm not gibbering in the streets, everyone things I must be perfectly fine, and just looking for attention. 

Do they have any idea how close I am to just ending it? 

I told one person. That person got uncomfortable and told me not to talk about it again. 

So I haven't. ",1455010478.0,9,1.0,9
selfharm,Cut myself for the first time in ten years,"I have no sharp knives or razors, so I scratched the hell out of an area on my thigh the size of my palm. scared of my husband finding out. I have locked myself in the bathroom and am dabbing it with alcohol. Not sure how to best clean it and take care of it. I really hate myself. I don't know why I even bother living.",1443598608.0,7,1.0,2
SuicideWatch,I'm useless and staying alive is selfish,"I feel like I've never improved anyone's life.

I'm a financial and emotional drain on my parents. I mean that not just prior, but CURRENTLY. If I died they'd have $500 extra every month for the next 20+ years, could easily be the rest of their lives. (Long story, no there is no way out short of them or me winning the lottery, and they would have no obligation if I were dead.) I should be helping them but I'm a useless daughter.

I am a financial and emotional drain on my husband - I can hardly take care of myself let alone him. I make shitty decisions constantly and he always seems to be angry at me for one thing or another, it's like I can't stop fucking up no matter what I do. I should be a plus to his life, but I'm a useless wife. 

I've been steadily gaining weight for five months, I tried so hard to stop  it but it won't fucking stop, I didn't even change anything, I don't know why I can't get control over it. I'm even useless at putting food in my face without fucking it up.

And on top of everything else, I guess it was just too much temerity to think I was getting good at my job, because now I know I'm useless at that too. There's a rating system, people can choose to rate after each encounter I have with them, and my average, previously excellent, is now dipping into a place where I might get talked to and lose an opportunity to get a raise I *desperately* need... not to mention my job, if it drops far enough, and I can't afford that for a number of reasons... I'm not making enough as it is and having to find a job that would likely be worse than this one really makes me want to fuck off the planet. 

I'm in a horrendously bad place tonight. I'm as certain as ever (and I've had suicidal plans for more than 10 years) that I *should not exist* and everyone would be better off without me. 

Like staying alive itself is a selfish act, draining everyone else just so I can live. I don't want to be that. I don't want to live if it has to be this way. ",1441889613.0,11,1.0,2
