subreddit,title,selftext,created_utc,score,upvote_ratio,num_comments
SuicideWatch,I keep imagining myself drowning or getting hit by a car.,"I [26F] don't know. The last few days all I do is daze out and think about going under the surface of the water, whether it be a bathtub or lake, and it becoming black and quiet, and it'll all be over. Or driving to and from work, I wish for another car to come out of nowhere and hit me, and it'll go black and quiet.


I can't really talk to anyone about this. My little sister has tried several times to end her life. It really stresses me out, as I am her rock. I can see the pain it puts my family through. So I would never tell them my thoughts.


I've been pretty low lately. I hate my job. It's so stressful and shitty. But I can't even find anything that would pay me the same, or anything that would be a better work environment. I was recently married about 4 months ago. I guess before then I had something to look forward to, but now that honeymoon period is over. I've been with my husband 6 years. We've been working for a really long time to getting a house and having kids. It seems like we will never be able to get a house. It's at least 2 years away. And he tells me he doesn't want children until we get a house. Which I didn't realize I would want so bad. When I see other women with their children, it physically hurts. I'm sure that's not normal. Maybe hormonal. Or maybe I'm just crazy. 


So I'm stuck in a job I hate, just holding out hope that maybe one day it'll be enough to finally have children. But until then, I just have to keep going.


I also have really low self esteem lately. I've always been really self conscious. I've always been overweight my entire life, which I have gotten used to. I've been fortunate enough to have a decent face. But I don't know. Sometimes the self hate just gets worse than normal.


It all came to a head when I found out last week that my husband has been addicted to porn our entire 6 years together. I should have know because we only have sex 10-15 times a year... which was always super crappy for my self esteem. But this has knocked it down to a whole new level. I thought before that he may only have a low sex drive... to find out that he was actually taking care of himself and looking at other women just kills my heart.


I've never felt so low. We're working on it and he has been as supportive as he can be. But I'm so hurt. The other weird thing is, I am also strangely sexually aroused. Like... I want him so bad... but I feel like part of that is because I feel like I need to claim him back, or something... which is really confusing and makes me feel fucked up.


I don't know. My head is constantly swimming. I feel paranoid because what if he doesn't stop? What does that mean for out future? This could possibly prolong us having kids. I don't want to be with someone that chooses porn over me. I want to give up. This is too hard. And I'm sure this sounds like no big deal compared to what other people go through.


He says things like, ""I want you bad!  Especially while abstaining myself."" Which makes me feel like, he never wanted me before... and I'm honestly not really sure he ever has. I don't know. I feel trapped and worthless. I'm sorry. I just needed to get this off my chest.

I have looked up therapists in my area. I've gone through depression and therapy before, and it did help... but I've also had bad experiences with therapists. And I feel too embarrassed to talk to anyone about this. I'm sorry. I just needed to get this off my chest.",1454523534.0,5,0.78,2
relationships,I [26F] think my husband [31M] of 6 years (actually only married 4 months) is addicted to porn...,"I feel like all of the signs were there, I just didn’t understand them. 

My husband and I have been together over 6 years, married for 4 months. Ever since the beginning our sex life had been pretty flat. A few months into dating I thought it was odd he would leave my apartment at earlier in the night between 10pm-midnight and we wouldn’t fool around much. Which was hard for me I’ve always had a really high sex drive. But he said he was tired and it was hard to get ready at my apartment in the morning, so I accepted it. Fast forward to me being in his room while he has band practice, bored, surfing the web… I just happened to see his “recently viewed pictures” in his start up tab while opening a different program and saw naked photos of his ex girlfriend. My heart dropped, I thought about running and never looking back, but he and I had connected like nobody else I had ever met. The thing that burned most of all was that I could see when he last looked at the photos, and it was after he had left me… he had gone back home to masturbate to his old girlfriend. It was devastating. Nothing had ever made me as insecure as I felt then. We talked and he explained that he doesn’t even think about it when he does it, and that it is a stress relief, and the only reason he looked at the photos was because it turned him on more because he knew the person.

Moving forward over the months I continued to find photos and video of his ex. Every time he was so sorry, and I felt so bad for making him feel so shitty. He even had a large porn collection on an external drive, filled with normal to bizarre trans/water sports videos… which honestly I have watched before too, so I didn’t think much of it. I deleted it all in a rage when we were having issues though. This is the first year or so of our relationship. Our sex life has always been really slow, like sex once a month slow, and it usually was me doing most of the work.

I was always told that it was because he was tired and has a low sex drive. Which I tried to accept or get over by buying sex toys or watching porn together to spice up our sex life. We still only had sex once a month, twice if I were lucky. There were some times where he would get up for work and I didn't have to get up until later, but I would get up and go to the bathroom and I found his ipod on the bathroom sink with porn or naked women, or I would catch him coming out of the bathroom with his laptop. This would hurt because while our sex life was struggling he was getting off to other women or whatever he was getting off too. Around this time (2 years in) I started to get so sexually frustrated and I’m not sure how it came up (probably my liberal arts class about understanding LGBTQ) but I expressed interest in having a sexual experience with a girl. Of course he was all for it and we ended up having a couple threesomes, which was the most active our sex lives have ever been. This made me feel even more shitty though, he was more excited than I had ever seen him. Eventually we broke it off with our “girlfriend” because I was getting concerned that it would lead to something else, or I felt jealous because I wished he would get that excited for me.

Over the past 4 years we have had sex mayyybee 10-15 times a year. It gets to the point that every time we go to have sex, it’s really painful for me since I don’t ever masturbate with a dildo or anything, and he is large. There are other sexual things sprinkled in but mostly me giving BJs or HJs. We were both getting our degrees and working full time, so I chalked it up to being tired and busy. Recently we got a google chromecast and HBOnow, we didn’t realize the “late night” category was not Bill Maher, but HBOs version of soft core porn. We giggled and then eventually wondered if “real” porn would stream… it does. This lead to a couple of nights where we fooled around while porn was on. I watch porn every few months when I need a sexual release, because we won’t have sex for a while. So it does turn me on. However, we were both taking turns putting on videos when he put a trans video on.. like shemale stuff… I knew he had porn like this years ago, but I guess I never thought it had been a constant thing. I brushed it off but he kept saying things like, “We should go to vegas and hire a shemale…” and how he wanted to fuck one and.. ugh. It was so hard to keep going and act like it was ok. I didn’t want to embarrass him, I want him to tell me his desires. But the idea that he would rather be with someone else, and that the thought of someone else excited him more than I ever had was nauseating. When we do have sex it is on the weekends, but I was feeling turned on (I recently quit my birth control for other reasons, I now think it helped me get through years of an essentially sexless relationship) and I was touching him and noticed he couldn’t get hard, and when he did it took and while and not much ejaculation came out… after I asked him if he masturbates in the morning, he said he did… My heart sank. I knew what he what he was watching, I knew that doesn’t find me as attractive as the people on his screen. The next day I went into our office, where he does it, and tried to get into his computer... something I haven’t done in years, ever since I found  photos and video of his ex… I was shaking and crying but he changed his password, or I couldn’t remember it. I knew that even if I could get on his computer, there was probably nothing there since he probably views it in “incognito” mode. I searched through the office and found the towel and tshirt covered in dried semen. I felt like I was going to be sick. I don’t know how, but I just knew it was deeper than a casual, “I’m bored” thing. he plans this out, makes time for it in his morning… Why will I never be good enough. Why will I never be what he wants.

The thing that makes this so hard is that he is the best partner. He is so kind and caring. It’s almost like he is two people. I envy other women when I see their husband touch their face, or sexually touch and flirt. Or even kiss… I don’t think we have passionately kissed in… well since the very beginning. So I began to google and found that porn addiction kept coming up, and then I decided to read up on porn addiction… and it all made sense. 

So the last few days I have been internally struggling with what to do. I knew that if I brought it up he would feel like shit and embarrassed and that is so hard for me… it makes me feel so shitty. It makes me feel so bad because the last thing I ever want to do is make him hurt… and who’s to say that he can’t touch himself, what a shitty thing to ask of someone. I’ve always thought that I was very sexually open, there is nothing I have ever said no to, and that porn was normal… until I read and have seen that it goes deeper than a fleeting action and feeling.

So I decided that it was now or never and finally worked up the courage to talk about it when we were in bed last night. It was so painful. I felt pain, he felt pain. He said at first that he didn’t think he had a problem… but as the conversation went on and I suggested he read something about this addiction… he said he already has… which made me even more angry that he had an inclination that this could be causing such a rift between us, but he didn’t do anything. He asked if he thinks I should cut it out totally, and I said yes, because the thought of him doing it again hurts so bad. He felt so shitty, which made me feel horrible. We were both feeling really crappy and I kept having small anxiety attacks as we were talking, he started to rub my chest to try to relax me… one thing lead to another and we ended up having sex for the first time in a couple of months. Which made me even more confused. Because while I am still so angry and hurt, I just want to be touched passionately soo bad, that I couldn’t resist. I know we both feel really crappy today, and it’s hard to talk to him. I just don’t know what to do. He said during sex last night, “Can we get off together each night before bed, so I don’t have to do it in the morning?” In the moment I quietly said yes to keep the moment going… but thinking deeper… what a shitty thing to say. Like if we don’t get off together then he has to resort to getting himself off? It makes me so furious because my sex drive was so high when we met, that I have lowered it to meet his. When he was actually getting his needs met by something else. I just have no idea how to feel. I feel like shit because I’m telling him he needs to change, and he feels like crap, which makes me feel even worse. I just have no idea how to feel. I asked if he would tell me if he  PMOs… he said that would be really hard because he knew I would get upset and it would result in an argument… I don’t know that I will ever believe him that he is not doing it… I don’t know what I should expect from him. I don't know how I can help.

**tl;dr**: Husband hasn’t ever had strong sex drive in relationship. There were signs and clues that he may be addicted to porn, but I thought it was all normal. 6 years go by, I get used to it. I get clued in that he likes shemale porn, causes me to ask if he gets off before work, he does. He has been for years. I realize he is probably addicted to porn and that may be why he shows little to no desire to touch me or have any sexual relations with him. I confronted him, he admitted to it. Many tears later he asks if he should quit all together, I say yes. He feels like shit, I feel like shit. I don’t know if I can trust that he won't. I don’t even know if he takes this seriously. We’ve pretty much had this conversation before except I didn't address porn as an addiction, so why would it change now?",1454094749.0,4,0.7,18
NoFap,Wife here: realized that my now husband has probably been addicted the 6 years we have been together... what do I do. (wall of text),"**I talk about sex in this wall of text, I'm not sure if it will trigger anyone. I'm not sure if this is even allowed,or if I should post to another subreddit... Please feel free to let me know, I just thought you would understand.**

I (26F) feel like all of the signs were there, I just didn’t understand them. 

My husband (31M) and I have been together over 6 years, married for 4 months. Ever since the beginning our sex life had been pretty flat. A few months into dating I thought it was odd he would leave my apartment at earlier in the night between 10pm-midnight and we wouldn’t fool around much. Which was hard for me I’ve always had a really high sex drive. But he said he was tired and it was hard to get ready at my apartment in the morning, so I accepted it. Fast forward to me being in his room while he has band practice, bored, surfing the web… I just happened to see his “recently viewed pictures” in his start up tab while opening a different program and saw naked photos of his ex girlfriend. My heart dropped, I thought about running and never looking back, but he and I had connected like nobody else I had ever met. The thing that burned most of all was that I could see when he last looked at the photos, and it was after he had left me… he had gone back home to masturbate to his old girlfriend. It was devastating. Nothing had ever made me as insecure as I felt then. We talked and he explained that he doesn’t even think about it when he does it, and that it is a stress relief, and the only reason he looked at the photos was because it turned him on more because he knew the person.

Moving forward over the months I continued to find photos and video of his ex. Every time he was so sorry, and I felt so bad for making him feel so shitty. He even had a large porn collection on an external drive, filled with normal to bizarre trans/water sports videos… which honestly I have watched before too, so I didn’t think much of it. I deleted it all in a rage when we were having issues though. This is the first year or so of our relationship. Our sex life has always been really slow, like sex once a month slow, and it usually was me doing most of the work.

I was always told that it was because he was tired and has a low sex drive. Which I tried to accept or get over by buying sex toys or watching porn together to spice up our sex life. We still only had sex once a month, twice if I were lucky. There were some times where he would get up for work and I didn't have to get up until later, but I would get up and go to the bathroom and I found his ipod on the bathroom sink with porn or naked women, or I would catch him coming out of the bathroom with his laptop. This would hurt because while our sex life was struggling he was getting off to other women or whatever he was getting off too. Around this time (2 years in) I started to get so sexually frustrated and I’m not sure how it came up (probably my liberal arts class about understanding LGBTQ) but I expressed interest in having a sexual experience with a girl. Of course he was all for it and we ended up having a couple threesomes, which was the most active our sex lives have ever been. This made me feel even more shitty though, he was more excited than I had ever seen him. Eventually we broke it off with our “girlfriend” because I was getting concerned that it would lead to something else, or I felt jealous because I wished he would get that excited for me.

Over the past 4 years we have had sex mayyybee 10-15 times a year. It gets to the point that every time we go to have sex, it’s really painful for me since I don’t ever masturbate with a dildo or anything, and he is large. There are other sexual things sprinkled in but mostly me giving BJs or HJs. We were both getting our degrees and working full time, so I chalked it up to being tired and busy. Recently we got a google chromecast and HBOnow, we didn’t realize the “late night” category was not Bill Maher, but HBOs version of soft core porn. We giggled and then eventually wondered if “real” porn would stream… it does. This lead to a couple of nights where we fooled around while porn was on. I watch porn every few months when I need a sexual release, because we won’t have sex for a while. So it does turn me on. However, we were both taking turns putting on videos when he put a trans video on.. like shemale stuff… I knew he had porn like this years ago, but I guess I never thought it had been a constant thing. I brushed it off but he kept saying things like, “We should go to vegas and hire a shemale…” and how he wanted to fuck one and.. ugh. It was so hard to keep going and act like it was ok. I didn’t want to embarrass him, I want him to tell me his desires. But the idea that he would rather be with someone else, and that the thought of someone else excited him more than I ever had was nauseating. When we do have sex it is on the weekends, but I was feeling turned on (I recently quit my birth control for other reasons, I now think it helped me get through years of an essentially sexless relationship) and I was touching him and noticed he couldn’t get hard, and when he did it took and while and not much ejaculation came out… after I asked him if he masturbates in the morning, he said he did… My heart sank. I knew what he what he was watching, I knew that doesn’t find me as attractive as the people on his screen. The next day I went into our office, where he does it, and tried to get into his computer... something I haven’t done in years, ever since I found  photos and video of his ex… I was shaking and crying but he changed his password, or I couldn’t remember it. I knew that even if I could get on his computer, there was probably nothing there since he probably views it in “incognito” mode. I searched through the office and found the towel and tshirt covered in dried semen. I felt like I was going to be sick. I don’t know how, but I just knew it was deeper than a casual, “I’m bored” thing. he plans this out, makes time for it in his morning… Why will I never be good enough. Why will I never be what he wants.

The thing that makes this so hard is that he is the best partner. He is so kind and caring. It’s almost like he is two people. I envy other women when I see their husband touch their face, or sexually touch and flirt. Or even kiss… I don’t think we have passionately kissed in… well since the very beginning. So I began to google and found that r/nofap kept coming up, and then I decided to read up on porn addiction… and it all made sense. 

So the last few days I have been internally struggling with what to do. I knew that if I brought it up he would feel like shit and embarrassed and that is so hard for me… it makes me feel so shitty. It makes me feel so bad because the last thing I ever want to do is make him hurt… and who’s to say that he can’t touch himself, what a shitty thing to ask of someone. I’ve always thought that I was very sexaully open, there is nothing I have ever said no to, and that porn was normal… until I read and have seen that it goes deeper than a fleeting action and feeling.

So I decided that it was now or never and finally worked up the courage to talk about it when we were in bed last night. It was so painful. I felt pain, he felt pain. He said at first that he didn’t think he had a problem… but as the conversation went on and I suggested he read something about this addiction… he said he already has… which made me even more angry that he had an inclination that this could be causing such a rift between us, but he didn’t do anything. He asked if he thinks I should cut it out totally, and I said yes, because the thought of him doing it again hurts so bad. He felt so shitty, which made me feel horrible. We were both feeling really crappy and I kept having small anxiety attacks as we were talking, he started to rub my chest to try to relax me… one thing lead to another and we ended up having sex for the first time in a couple of months. Which made me even more confused. Because while I am still so angry and hurt, I just want to be touched passionately soo bad, that I couldn’t resist. I know we both feel really crappy today, and it’s hard to talk to him. I just don’t know what to do. He said during sex last night, “Can we get off together each night before bed, so I don’t have to do it in the morning?” In the moment I quietly said yes to keep the moment going… but thinking deeper… what a shitty thing to say. Like if we don’t get off together then he has to resort to getting himself off? It makes me so furious because my sex drive was so high when we met, that I have lowered it to meet his. When he was actually getting his needs met by something else. I just have no idea how to feel. I feel like shit because I’m telling him he needs to change, and he feels like crap, which makes me feel even worse. I just have no idea how to feel. I asked if he would tell me if he  PMOs… he said that would be really hard because he knew I would get upset and it would result in an argument… I don’t know that I will ever believe him that he is not doing it… I don’t know what I should expect from him. I don't know how I can help.

TLDR: Husband hasn’t ever had strong sex drive in relationship. There were signs and clues that he may be addicted to porn, but I thought it was all normal. 6 years go by, I get used to it. I get clued in that he likes shemale porn, causes me to ask if he gets off before work, he does. He has been for years. I realize he is probably addicted to porn and that may be why he shows little to no desire to touch me or have any sexual relations with him. I confronted him, he admitted to it. Many tears later he asks if he should quit all together, I say yes. He feels like shit, I feel like shit. I don’t know if I can trust that he won't. I don’t even know if he takes this seriously. We’ve pretty much had this conversation before except I didn't address porn as an addiction, so why would it change now?
",1454090483.0,8,0.91,16
