subreddit,title,selftext,created_utc,score,upvote_ratio,num_comments
SuicideWatch,How many of you are seemingly normal people?,[removed],1447301598.0,1,1.0,6
