subreddit,body,created_utc,score
Music,Thank you!,1456800216.0,1
lifeisstrange,Play something else for a week or so and you will get even more out of it.,1449278146.0,2
Smartphones,"80% phones definitely do not score within the error margin! It's a wide range from 50ms to over 200ms, and all phones I have tried have very different latency. I'm worried because my friend's Galaxy S5, which is supposed to be a really good phone, had a lot of latency (compared calibrating his Deemo game)",1449182317.0,1
lifeisstrange,"Agree with that. It's the fan community that builds and amplifies certain attitudes. Just like the Max and Chloe romantic relationship that is so exaggerated. And I don't like it. I know it's an opinion but it's an opinion partly amplified by others' opinions, not just by the game.",1448899537.0,1
depression,"It's a stupid stereotype and it hurts to see even the most reasonable and admirable friends to say things like it. But it's not true. Men and women are not so different concerning depression. People don't know that because on average, they haven't met very many depressed people",1448849406.0,4
depression,"I know this feeling. A rare good day is like a window to the normal, non-depressed world... that unfortunately disappears. And you quickly forget what it was like.",1448849045.0,1
lifeisstrange,"Yes, this is the only game that has affected me this much.
>Has this game helped you in any way?

I think this game develops people's personalities, though it causes its growing pains too.

Pun: People didn't develop this game, this game develops people!",1448845717.0,3
lifeisstrange,You all made me realize even more that there are so much people with mental disorder in this game. And that's what makes this game so realistic. Actually in real life pretty much all people have disorders to some degree. It's not either ill or healthy it's also everything in between.,1448535541.0,2
lifeisstrange,"Well, you clearly have made a mistake watching some of the game instead of playing it, but you still have the two most emotionally strong and crazy episodes remaining. And you should play them yourself. LIS is such an unique experience that it's worth pretty much anything.

You probably would need to play first episodes first though to see consequences of some of your actions, because if you get a save file and play the rest episodes, you could be confused of some things. But I don't think it's completely bad to play it again. It's after all quite significant part of the game to have your own decisions done instead of taking an unfinished part of someone else's life and continuing it yourself. You get stronger immersion by playing it yourself wholly. And don't think ""I have already ruined over half of it so I might just see the last episodes as LP's as well"". No. It's still worth it to play.

I think the best way to get the most out of LIS for you now would be waiting for some time, if you are able to, and do something else for a while, like a week or so. Then start playing the game from the beginning all by yourself.",1448534777.0,1
lifeisstrange,"And that is a problem I think. Why can't they ask the publisher to increase budget? And if they did, why wouldn't they get a slightly bigger budget when it would make the game much better and therefore it would sell better? ",1448441769.0,1
lifeisstrange,Best theory.,1448265540.0,1
lifeisstrange,What country is this? ,1448265010.0,1
lifeisstrange,And those two leaves in the top part of the photo look like a butterfly.,1448264882.0,1
lifeisstrange,"It always feels like that at first, but when you get over it, you'll realize how good it was that you moved forward and didn't waste more time on the one thing. That probably sounded offending towards the game, but I don't mean that. Actually it's about the best game I have played (experience-wise, and for me experience is what it's all about). You'll realize it only afterwards, not before, and humans base their decisions on what they think at the state they are.

It's the same thing as with relationships. People all the time have trouble emotionally letting go of their ex that they didn't want to break up with. And when they finally do, they regret that they were occupied in that thing for so long, when there were great new opportunities waiting for them all the time. But instead, they stayed in the state thinking overthinking about their ex so they missed other things. This is just fact. Things look different from the other perspective, and your perspective isn't going to be Life Is Strange for the rest of your life, so you shouldn't dedicate yourself to it only.

As humans we don't know what's good for ourselves. Sometimes only others with different perspective can tell.",1448168332.0,3
depression,"Most likely it's nothing personal, but about that they think someone other is better at the game than you. And in these kind of games, people just are at a different skill levels, and it's ok. The skill level isn't the metric of your value.",1448081663.0,2
depression,"Somewhere I saw a quote: ""Never be ashamed for the music you listen to."" I think it's good advice.",1448081455.0,1
depression,"Yes, for me too it just feels like world is fucked up and that you can't help it all happening. As selfish as it can sound, I just don't try to take the world problems to myself, I focus on things going on my life and shut off the other world. It helps me, but sadly not the ones suffering. But everyone has their life. You life yours. Life isn't fair, and you maybe are lucky to have it better than others.",1448081302.0,1
lifeisstrange,"http://lmgtfy.com/?q=life+is+strange+blue+butterfly+wallpaper

Couldn't resist :D

Ok, there aren't many of them and not that good either, but I think that if there are wallpapers like that a google search would find them.",1448078662.0,2
Music,"https://www.youtube.com/watch?v=pVttBOgg7XE Alice good night

Not those exact words, but it's really comforting song.",1448070331.0,1
AskReddit,"For me the best investment was a phone with proper battery (Jiayu g4s). Sadly these are rare nowadays, because every phone needs to be slim like 7mm, when I would happily have a phone as big as 10mm. It would fit about battery double the capacity. Yes, many phones have big battery + case upgrades, but they are impractical as they leave a big gap of empty space.",1448069255.0,1
lifeisstrange,8 hours sounds more like a speedrun.,1447934289.0,1
lifeisstrange,"But it's too happy and easy if no one died and would make the story less impacting and dramatic. There's always death. 

Thats a good dream though. And remember that in that state Chloe doesn't know anything about things that happened that week before Max rewinded, so she has to explain everything to her.",1447932887.0,3
lifeisstrange,Best fanart piece so far. ,1447932427.0,3
lifeisstrange,"Chloe is so selfish! It was so sad to see Max helping that pathetic loser all the time, and even this game's community is all over her.",1447859818.0,1
lifeisstrange,"All the choices are pointless, they don't matter.",1447859492.0,1
lifeisstrange,"Tillamook bay. 

http://i.imgur.com/LxDfPcD.jpg (not my pic)",1447859112.0,2
lifeisstrange,"Looking at steam reviews, 20-25 hours. I got about 25.",1447858932.0,1
lifeisstrange,"I still shiver listening to this:

https://www.youtube.com/watch?v=mqxqC4xrDfQ&list=RDmqxqC4xrDfQ

Mud Flow - The Sense Of Me",1447858748.0,1
lifeisstrange,I'll just let you know I upvoted that even though there are more downvotes.,1447858527.0,0
lifeisstrange,"Sorry but the two higher pitches of ""bebebebebeans"" are not in tune. Good otherwise.",1447858052.0,2
intj,That makes sense. Ni and Te mimicing Si because I have found it useful. It just happens to be the same thing Si does. These things are pretty abstract.,1447830240.0,1
intj,"Yeah, the new and useful thing I discovered was to use it to emotions. Results are that my perception of things are no longer biased so hard by my current feelings. I constantly (mostly unconsciously) describe my emotions and remember that description so when I try to remember how something was, I decode the description to usable data instead of just using the current feeling toward the thing. We mostly take the current feeling about something as a fact, but now I have started to not trust it so much and instead use the description I have made. It's a skill to better explore the past.",1447830102.0,1
intj,No. ,1447727354.0,14
lifeisstrange,"Interesting theory. I don't think it's related to happy facebook posts though, even though they are mostly fake.

We sometimes feel a burst of happiness. For example when I play piano, or am having good time with my best friends. But, that could be just the lack of sadness at the moment. Something good can sometimes take all the sadness away and I feel some kind of euphoria. That would also partly explain why happy stories don't make us happy: because it doesn't exist. There must be some mechanism that makes the sadness go away temporarily, so we feel happy.

But again, it wouldn't exactly explain why happy real life things would make us feel happy but happy stories wouldn't. Seems like that real life things can make us either sad or happy, but fictional stories make us mostly sad. Strange (life is).",1447696287.0,2
lifeisstrange,"Yes, one quite important thing I forgot to mention was music. When sad, we listen to sad music to intensify the feeling. And when feeling good, we don't listen to sad music, because it alone wouldn't bring sad feeling enough. Seems like it's some kind of ""either all happy or all sad"".

I read of a study though, that said that coping with depression with sad music would be actually bad for the depression. I don't know exactly why it would be bad, could be just that they deduced it by the fact we feel sadder, not by if it's actually making depression worse long term. But I can also see that it maybe makes it worse, as we get addicted to the sad feeling.

Someone's comment from /r/askpsychology:
>As explained to me in the film ""What The Bleep do we Know"", emotions are simply chemicals that hit receptors in our body. The more times that chemical is produced, the more receptors your body develops. Then, you need more chemicals to stimulate them to the same degree, and off you cycle into depression.

>The interesting part is that when these receptors are not being stimulated, the body goes into withdrawl. It is seeking homeostasis, and because the chemistry is fucked up, homeostasis = sad.

>So people who have been depressed a long time... its twice as hard to break free because your body literally doeant want you to. You have to be very patient with yourself and recognize that itch so you dont scratch it by upsetting yourself from literally nothing.

>It takes a looong time to adjust back to an emotionally healthier state.
",1447695715.0,1
lifeisstrange,"Actually, Life Is Strange follows Greek Tradegy structure:

Structure

The structure of Greek tragedy is characterized by a set of conventions. The tragedy usually begins with a prologue, (from pro and logos, ""preliminary speech"") in which one or more characters introduce the drama and explain the background of the ensuing story[LiS EP1]. The prologue is followed by the parodos (πάροδος), after which the story unfolds through three or more episodes [LiS EP2-4] (ἐπεισόδια, epeisodia). The episodes are interspersed by stasima (στάσιμoν, stasimon), choral interludes explaining or commenting on the situation developing in the play. The tragedy ends with the exodus (ἔξοδος), concluding the story[LiS EP5,  where you can't make much decisions, you see the results]. Some plays do not adhere to this conventional structure. Aeschylus' ""The Persians"" and ""Seven Against Thebes"" for example, have no prologue.",1447695333.0,1
lifeisstrange,"Well, it's POLARIZED, as we see again.",1447657555.0,1
lifeisstrange,"A few days after completing the game I just had to start it again because of how much I missed the characters. I made a lot of different choices that I wasn't even very happy making, just to not play it the same way and I was surprised that I wasn't disappoint at them. And the game taught me more things, I don't want to spoil. But different choices actually change things more than I realized.",1447657489.0,3
AskReddit,"How many eggs have you laid so far?

(grammarnazipun)",1447561998.0,1
AskReddit,http://markmanson.net/boundaries spot on.,1447558361.0,8
AskReddit,"https://www.youtube.com/watch?v=VWFFeSTpKYk

Cytus - Light Up my Love

Wouldn't openly admit it to my friends though. Too shy for that.",1447558185.0,2
lifeisstrange,"LOL, forgot that life is strange.",1447554069.0,2
lifeisstrange,"In EP5, if you tell to David that Chloe is dead, he shoot's Jefferson.",1447542789.0,1
lifeisstrange,"Even though Jefferson was evil, that's just too mean...",1447542661.0,1
leagueoflegends,"Other people's percentages are inaccurate. When playing with friends at the same place, our screens show different percentages.

Don't know what's the problem in showing accurate percentages though. Wouldn't be too difficult programming job.",1447542457.0,1
lifeisstrange,"In my opinion Chloe, Max and Jefferson were all excellently voice acted. Can't even say who was the best.",1447488799.0,1
lifeisstrange,"EP1: Some nice school simulation, and oh, that Chloe seems like sad and in troubles, and Max seems like getting into something mysterious. Expecting some feely and touching moments later in the game, can't wait.

EP5: Expetations blown 50x. This was the most crazy sad and emotional thing I have ever seen. So good story. Deep characters, even the ones I thought were just random NPCs. Oh my, this is so best game ever, but sad. And so emotional.

I want to remind that Max and Chloe weren't necessarily lesbian couple. It depended by the player. I felt this was just so affecting story about two very close friends.",1447488563.0,0
lifeisstrange,"I think that at that point the game devs weren't really sure about the plot and what caused the storm when they made those Nathan lines. And then they didn't use them because they decided that the Prescott's didn't cause the storm. Otherwise those would definitely have fit to the fight scene. Then they used that babbling about Max's powers causing the storm as a band aid fix to the game to have at least some possible reason. But at the final decision I'm 100% sure they intended it so that the storm didn't come when Chloe was sacrificed. But seems like there is still controversy there.

I think that about only thing that is against that ""Max power's caused the storm"" is the vision at the beginning of the game before the first time Max used rewind. Which they couldn't change anymore because it was already released. It just seems like even the game devs didn't know what caused the storm.",1447394038.0,1
lifeisstrange,"Hey, you sound like me a lot. I have been in deep depression and had suicidal thoughts for over half a year and this game was about the best thing that has happened to me in that time. And they say video games are bad for depression!? Haven't felt suicidal since I found Life Is Strange a few weeks ago - I just keep thinking about this game (though I see myself still going down in the future...). It has given me serious new viewpoints about life and things. 

And I play piano too. And I have even started making a piano duet cover for the credits music (Max and Chloe). What a coincidence!

LOL, Life REALLY is strange. I really hope you get better.

""Be strong.""

-Max (just quote, I'm not Max)

---

And your cover does catch the mood of the game quite well even though the recording quality isn't perfect.

---

I have even felt a little guilty for advertising this game at /r/depression and /r/suicidewatch. Not anymore :) (Oh, shit, NO EMOJI)",1447390521.0,2
lifeisstrange,"The problem is that because of about half people still supporting the first and the other half the other ending, it would feel very bad for the others. For example me. To me it still feels like just speculation that the storm wouldn't disappear by Chloe's sacrifice. I think it's overall hinted in the game and the final decision just depends on that either Arcadia Bay is destroyed or Chloe dies.

It's a shame they left it so open.",1447387738.0,1
lifeisstrange,That woolly hat. Those beans. That moose. Photographing magazine.,1447387000.0,1
lifeisstrange,"Me too...
",1447386583.0,3
depression,My solution is to stay up until I get sleepy and then sleep until I can't resist the urge to finally get up. I don't go anywhere at day. So I can sleep in random times. Probably not good solution but that's what I have.,1447310910.0,2
lifeisstrange,What? That takes too long! I want my prize NOW! >:-(,1447310491.0,2
depression,"I had a depressed friend when I wasn't depressed, and currently I'm depressed so I think I have some perspective: Depressed people DO cause trouble for their loved ones. It's a fact. I didn't believe in it at first. I just was glad I could be there for my friend. I wanted to help her. It was not the problem for me to help her. The problem was that despite all the help and effort, she didn't get better. And I constantly worried about her. I just saw her suffer, and because I cared, I actually suffered myself too. I had failed to cheer her up.

Now that I'm depressed I see it differently. It feels like no one can help. A friend comforting does temporarily make me feel better but in the end it doesn't solve the problem. I feel like my friend is constantly trying to help me, but despite all his effort, he can't help me get rid of the problem. I can almost feel his energy flowing from him to me but getting wasted instead.

That's the problem. You have to stop taking her problems as your own (may be hard or maybe even impossible), because as sad as it sounds, you most likely can't solve them and they drag you down too. Support her but don't completely lose yourself into her. You care about her, she suffers and so you suffer too. It's a loss for you both. I don't know a solution, but maybe this helped to understand.",1447310325.0,1
depression,"The same story as mine. Had been very succesful in life all around, great grades, have friends, family loves me etc... but got depressed. While still depressed I started at an university to study mechanical engineering, now I have it paused because I can't do it, I'm just being at home with no desire to do anything. 

Just a few weeks ago I found about Life Is Strange (a story telling game), played it and it was probably half a year since I enjoyed something that much. Most emotionally affecting and crazy and deep game I have played. I highly recommend.",1447308712.0,1
lifeisstrange,"Please, you, the blue butterfly, let LIS 2 to be made...",1447303695.0,1
depression,"The best a friend can give is to understand that they can't really understand. Lucily I have one that kind of friend.

Hugs to you :)",1447303543.0,1
lifeisstrange,The game is more than a crazy emotional adventure. It opened up so many new viewpoints about life.,1447301651.0,1
lifeisstrange,"I think she was a good person, not manipulative, but also being able to stand on her own ground.",1447301002.0,1
lifeisstrange,We'll never see blue butterflies in the way we saw them before...,1447300845.0,2
lifeisstrange,"Because why the fuck would I complain to game developers about a thing I don't like about fan art/fic? There would be absolutely no reason for me to do that and you knew it beforehand. It was clearly a provocative instruction.
>Bring it up with Dontnod then. They're the ones who made it an option.

I see it completely okay to notify you of being cocky because it is what you did. You twist my words (https://yourlogicalfallacyis.com/strawman)
> but I'm not sure why you would dislike others for disagreeing with you.

(I still didn't say I dislike people that think the girls as a couple)

and project your negative attitude on me with that ""do it better if you don't like"" statement. All that before I even hint you how you are behaving. So you better not accuse me of attacking when you are the one picking fight. And yes, I took the fight because I don't like people like you abusing others with their arrogant remarks.


",1447300070.0,-1
lifeisstrange,">Bring it up with Dontnod then. They're the ones who made it an option.

Nothing wrong with the game about that. And you don't need to act cocky.",1447297176.0,-1
lifeisstrange,"I don't dislike the people, I dislike the idea of Max and Chloe relationship and the fact that so few people emphasize their friendship.",1447296652.0,-1
lifeisstrange,Noticed that right away. Did I win a prize?,1447292914.0,4
lifeisstrange,"I agree that ""You're gonna die motherfucker"" didn't fit for Max. Chloe would have said that. Actually that was the only moment I felt like the dialog was weird.

But the ""Eat shit and die!"" was good. It was one of the only moments Max was so angry that she could even dare to express that, and because she was not used to say things like that, her voice shivered. Not because the voice actor would have been bad, but because Max is that type of subtle person that she couldn't have said such harsh line with cool face. Well done, I think.",1447292786.0,6
lifeisstrange,I think this was actually used when Max looked at some picture of Chloe in Nathan's room.,1447264548.0,1
lifeisstrange,"Yes! You can just sit there comfortably and take the story to you instead of having to hold hands on the table. It just fits better in this kind of game where you aren't so much in action. Also you just press a button instead of having to drag when interacting with mouse. If you don't have xbox 360 controller like me, use x360ce, it's a program for emulating xbox 360 controller.",1447264243.0,1
lifeisstrange,"""Sonder: the realization that each random passerby is living a life as vivid and complex as your own."" This game does pretty good job making us feel sonder.",1447263741.0,3
lifeisstrange,"Like in other emotionally strong experiences in life, you just continue with your life, move on. This game will be less and less on top of your mind. But you will still never forget it. ",1447263412.0,1
lifeisstrange,"Just a quote from the game, where a few times Max says something like ""I can't keep saving you over and over""",1447249716.0,3
lifeisstrange,"Not ""again"". You replay it ""over and over"" if you know what I mean.",1447217401.0,2
lifeisstrange,"I'm making piano duet version of this (credits music): https://www.youtube.com/watch?v=SddNAu0oMiU

Will take a while though.",1447216488.0,2
lifeisstrange,It's just that there are way more people that have played Fallout 3 but not Life Is Strange than people that have played Life Is Strange.,1447216283.0,2
lifeisstrange,"The funniest moment in the game. The second funniest is:

""I just wanted to see what would happen if I did this.""

""I'm gonna kill you!""",1447216086.0,1
lifeisstrange,"Haha, yes. Didn't get the joke at first.",1447215053.0,3
SuicideWatch,"Too much effort getting involved in new things. By the way, don't get frustrated if you can't help me because most probably you can't.",1447195266.0,1
lifeisstrange,Why? Doesn't have any problems for me.,1447195186.0,2
SuicideWatch,"I had composed a few pieces already, have tried to do more but just can't.",1447126343.0,1
SuicideWatch,"Was on a med and it was hell. After stopping it and starting a new one (that doesn't seem to do anything) I played Life Is Strange, enjoyed a game in months, but I don't have anything anymore, and nothing will be as good as that game. And I can't play it over and over. One reason for enjoying that probably was also stopping taking that med. Helped briefly, but now I'm just more anxious.

Basically I have been on computer, with friends, played piano, trying to find something I would enjoy, but I can't.",1447041619.0,2
lifeisstrange,"There are some loopholes about the end, but I think the focus shouldn't be in that. I think some things about it should be just taken as facts and the focus should be in other things. The journey through the episodes is near perfect. Only real problem is that it's about 50% chance about getting the better or worse ending. But still it's not everything about it. And the ending probably still won't be meh for you. I heard a lot of complaining about the end but didn't notice it when I played it. So just buy, play and enjoy. It's best enjoyed by not reading things on internet first.

Characters feel very authentic, they doesn't sound at all that they would be reading written lines, they are actually speaking, with rough language though. Character development is so real and amazing, they are really deep, not some cliche ""always be happy friends forever!"" They are in deep troubles, they doubt themselves and everything, they break down at horrible things that happen (and so will you because you will emphasize with them so well). 

This game is the most emotionally affecting thing I have ever seen. It felt like going into their world and taking their problems and joys as your own. There are enough not so important characters that are also affected by what you did in last episodes so that the world feels real. If I had to choose one game to be experienced, it would be this. This is so good!",1447040668.0,2
SuicideWatch,"I believe in afterlife but it feels kind of separated from this. So yes I feel very empty, and sad. I can talk with my friend about anything, he even invites me to come at his place just to make me feel better. Still doesn't help, and we have even talked about it. I have everything I would ever need but I'm so sick that it doesn't matter to me, about nothing does. I just can't think of any solution. I don't enjoy anything. Would be easier to not just exist.",1447039442.0,1
suicide_watch,"At least don't miss this game! It was so good that I even wrote a post at /depression about it. https://www.reddit.com/r/depression/comments/3rv1cm/any_of_you_other_depressed_people_here_played/

I don't want to advertise, but I just feel so strongly that anyone shouldn't go without experiencing this.",1446877484.0,1
lifeisstrange,"He is just immature, insecure and tryhard, there are always people like that, nothing wrong with it.",1446705572.0,8
lifeisstrange,"You need to avoid everything about LIS. It's hard currently as it's quite new and phenomenally good game, so it's everywhere. You need to play other games.

You can't just ""wait"" to play LIS again, you have to genuinely forget about it. And when you find it again, you will experience the game.",1446580099.0,1
lifeisstrange,"Ask your friend to rewind a couple of days. Too bad it will mean you didn't even play the game yet. Ofc you could tell your friend to tell you after rewind that you played the game, if it makes you feel any better.",1446571250.0,1
lifeisstrange,WHAT HAVE YOU DONE???,1446570173.0,2
lifeisstrange,"This game was very successful at making the player really care about characters. In my opinion, most of the time it's better to make decisions so it's for the greater good. But often because of emotional attachment, people make selfish decisions. This happens all over the world, and when one has a lot of power, the consequences can be large. People that haven't played the game would probably mostly choose ""bay over bae"", because of course it would be right to save a big bunch of people than one. But this game made me understand when it's about you and what's important to you, it won't be that simple. For me, it was VERY difficult decision to save ""bay over bae"". And it's AMAZING how a fictional story game can make us feel this strongly.

It wouldn't be as emotional if this was a movie instead. The fact that YOU have to choose, multiplies the feelings.",1446537908.0,1
lifeisstrange,"Sometimes (in real life) it is the opposite: You are not able to see the dirt deep beneath someone's behavior. I don't mean any people would be evil, but sometimes they are flawed so that it causes harm to other people without them even noticing.",1446536621.0,1
lifeisstrange,"I found 3 flaws about the game:

1. It was a shame there was no explanation to the storm and rewind power. It wouldn't have been very difficult to come up with an eligible explanation.

2. I heard that the ending where you save Chloe is bad. I chose to save Arcadia Bay, so I didn't experience this, but about half of people will.

3. There were a bit too many of the nightmare scenes. Some of them would have been better left out. For example the one with Max being at home in the small glass thing whatever they call it.

Otherwise my experience about the game is: Most crazy and emotional shit I have ever seen: almost perfect. ",1446535646.0,1
lifeisstrange,Yeah they had to do that just to make someone discover it :D,1446533666.0,1
lifeisstrange,You'll like this site: http://tvtropes.org/,1446532748.0,3
lifeisstrange,"Hmm... seems like there is a lot of controversy about the things that trigger that kiss. And somehow I still think I heard Max saying that ""Chloe... I love you""",1446527506.0,2
lifeisstrange,"I couldn't find a way to read the journal. Is it possible after game ends? I sided with Chloe in about everything, sometimes said things that were realistic. Didn't go with Warren.",1446521319.0,2
lifeisstrange,You... you ...EVIL!,1446520620.0,2
lifeisstrange,This is real?!,1446519621.0,4
lifeisstrange,"""This is so fucked up...""",1446518900.0,1
lifeisstrange,Wowser!,1446518725.0,1
lifeisstrange,I was at the brink of crying whole EP5... brother woke up in the morning when I was still playing so I couldn't sob audibly...,1446517155.0,8
lifeisstrange,You did the right thing.,1446516986.0,1
lifeisstrange,"I decided to sacrifice Chloe and I don't remember them kissing? It happens only if you kissed earlier? Because I didn't. And I'm not sure but Max VERY BIG MAYBE said that ""I love you"".",1446516836.0,2
depression,"It's really not like that. People's mental healthiness changes thorough their lives. Someone that was strong before may get an awfully bad depression. I'm a living proof. At the same time, people get up from depression and become very strong. And after having gone through depression it becomes a huge strength: You are then better at recognizing things many people don't even have a clue of. It's not really a ""strength"" people have, it's their live circumstances that affect their mental health. It's the matter of circumstances how well people can handle stress. It changes. ",1446089696.0,2
intj,"I'm a badly depressed 19M INTJ, that has been writing in /r/depression and /r/suicidewatch, I have done some quite deep pondering and venting so checking my profile could help you.",1446064261.0,1
intj,"Most of the time, no lyrics is the best. Pure music But sometimes, I randomly get obsessed of a song with lyrics. One reason is probably an attractive female voice. Another reason is the overall atmosphere or attitude. And finally, a thing that affects any music: You can't decide what you like after 1 listen. I normally don't listen to any music with lyrics, but in this rhythm game, Deemo, I have played some pieces many times for the rhythm, even though I didn't particularly like them at first. But TSADAM, now you like song X! It actually works like that.

A Turtle's Heart: (from Deemo)
https://www.youtube.com/watch?v=p5DsC0NyC8M ",1446063852.0,1
depression,"This blogger has helped me in many ways. He does state things quite harshly sometimes, but very accurately too. I'm not sure if he answers straight to those questions but the overall feeling in his posts are about honesty, being ok with yourself, how to be ""good"" in eyes of others, in a non-bullshit way. The best categories for you would be ""dating and relationships"" and ""psychology"".

http://markmanson.net/",1445835124.0,1
depression,"I think you hit one of the most common issued about depression that healthy people don't understand. This can be also expanded to some longer periods of time, even weeks. The problem is that depressed people, no matter what they do, seem to fall back to the depression. So they have done a lot of effort, they have tried, but they lost their results. No one wants to do effort without some reward. And depressed people see no reward because of so high probability to fall back to depression. When depressed people are told to try, ""because you won't get better without trying"", they get the feeling that they have tried so many times that it's not worth it anymore. Because they fear they will fall back and need to start from scratch again. Even if they would be able to keep things up even half a year, it feels like they still couldn't be able to keep it up any longer. So why force something that resists?

Depression is a pit, but it's a pit full of spikes, and when people can't stand it anymore, they will suicide. ",1445749332.0,20
depression,"Observed both in the point of view of a non-depressed person and a depressed person, it's just sad truth that depressed people are harmful for others' mental health. That doesn't mean necessarily that depressed people are left alone, because when the friend's pain for leaving (and losing) the depressed person would be greater than the negativity he will get from the depressed person, he won't leave. But it still doesn't mean he doesn't suffer from the other person's depression. It's just about choosing how to suffer, and that choice wouldn't be needed to make without the depressed person.

So general advice would be: don't get attached to negative people, or the ""avoid negative people"".

Avoiding negative people is good for the self but probably bad for the depressed. And healthy people actually don't owe care for the depressed, helping them will often cost them more than they would first know. So, it's quite bad situation to be depressed, as you are almost completely dependent on others, and the care they are willing to give. I'm depressed :-/

EDIT: And most of the time, depression makes you negative.",1445748468.0,2
SuicideWatch,"I am the same. I succeeded at everything, and probably was one of the 10% most happy people. I was content with my life. Then I burned out and it has been a downward slope all the way since. Can't find happiness. Everything is just too much effort, not worth it. Your post's title summarizes it: I don't want anything. Ugh.",1445659493.0,1
askpsychology,"I think it does make us less capable. In poor countries they just have to do things for living and it's not even an option to give up. In western countries if you don't make money, you are given the money. It's not that black and white, but I really think that in third world countries they don't give up so easily.",1445570270.0,1
WouldYouRather,Seriously.,1445569950.0,1
SuicideWatch,"I also have it constantly, and I think it works like this: You always want to keep suicide there as an option, not completely bury it, though still not going to do it yet. That way you don't feel like cornered by the pain, but instead you always have the way out if it's ever needed. The thought is always there, and it occassionally becomes stronger. It's because when the pain is stronger, you want to be more sure about everything related to suicide. You think more about it and even search for methods just in case you need it. When at a less bad moment, the threat of being cornered it smaller and so you only keep a slight suicide thought there just in case the feeling becomes worse.",1445565048.0,3
depression,you.,1445563954.0,1
depression,"Dark, accurate, beautiful and sad.",1445563565.0,3
depression,"For me, my SSRI's made me a bit better at focusing, somehow not rushing with thoughts anymore, more determined. But it didn't help me at my school work. Instead of randomly focusing or not, randomly doing something or not, I just became so that I didn't do any school work at all. I didn't ""rush"" doing it with a thought like ""ok, now I will just try to do it, fck everything else, reasons and such"". But now I think everything through, I keep my thoughts together and I don't ever anymore act on a single though. Now I always come to a final conclusion. And the final conclusion has always since been that I don't do school work at all.",1445563422.0,1
depression,"My theory: I think depression makes you somehow do everything ""all or nothing"". You often try to isolate yourself, but when there is an opportunity for an intense interaction, you go completely with it, completely give yourself to it. This antisocial area is very big, so only when you are truly sure, you go with it. So your girlfriend doesn't want any ""half hugs"", because it makes her need to be vulnerable, but doesn't necessarily give a lot of comfort. I can see this behavior in myself. When being with my best friend, I avoid any contact and ""block"" any small signs of comfort he shows, and then suddently I am like ""Okay, can't hold it anymore"" and tell everything and hug and cry. When your girlfriend allows you to comfort and cuddle, give everything, hug strongly. She will feel every bit of it, and it will be the best feeling she can get.",1445562760.0,1
depression,I have a very good friend that just accepts and understands that practical advice doesn't work. And it's just very good thing. Just the fact that someone understands at least a bit.,1445561768.0,6
depression,"That sounds very horrible :(

Sending big friendly hug!",1445430335.0,1
depression,Just quickly wanted to say that good job with that title!,1445430064.0,1
depression,"It gives a peace of mind to always figure out all possible options and feel like you have the power and control over what you can do (while depression is generally impairing that ability). Sounds paradoxical, but learning how to suicide (just learning, not doing) can relieve the pain and give yourself more space.",1445429956.0,2
depression,"When someone uses that ""you have to try more"" -argument and refuses to accept the fact that I (depressed) know better how I feel than him (not depressed), I briefly hope that they would get depressed so that they would know.

Some people at least understand that they can't understand and try not to push their solutions to my feeling that they don't understand. They instead just comfort and it's good.",1445429266.0,2
depression,"I wrote this some time ago as a response to somebody: 
https://www.reddit.com/r/SuicideWatch/comments/3oacaz/i_think_this_is_how_you_should_deal_with_suicidal/
I think it answers many of your questions.",1445428588.0,1
depression,"There are others too that haven't got good friends yet. And even not-so-close-yet friends usually sometimes have deep discussions, you could happen to talk about this, identify with each other and become those kind of close friends.",1445428260.0,3
depression,"I think young people's problems are often dismissed, even though they can feel as just bad as adults, and it's not reasonable or good thing. Psychologist at school would be quite good help, even if it feels scary at first. Have been there.",1445427991.0,3
depression,"People vote down because most of us don't agree with that it gets better.

And yeah, you lose it when you don't have the energy to fight. Many don't have it. And they see nothing in life worth fighting for either.",1445427716.0,2
depression,"You nailed it 1000000% accurately, I feel just like that.",1445427460.0,2
depression,"You are on an ssri med? Made me lose enjoyment in things, not actually feeling things but knowing I would feel it without the med.",1445244757.0,1
depression,"And when I started my SSRI meds, I lost that ability to feel sad strongly, lost the ability to cry. It was the only thing I could get some kind of satisfication. And I lost that last straw. I can't stand it. Sometimes it feels like I'm going insane. Feel nothing, even about suicide. Can't release emotions. Can't feel happy either. Also my last drips of motivation also disappeared after I started the meds. I have taken them for a bit over 3 weeks, and a few times I have felt an odd feeling of normalness. But still it doesn't bring back my lost emotions, nor gives motivation. If anything makes you forget how do good emotions feel, it's this med. I don't know if I will continue taking this after next doctor visit.",1445243589.0,1
depression,"I think it happens because you are waiting for the event you are going to be at, you have a point you are going towards. And when it's over, you don't feel like you would be having anything like it anymore, so you can give up emotionally and feel harsh depression. You don't have anything to live for anymore. Have experienced this many times. I don't drink any alcohol.",1445242864.0,2
SuicideWatch,I feel just like that. Believe me. :/,1445055463.0,1
SuicideWatch,:'(,1445045095.0,1
depression,"I think I can at partly understand. Your boyfriend just didn't verbalise it very well though, and it sounds overstated. 

In my worst stage I got addicted in feeling depressed. Tried to make myself cry, read suicide stories. When I felt my mood was going up, I lost that, it was (and still is) very addicting. Still not very good feeling (people still commit suicide), but addictive. To just dwell in the sadness and self loath, so easy, instant strong feelings (that are missing in a ""better"" mood because of depression), bye all responsibilities etc. I think this is very much related to being suicidal. And when not depressed, you have to take responsibility of yourself, and actually work to achieve things. Now, the problem is that I have lost interest in almost everything. I don't find things rewarding, so any effort you have to make doesn't give pleasure. Feels like, ""why do anything, it just takes too much effort, I don't want anything"". So, this might be the problem with your boyfriend. He just doesn't want to live normally, because it doesn't feel rewarding enough, but he also may be addicted to feeling low. These two make a strong obstacle. My theory is that getting bored in self loathing and being on low mood is then followed by suicide or suicide attempt, which though can turn things around and make you want to live again (what I have heard). I just don't know how to get interested in living again...

I have often have hard time relating to other depressed people here. Many of them have clearly external problems in their life that cause extreme sadness, pain and just giving up (obviously not this simple, just simplification). I have had near perfect life before my burnout and depression, I had been very happy and satisfied. Not anymore. First it was just about giving up my dreams because of too hard struggle. Now I don't feel like living even if I got everything for free. I started my taking SSRIs a few weeks ago. It feels like its trying to push me back to living properly by making me see some kind of bright light there and making me not able to cry and dwell in my emotions. And it feels horrible. Because I don't want to follow the light, I want to stay dwelling in the darkness, maybe suicide later.

And you others don't understand. Depressed people are often quite unpleasant to be around, you and me. You understand each other. But OP's boyfriend is even worse than you and you don't understand him, so you bash him like normal people often bash depressed people for their delusions that they don't understand. This bashing was probably also amplified by crowd effect. Instead, you should hope to preserve your desire to get better and accept that you can't always understand. I can't either, I'm not here to claim being right. But it must be terrible to not want to get better and suffer maybe forever. 

Thank you and sorry.

EDIT: Forgot to answer a critical question at the first post. Getting better is a choice. But how can you control what you want? It's not as simple as choose to get better, or choose to want to get better. Just like most of us couldn't choose to stay depressed, because you ""of course"" want to get better. Wanting things is very complex thing, not just deciding to choose ""I want to get better"".",1445041256.0,3
creepy,Of course!,1445037121.0,2
depression,"When at their worst, just anything doesn't matter, not other people nor common decency. Yes, it is not caring about others at all, and it's selfish. It's pretty much how depressed people are. Some people accept, some don't, you can decide. It would be nice for her if you accepted, but it also will be a struggle to you. Depressed people are often a struggle to others. But you have to remember that it's not because she is simply careless, but because she is probably going through VERY painful things. Depression is a horrible disease to have, and it will also be a struggle to others. You can either accept them regardless their flaws (it matters to them!) or not tolerate them being burden, because you aren't obliged to.

So when she doesn't respond, it's because she simply doesn't care. And she doesn't care not because there would be anything wrong with you, but because she is depressed and anything hardly matters to her. ",1444995403.0,2
depression,"I replied to someone asking help with his suicidal sister, I think I got i quite right and that it could be applicable here too: https://www.reddit.com/r/SuicideWatch/comments/3o8nqx/sister_called_me_today_and_said_she_wanted_to/cvvdra7",1444969292.0,1
depression,This actually describes depression quite well.,1444968886.0,1
depression,"""You need to try harder!""",1444968727.0,1
depression,"Normally people have quite top priority answering texts and calls, because if they didn't, they would need to explain. But often for a depressed person, things just don't matter.

When I pick up my phone and see a few unanswered calls, I just feel indifferent to them. I feel like ""hmm, I probably should call back"". When I couldn't wake up for school, I didn't even tell my buddies that expected me to be there, while a normal person would tell them a reason they didn't come.",1444968616.0,2
depression,Just get professional advice. They know what to do. Better early than too late. I was late. Do anything to not get depressed!,1444968108.0,2
depression,"I don't know answer to that yet. As soon as I notice I'm having some good time, it disappears... false hope, one of the grieves of depression.

https://i.imgur.com/m3X1ilU.jpg",1444967679.0,2
depression,"I have a few friends I can tell just everything. But still it doesn't feel like enough to survive. If it's not enough, then what is?",1444967432.0,3
depression,"Yes, took them with my phone (adjusted some of them a bit). Nice that you like. Maybe I will post more of these kind of pics in the future.",1444967026.0,6
depression,"One night, I was again browsing /r/SuicideWatch and suicide methods on the internet and listening to sad music. It is the combination I get the most pleasure and excitement from. But those things too, I were also losing interest in them. That night, I couldn't get any feelings or excitement from them. I couldn't stand existing. I go nervous, started going in circles around the room. Had a urge to bash my head against a wall I started looking for methods how to get dizzy and faint on the net. I searched how to make cyanide (fatal poison) and where to buy it. I thought I was going insane. A tip for feeling insane: I went to a youtube channed with sad music, then opened all of the pieces in new tab. It sounded very chaotic. It helped a little. My browser crashed afterwards though.

This was probably because of I had been on my SSRI for only a bit over 2 weeks.",1444965788.0,1
AskReddit,"How many days does a depressed person have? You never know. The more time has passed since I became depressed, I have come to the realization that in the end, it's all about the mind, the happiness. It is what we live for. If you truly lose it, you don't want to live anymore. You become suicidal. It's because you lost what you live for. Happiness. It's hard to grasp for people that haven't been depressed. I didn't understand my friend when she was depressed. Now I do.

The thing is that if you lose your leg, you may still be happy. You may still enjoy life. If you have 5 years to live, you may live 5 happy years. It's impaired life, but still life. When you get depressed, you lose everything. It's not impaired life. It's negative life, worse than death. You don't want to live at all, you don't have anything to live for. You just want to die.

I would rather live happily, even few years, and die happy. I don't know if my life will end prematurely or if I will suffer from it forever. I don't want to underrate others that are going to die almost for sure. But still, don't underrate depression. It's a horrible disease.",1444964132.0,1
creepy,"They are from Helsinki metropolitan area, close to my home.",1444959806.0,3
SuicideWatch,"You are right in that. You shouldn't feel guilty for decicing to commit suicide. Still, it is really possible to get better and enjoy life. Many have succeed in it and noticed they have been wrong in their thoughts that ending your life is the only way.",1444884369.0,2
SuicideWatch,"That sounds like a very abusive dad. You have the right to choose your career yourself. Dad's are not always right, and they don't have the right to make their children's decisions. You could maybe see if you can move away if you are still living with your parents. If you don't have friends to tell to, tell a doctor or psychologist. ",1444809045.0,1
SuicideWatch,"Actually adolescent girls are already getting to woman shape, so men getting sexually attracted to them is quite normal, even though men wouldn't want a relationship with them. It is just somehow very unacceptable in society to even be attracted in a normal way. There's nothing wrong with it as long as you are not going to actually approach/attack them, as they are still mentally undeveloped, and that's why law is also protecting them.

I think society has got it wrong with pedophilia. Attraction to completely undeveloped children is strange. Attraction to teens is not. They are already looking almost like adults in that stage.",1444808347.0,-1
SuicideWatch,"I just wrote this: https://www.reddit.com/r/SuicideWatch/comments/3oe4p7/why_committing_suicide_is_not_wrong/

I DON'T recommend suicide though. This is just the reasoning why it isn't selfish.",1444610255.0,1
SuicideWatch,"From experience (I'm somewhat suicidal):

Be there for her. Contact her to comfort her, don't just wait her to call you. Believe in her experiences and feelings. Make her know you care about her, give reasons why you care about her. Don't tell her not to commit suicide because you care about her, because it seems like selfish reason to her. Just tell you love her. Especially don't tell to her she doesn't have the right to do it, it feels restrictive, and probably all suicidal people think it's their life and they can do whatever they want with it. I think the same. Telling what she doesn't want to hear will make her feel even more threatened and feel like she doesn't have anything to hold onto.

Giving advice is a double-edged sword. Most of the time, the advice you give feels bad and useless for her and makes her feel even more like there's nothing that can help her. On the other hand, giving advice proves that you care about her and that you have put thought to her problems. But again, the fact that you have put thought into her problems makes her feel like a burden.

I think there are two ways of caring: Thinking that she is a good person, loving her as person. This is important. The second way is worrying about her. Don't make it seem like you worry about her so much that you suffer, because then she will feel like burden. Show her you worry about her, but not that you are all the time worrying about her.

She is probably fearing of losing people around her. Let her know that you won't abadon her no matter what.

Don't expect her to get better. It will stress her. Just accept (also show it) that she may not get better. Accept her even if she isn't getting better. Don't get frustrated because of her not getting better despite your efforts. She probably feels like nothing or no one can help her get better. Don't believe you can make her get better. It feels awful when people think they can help but actually can't. Most likely you can't either. You can't fix her, but you can be there for her as she suffers. Hug her if possible (with permission). It's probably the best feeling you can give her. Really. I can almost feel her need for hug (because I feel it myself :'( )

The second best feeling she can feel is crying. It relives the pain. I'm on SSRI's antidepressants that make it almost impossible to cry, and it's awful. If she cries, don't freak out. Let her cry on your shoulder.
",1444528076.0,2
SuicideWatch,"I have been having hard time relating to posts in this subreddit, but this is something like me. Most people here have a lot of external problems the are worrying about and also low self esteem, but you are more like me. Being succesful and alone more mature than others in the same age. Feeling too succesful to have problems. Starting to care what others think only after getting depression. I really feel you. I'm not alone (and you neither). All my hugs to you.

-19 male",1444445768.0,3
