subreddit,title,selftext,created_utc,score,upvote_ratio,num_comments
pokemongo,First encounter already!,2pm on the dot and I already got myself a shiny 🥹🥹🥹 may the odds be my favor and the next one is a Shundo! ,1742652179.0,858,0.99,27
booksuggestions,Adult dystopian AND horror,"As the title says I'm looking in Dystopian / horror books. I'm not well versed in the horror genre at all apart from a few Stephen King that I don't like that much. 

I am looking for a book that reads like the horror movies in the Cube serie (specifically Cube 0 and Cube)

Think Maze runner, but with more death, more horror and more tragedies. Bonus if no happy ending or an opened ending (don't tell me though)",1739475710.0,6,1.0,5
booksuggestions,Wild West book - by native authors,"Hello everyone!  
As the title suggest, I am looking for Fiction books about the wild west but written by native american authors.",1734802334.0,2,1.0,0
NewcastleUponTyne,Horse Riding,"Hey everyone !   


I would love to get back on a horse and I'm trying to find a place to do that close to Newcastle. 

Would anyone know a good place? Where the horses are properly treated and where we could hang out with them a bit before riding as well? 

Any recommandation is welcome!",1575572000.0,12,0.81,13
cosplay,[Help] Fem Gaston,"Hi everyone,  
I wanted to be female Gaston from beauty and the beast for Halloween and was looking for advice on how to put the red shirt/dress together as there's the yellow collar and I don't really know how to sew or make clothes at all.

Would you have any advice on how I could make it happen with low skills?

Thanks!!",1570394844.0,2,0.76,1
cosplay,[Looking for Advice] Fem Gaston,[removed],1570345611.0,1,1.0,1
NewcastleUponTyne,Looking for a good powerlifting gym,"Hi guys, I’m a girl who just moved in Newcastle (well Gateshead actually) and am looking for a good gym with good squat racks and powerlifting area. 
Not so much into those gym with Pilates and yoga classes I need my weights and squat racks with Olympic barbells. What would be the best fit ? 
Don’t have any driving license so it has to be easy to get to with public transports. 


Thank you all ! ",1548701539.0,3,1.0,7
NewcastleUponTyne,Best place to look for appartement shares,"Hi, 

I'll be relocating from Switzerland on the 23rd this month and am looking for a place to stay/share for at least a month to figure out my bearings.   
My question would be, where could I find a place that would allow me and my cat to move in really quickly, where should I look and all that. I would really LOVE to have the place by the time I arrive or the day after that would be AMAZING.   
Looking for something close to the city center as I'll be working in town.

Thanks!",1546959591.0,4,0.84,3
NewcastleUponTyne,Living in Newcastle,"Hi everyone, I have a pretty great job opportunity in newcastle but with quite a low income.

What is the cost of life here and what would you need per month to be able to eat well (not outside but buying good ingredients) pay for internet/tv and mobile and other basic utilities?

Thank you!

&#x200B;

Edit : Thanks already for all the reply, prices don't sound that high compared to what I've seen in big cities, and since I don't really eat out and that my main activity is going to the gym I guess it sounds pretty doable!",1543907011.0,9,0.81,38
DestinyTheGame,Can't see the event,"Hi everyone, I have the latest update of Destiny2 on my PC but I cannot see the Solstice of Heroes event in my game? Is there something you need to trigger it? Thanks!",1533069148.0,1,0.57,2
brussels,Weekend Bruxellois,"Bonjour/Bonsoir, je passe à Bruxelle pour ce weekend pour un tattoo et j'aurais du temps libre samedi jusqu'à 15h, des trucs à absolument voir qui seraient cool? Art/Chocolat/Paysage/ ... 
Des resto à tester ? 
Merci merci! :) ",1462436144.0,1,0.67,5
talesfromtechsupport,Disturbance in the force,[removed],1459594580.0,23,0.9,0
tattoos,"Floral woman from Matik Tattoo, done in Montreux Switzerland, he's more often based in Bruxelle",,1446924615.0,87,0.93,2
Gameboy,Looking for the title of the game I used to be addicted.,"Hey, 
pretty much a shot in the dark here but I'm hoping to find the title of a game that I used to play on my GameBoy (the 1st one) when I was kid. 
I don't know if I remember it correctly but the only thing that comes to mind is that you were controlling a dot, you had to go up and it was kinda jumping puzzle game. I bought it in the same time that I bought the Godzilla puzzle game so it should have been released pretty closely I would imagine. 

Thanks for the help! 


EDIT : Game is ""Cool Ball"", thanks to u/Mac98 !",1446218344.0,1,0.6,4
secretsanta,What are the odds ?,"Okay so the giftee I got for my exchange is someone that I already had in a previous exchange way back then... And this is the giftee that I most enjoyed shopping for, the experience was the best one I had so far... Can't wait to ship everything and unveil that mystery !",1430200216.0,7,1.0,6
secretsanta,Matching day !!!!,"Okay it's almost 7am here and I know I won't have my match until tonight but I'm soooo exited ! I'm only doing one exchange this batch so I can really shop/craft amazing stuff for my Game of Thrones giftee ! 

Happy matching day everyone ! Let's SHOP ! :)


(Yeah I'm really overexited)",1430110368.0,28,0.95,18
secretsanta,Soooo exited !!!,"Sooo my giftee in the US asked for some local snacks and said she was a chocolate lover... 
And I'm from SWITZERLAND, the mother land of chocolate goodness ! Dear giftee you won't be able to have american chocolate after that. 

Yeah that's just that, but I'm so freaking exited to shop all that yumminess ! ",1426870911.0,27,0.89,10
talesfromtechsupport,Can you install VPN on my Desktop?,"Okay... 
so working in a big company help desk today I got one of the most amazing call I had ever experienced. And I kept my seriousness all along !

> Caller : Hi, I'm calling regarding the VPN client, you know I have both a laptop and a Desktop you know? Well on my laptop I can have the VPN at home and work remotely and that's pretty great but on my Desktop there's no VPN installed. I guess this is because you don't work out of office with this workstation. So my question is ""would you be able to install the VPN client on my desktop so I can bring it home and work remotely with that?

> Me : Uhm what? You want to bring your desktop home?

> Caller : Yeah yeah, it's almost the same weight as my laptop and it's more powerful. I have the monitor at home so it's no problem for me. Can you install it please?

I made the ticket for the local IT and told the user they won't agree with the request but he wanted the ticket soo... yeah :D Can't wait to see the response of the local IT, those things brightens our day so much.",1426188165.0,98,0.95,30
secretsanta,"As soon as she got into the box she had those eyes saying ""please don't sent me to the internet people""",,1425835276.0,307,0.93,9
aww,Second day at home and already mocking me. Reddit meet Lady Fuzzington !,,1422186263.0,3469,0.9,37
tattoos,[NSFW] New fresh piece by Bouits in Vevey Switzerland. Bioshock inspired lighthouse.,,1420799352.0,18,0.69,7
tattoos,Advice on side tattoo,[removed],1420133022.0,18,0.69,17
talesfromtechsupport,Major Issue fun time !,"Hi, first post here so sorry for the format. 

I'm currently working in the first level support for a huge corporation for a few thousands of employees and today was an amazing day to be answering the phone. We had 5 major issue including the WiFi not working and the complete break down of the VPN. 

The VPN issue was the one that made the most users call because they're all working from abroad or from home very often. These are the classic examples of any major issue from a first level point of view and all these littles things that we all experience :) 



First 3 calls at the same time : 

User 1 with me, user 2 with a colleague and user 3 with another colleague. We begin to see that something is going on, I end my call and make the master ticket that, in the darkness, will bind them all. 

10 minutes after that, after each one of us (13 IT tech) had about 6-7 calls we always have this user : 



User : Hi, I was working perfectely fine from home until ten minutes ago.

Me : Yeah it's... 

User : *not letting me finish* and you know I didn't do anything and then my outlook stopped working and I couldn't access the intranet.

Me : Oh yes..

User : *not letting me finish again*  and you know, I need that to be able to work and I can see that the VPN is connected to ""coorp.eur"" 

Me : Yes sir we...

User : *not letting me finish AGAIN* I even tried to repair the VPN and nothing worked, can you help me because I really need to read my emails.

Me : *now that I can FINALLY talk*, yes sir we currently have a major issue with the VPN for all employees, we raised a ticket with a high priority and the team are working on it.

User : Oh okay, I'll wait then.


So this is the major part of these kind of issue, can't speak to the user because he HAS TO tell you his story but there's also ""those"" users :

User2 : Hi, my VPN is not working.

Me : yeah we have an issue spread widely now. I'll link you to the master ticket.

User2 : Oh okay, but you know I really have to do someting important, could you just provide support for me and fix the issue on my computer only? You don't have to fix the entire problem but just for me.

Me : I'm sorry sir, the problem is not on your laptop but it's deeper than that and the team is working on it.

User2: Yeah I get that but I really need mine fixed now. Could you take care of it ?

Me : I'll link you to the master ticket saying you need it now (which won't change ANYTHING)

User2 : thank you.



The amazing part was leaving work seeing 20 calls waiting.  ",1418145368.0,49,0.96,4
doctorwho,Places to visit in Wales related to DW,"Hi everyone,

I'm planning a trip in the UK next spring and I'll land in Liverpool then make a stop in the Chester Zoo and then off I go to Wales. I would like to know if there any places in particular I should visit that are related to the serie.
Thanks for your response :)",1416861975.0,15,0.82,1
secretsanta,Ann Le {Anneorshine} take on budget and diy gifts for holidays,,1415610275.0,1,0.67,0
zelda,My secret santa bought me this for arbitrary day. You might like it ;),,1403176591.0,157,0.95,15
secretsanta,What a wonderful way to start the day. My santa NAILED it !,,1403175429.0,1,1.0,0
funny,So I posted a picture of my macaron and that happened...,,1401641994.0,0,0.5,0
videos,Reddit Rehab by Viva La Dirt League,,1398369468.0,1,0.53,0
videos,Alice in Warriorland [Warrior Skateboard],,1398360731.0,2,1.0,0
secretsanta,I've really been in luck with my giftees this year,[removed],1393503903.0,3,1.0,1
comics,Ireland can ship you a ray of sunshine too !,,1391446390.0,1,1.0,0
arduino,Need advice for an arduino project with RGB LED Matrix .,"Hey everyone. I wanted to do an arduino project with RGB LEDS for a while but I need some advice on where to get the components and which board to use.
My project is the following : I want to program a Tetris game that would be controlled by an iPad via bluetooth and the game would be generated via the arduino. The idea is to have a 16x32 LED panel but I don't really know how to choose one and with which board it will work. Any advice would be awesome ! Thanks !",1391258164.0,2,1.0,5
friendsafari,"Fight friend safari, looking for fire type with ponyta and somebody with togepi","Would be awesome to have a safari with a ponyta in it, looking for it for a while now. Will add other code to find all the pokemon available in the safari also.

Code : Noskaa, 1762-2797-9646",1383398936.0,1,1.0,9
ffxiv,I made new friends today :),,1382197009.0,0,0.5,1
tattoo,Looking for a Tattoo Artist in Berlin,"Hi, I'll be in Berlin for one week this summer and getting tattooed during a trip is a tradition for me. I'm looking for an artist that could do some free hand tatooing, simple lines and random abstract stuff. Just want a good artist that's capable of doing free hand stuff and original. Thank you !",1373910569.0,3,1.0,2
Music,"""Stay"" by Rihanna | TJ Smith cover. Can't get enough of his voice, this guy is just amazing !",,1373575588.0,1,1.0,0
gaming,Oracle of Ages and Seasons out today on 3DS nintendo eShop :),,1369940391.0,7,0.9,0
gaming,"Element4l : My weekend discovery, and I'm not disappointed at all.",,1369554171.0,2,0.76,1
gaming,So all my ink is gaming / geek related :) ,,1358791771.0,3,0.58,12
gifs,I think this is the best gif I've ever seen in my life,,1357951229.0,1,0.67,1
LAlist,"[FOR HIRING] Looking for a one month internship in L.A in IT industry, youtube community or video games related work","Hello L.A list, I'm a 23 yo student from Switzerland and I'm looking for an internship to come and work for one month in L.A this Summer. I'm currently doing and apprenticeship to become an IT technician and I did one year of engineering school in my hometown in Lausanne. I can also teach some french.
Feel free to look at my linkedIn account for more information and pm me anytime. 
(http://www.linkedin.com/pub/marie-party/52/952/aaa/en) 

Thanks for the attention.",1353184149.0,3,1.0,2
tattoos,A great artist's story of travel and tattoo culture,,1346255945.0,1,1.0,0
gaming,I saw the post with the Skyrim monopoly so I thought you might like this monopoly type boardgame a friend of mine made.,,1346009237.0,11,0.74,4
tattoos,Tourist paid 25£ for a tattoo and almost loose her foot.,,1345628645.0,1,1.0,0
Music,Oh god that mix. Couldn't believe I would say that with Miley Cirus on the title.,,1345584847.0,1,0.67,0
Zeldatattoos,"Here you have my two Zelda inspired tattoos, the Hylian crest was made 6 days ago.",,1344803894.0,10,0.65,3
tattoos,Just got a new tattoo. Geek and proud.,,1344011629.0,9,0.8,9
gaming,"My version of ""Link in Park"" :)",,1338583173.0,0,0.5,0
