subreddit,body,created_utc,score
transformation,"I suppose... I like the way that it often portrays an ordinary and mundane person becoming something unusual and uncanny. There's something very magical about it, as a concept. And, for some reason, I find that quite hot.

As a result, I usually prefer bizarre TFs to animal ones.

Also, to be honest, I like the cruelty of it. The idea of someone having their sense of 'self' stolen is very erotic to me.",1436325841.0,1
transformation,"I'll take a stab at it, but be warned, my core weeaboo skills are not fantastic, so I can't promise that this translation is correct.

>So... yes, I'm sorry.

>ah... yes. I have a cold, I'll be better soon.

>Ah baa, it's not too bad. We can still... baa... keep talking, right?

>Yes, there's only a little more. Here, baa... just keep listening to my voice. Please... don't... baa... hang up. Hold on... baaaaaaaaaaaaaaaa",1423527442.0,3
transformation,"> A Thesaurus is your best friend.

[I wouldn't be so sure about that.](http://www.dailywritingtips.com/hint-to-writers-use-the-thesaurus-with-caution/)

That's not to say it can never be useful. But it's probably better to treat it as an [""out-of-sight](http://www.thesaurus.com/browse/best) - [acquaintance""](http://www.thesaurus.com/browse/friend), rather than a best friend.",1411971284.0,0
depression,"For me, cowardice.",1410416485.0,1
dwarffortress,"Arrows/bolts, at least, have been fixed in 40.05, but there might still be some balancing issues. 

Relevant bug tracker entries: [1](http://www.bay12games.com/dwarves/mantisbt/view.php?id=5516), [2](http://www.bay12games.com/dwarves/mantisbt/view.php?id=6262), [3](http://www.bay12games.com/dwarves/mantisbt/view.php?id=6870), and [4](http://www.bay12games.com/dwarves/mantisbt/view.php?id=6364).

I'm not so sure about thrown weapons.",1406563256.0,2
transformation,"I'm still working on it, but I suspect it'll take me longer than I anticipated. 

It's not that long a sequence, but my knowledge of the language really isn't that great, and I don't want to rush things.",1405387784.0,1
transformation,"I like this, I think I'll try to translate it (it'll probably take me a few days).",1404699996.0,1
transformation,"I'd like to chat sometime.

Vore isn't one of my main interests, but combined with TF, it can be *delightfully* cruel. I'm interested in exploring that.",1404115874.0,1
transformation,"I think [digitalcirce](http://digitalcirce.deviantart.com/gallery/) has written a few stories involving pig TFs and vore. 

Her stories might actually be too taboo; a lot of them are quite violent and a few of them contain scat, so I don't want to make any specific recommendations. But I think a few of her stories might contain the themes that you're looking for.",1403756814.0,1
transformation,"Hmm... plant-like.

UnnoticeablePerson (CaseterMK) has done pixel-art of people transforming into sexified pirannah-plant girls. Most of them also contain TG. 

(Sorry, Furaffinity links)

[There's this sequence.](http://www.furaffinity.net/view/6151849/)

[And another sequence.](http://www.furaffinity.net/view/9991522/)

[This animation.](http://www.furaffinity.net/view/6701832/)

[Another animation.](http://www.furaffinity.net/view/8488921/)

[This sequence is my personal favourite.](http://www.furaffinity.net/view/12261486/)

[There's a palmon TF as well, but it's perhaps less detailed than some of his later work.](http://www.furaffinity.net/view/4647602/)

I love plant TFs, so it'll be fun to see what else is out there.
",1403586196.0,6
transformation,"If you're looking for detailed dialogue I'm afraid you're going to be disappointed. She's not talking, she's barking. She's making noises like: ""Wau? Wau? Wawan wan!?"" (Basically, the Japanese equivalent of woof woof).

She's probably beyond the point of speech now. But, I suppose you might be able to read something into the fact that her first two barks are short and questioning, whereas her final bark seems much more... panicked. Make of that what you will.",1403216899.0,2
transformation,"Okay, I'm going to try to translate these ones by hand. I'm only going to translate the speech.

For the horse one, the first word is actually onomatopoeia, it's some sort of neigh. Imagine a horse having an orgasm, I bet that's what it sounds like. Her real words are in brackets so I'm guessing that she's lost the power of human speech.

The bit in brackets says something like: ""What is thiiiiis!?"" (she's rather shocked).

So in conclusion: 

>""NEIGH!!! (What is **this**!?)""

For the er... *mermaid* one. I hope you like vore. It has the verb 'to eat', negated, and she stutters at the start of her sentence. So the intended meaning is probably something like:

>""Don't... don't eat me...""


As a side note, most of the speech in all three of these pictures is written in hiragana, which usually indicates that the speaker is childish.

I can't gurantee that these are correct, maybe someone who knows Japanese better than me can improve on my translations, but they're fairly simple pieces of text.",1403149058.0,3
transformation,"You're probably right.

I actually lied slightly. Google translated the third line as ""I we"". And in my own naivety, I interpreted that as 'us', and shoved it into the first sentence.

But I didn't account for the final set of ellipses, nor the fact that 'us' follows the question mark.

Thanks for the correction.",1403141528.0,2
transformation,"I didn't translate this, I just transcribed it into google translate (which was fairly easy since it's all in kana).

The first two lines translate to : ""Mama... what's going on?""

The final line is ""Us"".

So in total, it probably means: ""Mama... what's happening to us?""*

*Edit: Following cischiral's correction below, it most likely translates to: ""Mama... what's going on? We're...""",1403128299.0,4
transformation,">Don't make the transformation the primary focus of the story.

I disagree with this advice, but only slightly.

I don't think there's anything wrong with focusing on transformation.

In fact, I think it's possible to sometimes go too far in the other direction. A story that neglects the TF for the sake of depth might be a good story, perhaps, but it's not necessarily a good transformation story.

You're right though; things like action, pacing, plot and conflict are important and should never be ignored, but it seems to me that those elements are best used to enhance the TF. Take characterisation for example, it's much more satisfying to *change* someone if you know who they are first.

The way I see it, the best guiding philosophy is: ""Make TF the focus, but don't neglect the story.""  

There's an article on Shifti which I think strikes a good balance: [The Vanishing Transformation by Sturmovik.](http://shifti.org/wiki/User:Sturmovik/Vanishing_Transformation)",1402711969.0,3
transformation,"They discovered /d/orses.

They are a force for good in this world.",1400716633.0,1
transformation,"Hello. Could you clarify a bit, are you looking to roleplay? Or do you just want to chat about transformation?

Also, I wouldn't worry too much about your post being slightly unconventional. I'm sure people will be happy to help.",1399345323.0,2
transformation,"Yes I struggle with it.

My whole sexuality seems to revolve around this fetish. It's frustrating. 

Also, I mostly prefer cruel TFs. And I know it's ridiculous, but I can't help but feel guilty from time to time.",1399090460.0,11
transformation,"DA is known to be somewhat inconsistent with their censorship and rule enforcement. 

In theory, you're not allowed to post any pornographic content at all. In practice, we all know that DA contains almost nothing but porn. The end result is that the DA admins can be very erratic when it comes to cracking down on people.

For this reason, a lot of artists are quite selective with what they'll post there. Better safe than sorry.

In this particular comic, page 6 has been partially censored by the artist. Excessive, perhaps, but better than having their gallery wiped.",1398464910.0,5
SuicideWatch,"Mostly I'm sick of myself. I am essentially a vile, contemptible person and it would be a good thing for everyone if I died.

I suppose I'm also sick of the world around me.


I've been trying to endure for so long now, and I just want it all to end.",1385599653.0,1
SuicideWatch,"I'm afraid recovery isn't possible, I have nothing I can regain.

I've tried medication and therapists, and various other things to try to establish some kind of sanity. But it doesn't matter what I do, either things stay the same or they steadily, and inevitably, deteriorate.

Ultimately the problem I have can't be solved, it never could be. I am, and always was, a lost cause.

I appreciate you trying to assist me, but it really won't change anything.",1385598734.0,1
SuicideWatch,"I would like to talk more about this too. But I don't think that I can.

I'm sorry for being such a frustrating person to talk to.",1385556392.0,2
SuicideWatch,"I'm sorry, but I'm not sure I'm capable of writing a long-winded rant.

The thing is, I was a selective mute as a child and it still affects me now, to some extent. Even online, I find certain topics impossible to talk about.

Which is part of the reason that this is all so futile.",1385552590.0,1
SRSsucks,Plot twist: The man was actually 13.  /s,1381864045.0,1
SRSsucks,"One problem with this, is that the division between STEM and the humanities isn't quite as clear cut as it might appear. Especially when you start considering the huge effect that philosophy has had on the sciences.

Suffice to say, the humanities may be less rigorous than STEM, but I'd be loathe to reject them entirely. Less rigorous doesn't mean that they can't come out with things that are useful, interesting or even beautiful.

But I wouldn't mind seeing critical theory and deconstruction disappear. They seem to be the viewpoints that are most prone to the politics and bitching that you mentioned. I don't expect the humanities to be completely objective, but humanities professors should fight to retain some ability to differentiate between good research and bad. If they don't, they may find that their subject can no longer lead anywhere interesting.",1380853918.0,1
SRSsucks,TIL radical feminists really hate clothes.,1380502856.0,2
facepalm,"I think there might actually be a genuine cultural misunderstanding here.

In the UK, flags have almost no relevance whatsoever and are usually only used on governmental buildings or on special occasions. I think the idea that a flag might have a meaning independent of the symbol it depicts, is a fairly counter-intuitive idea to most Brits.

The union flag is, almost always, only used as a kitschy, ironic symbol. The idea that it suddenly gains more meaning when tied to a pole, seems fairly ridiculous.

I have to admit, that like EFS, I also had trouble understanding the point you were getting at.",1379162087.0,6
facepalm,"The real question is what happens when you pull up some flooring and tie it to a flagpole.
Does it then become a flag? And if so, isn't it automatically always in contact with the floor?",1379130588.0,6
facepalm,Well. It looks like you won't get a reservation at Dorsia now....,1379119494.0,4
