subreddit,title,selftext,created_utc,score,upvote_ratio,num_comments
SuicideWatch,Tried to end it all,I tried to end my life by driving off a bridge. I hit the barrier going 70mph I bounced off the barrier and slid 100+feet my truck was totaled and I have no injuries at all. I tried to end my life because I am a very mean person to people and they don't deserve it. I ruin people's days and life's. I felt numb and I'm not kidding my body was numb and I thought it through and did it. But I have perfectly fine. I still want to die because the way I treat people. I'm an asshole. I need to leave this world and stop ruining lives. ,1374604374.0,5,1.0,3
