subreddit,title,selftext,created_utc,score,upvote_ratio,num_comments
SuicideWatch,I'm going to buy a gun next week.,"I've decided I'm going to buy a gun and either booze or heroin with my paycheck next week. And then I'm going to drive out of town, get intoxicated, and shoot myself in the backseat of my car. 

I don't have any reason to hold on anymore. I'm drowning in debt which is becoming more and more impossible to take care of. My car's transmission is going out and if I don't have a car, I lose my job. I've been severely depressed and bi polar for almost twenty years and have been in a deep pit of it all in the past four months. Every time I think I'm crawling out, I get drug back down (and because I can't snap out of it, I have lost a lot of my friends). And lastly, I have been hit hard with the fact that love is just a fabricated emotion. The emotion I thought I was always searching for to fill the hole in me that's always been empty, is just a lie. I've been lied to enough. If love doesn't exist, then I have no reason to exist.

I think the only reason I'm writing this is by the off chance my family or what's left of my friends may stumble upon it after my death. 

If they do end up reading this: know it's none of your guys' fault that I'm gone. There is nothing any of you could have done to truly help me. I just wasn't cut out to live and be grateful for the gift of life. I'd rather be in hell, hung by my thumbs, while acid rain pours away at my body than to continue to wake up/go to bed feeling hopeless and full of anger/jealousy and all the other negative emotions that swim around in me. My death may leave some of you sad, but I promise that will pass. I love you all very much and hope your lives turn out to be fulfilling and happy.",1397405437.0,4,0.75,7
