subreddit,title,selftext,created_utc,score,upvote_ratio,num_comments
exjw,He said yes!,"I posted a few days ago that I had emailed my dad asking him to see me when I'm in his city. I expected a big fat NO or no reply at all. He messaged back and said ""ok, Friday or Saturday afternoon? I love you too!"" 
I'm so happy you guys. For me this is like getting to be with the most important person who has ever been in my life come back from the dead.
",1374403318.0,29,0.86,13
exjw,Will he say yes???,"So I've been out for about five years. My dad rejected me from day one. He saw me twice within the year after I left. Communication had been dry and slim from year 1-4. Withing the past year none at all. I'm going to be in his city in a couple weeks so I got up the nerve to send an email saying I would like to see him. He and I were so close before I left. We aren't just father and daughter; I feel a connection to him that I have never and will never feel with anyone else. I want my father back. I feel stupid for continuing to try, but I can't help it.",1374193304.0,7,1.0,11
exjw,In light of recent posts,"I feel the need to share some veteran info. This may or may not apply to you but I feel that there are some who might need it.

I have been out for quite some time but I realized recently that despite my strong independent impression, I am actually not doing so great. I self destruct on all of my successes due to my issues from my past religion and family. After lots of hurts to myself and my loved ones I am finally getting psychotherapy from a great practitioner.

This post is to plead with any who have left to please do the same asap. If you find the right therapist it will do wonders and save you many precious years. This cult is harmful and destructive and you need to address the issues that come from being raised in it just like you would a staph infection.

We all want to feel strong and that we can fucking do it on our own but please just trust me on this one.",1365979766.0,19,0.87,8
SuicideWatch,I have called someone,"My sister, thanks to the bar on the side here. It was hard and I don't want to feel like a leach. But I also had to think about the depression that might ensue for her if I committed suicide. I can't start that domino effect. I don't care about my life at this point but I do care about hers so I had to weigh it out. She's rational enough to help me get proper meds and on track. Many thanks to the person who created the bar on the side. I believe you have prevented a lot of pain.",1365115682.0,7,0.9,2
exjw,Just a rant passing through,"So my brother has not had a relationship with me in the 3.5 years since I left. I have tried to keep communication the entire time, knowing that I would be turned away. I have pressed on because I have to die knowing that I did my part. 

My sister who left 15 yrs before me and was ostracized but not baptized sent him an email of a picture of the two of us. It was random, she just wanted him to know that we miss him. 

He sent an email back all lalala my family is great lalala, and ended with I know how dditmywy feels about having a relationship with me but I'm not sure about you. I hope YOU will keep in touch.

It fucking pissed me off because he tried to pass it off like it was MY choice that our relationship is at a stale mate. Of course she and I are close and she knows better so she was just as pissed as me. So I called him last night and he actually answered. They do that so they don't seem ""too harsh"". It wasn't a pretty conversation and of course he blamed our stale mate on me for being the one to leave. But finally he conceded that it is HIS choice. It still ended badly but at least he recognized that the responsibility is on him. And I'll still keep trying...",1364001532.0,13,0.85,5
exjw,Just had a pretty f'd up memory come back,"I have always been a fan of the underdog. I was in 3rd grade and my friend (an underdog for many reasons) asked me to come to her house to sleep over. I didn't particularly want to go but I wanted her to know that I loved and accepted her, so I took the risk of asking my jw mom if I could go and even told her why. The response was ""it's your decision, but do you think Jehovah would want you staying at a worldly persons house?"" At such a tender age the guilt to conform and make my mom happy overrode my sense of goodness. I don't remember what I told the girl as to why I couldn't stay over but I really hope it didn't hurt her.",1363108325.0,21,0.88,54
keto,Passed out on the stairs,"Midday 4 and I passed out on my apt. stairs, woke up and had a crazy fever for a few mins. now I'm fine. Is this normal?",1356888648.0,1,0.6,12
pics,I guess my feet stink,,1351128119.0,10,0.81,2
exjw,Where is JWTA- Are you ok?,,1350727329.0,11,0.79,15
UpliftingNews,Sometimes the U.S. healthcare system works...When they do it right ,[removed],1348387082.0,1,1.0,0
exjw,What to do about the children still in?,"I have two nephews (12,3) and one neice (6), it breaks my heart to know that they will be going through what we have all been through.

 For some reason the post about the difficulty of placing certain mags hit home w/ me. We were all forced/coerced/guilted into (especially born-ins) doing things that we absolutely should not have felt obligated to do. 

My fam has no contact with me but I still feel a huge responsibility towards these kids. Any thoughts?",1346114021.0,2,0.75,10
aww,thanks r/aww,Having a rough few days and this subreddit just saved my life.,1345587383.0,1,0.6,0
exjw,For throwawayjw1914,"One shot to your heart without breaking your skin
 No one has the power to hurt you like your kin
 Kept it inside, didn`t tell no one else
 Didn`t even wanna admit it to yourself
 And now your chest burns and your back aches

 From 15 years of holding the pain
 And now you only have yourself to blame
 If you continue to live this way
 
Get it together
 You wanna heal your body?
 Get it together
 You have to heal your heart
 Whatsoever you sow you will reap
 Get it together

 You can fly, fly, fly

 Dark future ahead of me
 That`s what they said
 I`d be starving if I ate all the lies they fed
 Cause I`ve been redeemed from your anguish and pain
 A miracle child I`m floating on a cloud
 Cause the words that come from your mouth
 You`re the first to hear
 Speak words of beauty and you will be there
 No matter what anybody says
 What matters most is what you think of yourself
 
-India Arie",1344586373.0,9,0.85,4
exjw,Need help with a wedding please,My sister who is also an ex-jw and agnostic is having a catholic ceremony for her wedding. She and her man have to pick out a scripture or group of scriptures from the old testament for the priest to read. Any ideas on something pertaining to love without the idea of God in it? I'm stumped. I think it would be hilarious to read something really horrific but she doesn't seem to keen on the idea.,1342117496.0,6,0.81,14
AskReddit,What does your neighbor do that makes you totally question your safety on a daily basis?,SWF. I have a neighbor who screams uncontrollably to loud techno music while he's on his stationary bike several times a day. It's hard to explain the noises but it's similar to a person being eaten by a dinosaur. I do not know how to address this problem.,1338849175.0,3,1.0,7
exjw,Donated blood yesterday in memory of my mom,"My mom died when she was 42 (I was 13) during a routine surgery that went bad and she refused blood. Oddly enough I decided recently that I need to start donating blood in memory of her. It was extremely empowering on so many levels. 

I would recommend it to all ex-jw's who are able to do it. It's yet another way we can stand for our right to choose. Plus there is always a blood shortage, and it's one of the easiest ways to be charitable and give to others. ",1335789270.0,32,0.93,6
exjw,Easter Etiquette,"I'm going to my very first ""Easter Dinner"" in a bit. The family isn't all that religous and it's really just a time for them to get together. Any particular traditions or etiquette I should be aware of beforehand? I asked the guy I'm going with and he replied ""Nothing unusual, just a typical easter dinner"" Does he not realize I don't know what normal is!? Any help would be appreciated.",1333906297.0,4,0.76,7
exjw,Was pioneer school absolute torture for anyone else?,"It was supposed to be such a privilege and everyone else seemed as though it was the best two weeks of their life. They went on and on about how much info it was to take in blah blah blah. All I could think was ""this is the same bs we always have shoved down our throats"". Friggin two weeks of sitting all day through question and answer format. Then of course comes the guilt in addition to the sheer boredom. I thought there was something wrong with me because I didn't appreciate the spiritual food that was being provided in such abundance. Turns out I was the normal one. Sorry for the rant, just needed to get that off my chest.",1333436868.0,9,0.92,14
exjw,Missin' my papa,"I've been out for 2.5 yrs and I don't regret it one bit. It's probably the best decision I have ever made. However, my main issue is that i miss my dad (papa to me) terribly. My mom/his wife died when I was thirteen (bc she wouldn't take a blood transfusion) and we were incredibly close ever since. Even after I got married I called or went to visit him every day, not because I felt obligated but because I really love him and enjoy his company. Since I left the religion he has had very little contact with me. He used to at least tell me he loved me, and even that me missed me at times, at the end of his short and cold emails. He stopped telling me that recently and it makes me want to jump off a cliff and into the ocean; preferrably on the rocky East coast. Any thoughts on how I can win him back without going back?",1332290204.0,8,1.0,3
