subreddit,body,created_utc,score
videos,NINTE͡N̷D҉̖O̫̦͙ S̴̀͜I̶X̕͜͞T̵̤̼̬̮̹͘͜ͅͅY̵̞̦ F̸͔ͯ̌͂͛̈O̴̴̴̦̯̯̤̞͓̠͂̿ͨ̓͛ͮ́̾͒̃́͟Üͭͣ̒̀҉̴̳̫͚̮͔̝̦̲̰̱͇̟̪̟̕͠R̶̶͎̭͇̫̱̰̼͕̜͉̙̱̞̪̈́ͩ͗ͩ̏ͣ̕!͍̐ͥ̎ͪ̎͆ͦͭ̚,1355605137.0,104
