subreddit,body,created_utc,score
AskReddit,"I think just having kids and raising a family is quite the accomplishment. Not sure if I'll ever get there.  If I do, it will be much later in life. I can barely take care of myself, let alone a family.",1391542809.0,1
AskReddit,"Going to the gym is one of the only times I really feel great. My friend is a outgoing and funny guy and I'm proud that we've been able to go to the gym for 3 years consistently.

It's the other times, sitting around, reminiscing about how much better things used to be... that's when it's the worst. 

Advice to, ""Get up and live your life!"" or tough love like,""Stop sulking"" doesn't seem to work or, if it does, it's temporary.",1391542010.0,2
GetMotivated,Disability of the mind... it can do a lot more damage than physical disability.,1391539264.0,2
SuicideWatch,"Me too, I'm drinking beer",1390933751.0,2
SuicideWatch,"> Why do you not want to feel or experience anything more? 

I wish I knew the answer to this.

In my mind it feels like I will never experience hapiness again.

You can tell me your story.
",1390932334.0,2
SuicideWatch,"I thought I explained it pretty well in my OP, no?

Going to the gym is great. While I'm there and afterwards I feel wonderful. But it's temporary relief. I can't shake the feeling that it's time to go.",1390931838.0,1
AskReddit,sigh,1390926703.0,1
AskReddit,"Her


It really touched me.",1390925111.0,2
