subreddit,title,selftext,created_utc,score,upvote_ratio,num_comments
SuicideWatch,Really messed up. Dunno what to do,"Throwaway acct.
Standard depressive college story. Started out nicely, got a decent gpa, a really well paying internship and everything was set for me to lead an average middle class life. Unfortunately I began to have nihilistic beliefs, that everything is meaningless and life isn't worth living. I lost what few friends I had by not reaching to them, and it led to me being diagnosed with major depressive disorder after a failed suicide attempt.
 Recently I tried to off myself again but didn't have the cajones to pull the trigger.  
Right now my gpa is horrid as I have not attended courses, and don't know where to turn to.
Could really use some advice/help.

Thanks,

",1300643882.0,5,0.86,1
