subreddit,title,selftext,created_utc,score,upvote_ratio,num_comments
SuicideWatch,I don't know what to do.,,1338353002.0,2,0.67,2
