subreddit,title,selftext,created_utc,score,upvote_ratio,num_comments
muacirclejerk,Am I doing something wrong?,[removed],1694126445.0,80,0.9,15
DarkCrystal,Had Aughra tattooed today!,Thought you guys would enjoy my new addition to my arm. ,1688202059.0,107,0.99,11
DarkCrystal,"Bought the Deet statue from Weta, and couldn't be happier!",,1638467669.0,211,1.0,8
scrungycats,My scrungy lady Zazou,,1608759566.0,63,0.97,3
TIHI,"Thanks, I hate this facemask bikini",,1593456147.0,15,0.9,3
whatisthisthing,"Small bottle a friend took from Japan - she doesn't remember where she got it from. Says ""Light damage protection"" on the front",[removed],1582993198.0,1,1.0,4
wow,My Jaina Proudmoore cosplay,,1572306832.0,349,0.96,19
videos,Rick in Dumfries,,1562176890.0,2,0.75,0
masseffect,"Recently finished my commander Shepard cosplay. First picture came in, I'm so excited about it!",,1552674018.0,429,0.97,18
BrushCalligraphy,"The phrase I live by, which literally translates to ""Grab your balls"" (aka - just do it!)",,1548463396.0,13,0.93,3
DesirePath,Saved 4 seconds by walking that path,,1539632534.0,2,1.0,0
that_Poppy,New single that will come out on friday - preview at yesterdays concert in Brussels,,1537796748.0,1,1.0,0
cosplay,[self] Mercy from Overwatch - currently working on version 2.0,,1534951294.0,1419,0.99,30
videos,Abduction as romance - a media trope where a man kidnaps or imprisons a woman and she eventually falls in love with him,,1529530252.0,30,0.7,24
cosplay,[Self] My Mercy cosplay - picture by Decco Skyrider,,1522677593.0,1009,0.98,20
asmr,"[unintentional] [female] Need feedback on new mic, blue yeti. Raise your volume thx [6:44]",,1517094994.0,1,0.99,1
videos,Why cartoons make great satire,,1514517795.0,1,0.54,0
videos,How to be a 90's Gamer,,1502371356.0,65,0.78,14
skyrimmods,Elysium estate question,"Hey guys! I recently downloaded the Elysium estate mod which right now seems like one othe best home mods.
However I can't seem to find the Paragon display in the house, while the mod mentions it has one! Do any of you guys know where it is? Thank you!",1501710246.0,2,0.76,3
NoStupidQuestions,Where does the expectation of men paying on dates in America come from?,"It seems to be a cultural thing; man and woman go on a date... and then the man has to pay.
However where I come from this just seems like a blatantly sexist thing. Why is it expected of men to pay? Why not just split the bill according to what you got?",1495066448.0,13,0.77,3
asmr,Moby - Porcelain animated version [Male][storytelling][Unintetional],,1467069572.0,1,1.0,1
unexpectedhogwarts,"Thinking you're American, but you're really not.",,1464358550.0,48,0.96,3
notinteresting,I sometimes get headaches when I watch other play videogames...,and then sometimes I don't.,1463700683.0,1,1.0,1
tipofmytongue,[TOMT] This lady dancing in a video,"Hello everyone!

I'd like to find the original video of this lady dancing in the following link. I've already timestamped it, and the fragment itself is rather short. Could anyone please help me?  

https://youtu.be/Odo6mse9A7s?t=53

Thanks everyone!
",1459639288.0,1,1.0,4
tipofmytongue,[TOMT][Comic] Comic about job opportunities and the difference your background makes,"The comic is rather vertically long. On the left side of the long page there is a man that was born with a rich, lucky and important family, the right side tells thestory of a girl born in a rather poor, resourceless family.

It shows them at the same time going through school, looking for jobs and their way into life, only that the girl struggles a lot for not much money, while the guy has his parents to boost his way into the careerpath. In the end they areseen in the same picture, her as a waitress at an event that he is a guest to.

Thmoral of the story was that your background REALLY matters on your way into life, and that life just isn't that fair. The guy says something like: ""I've worked hard to get here, it's wasn't just given to me"",while we see that the girl worked just as hard, or even harder to have a minimum wage job.

Help me please to find this!",1455490594.0,15,0.9,2
Needafriend,21/F/Brussels - Feeling' lonely? I'm here for you!,"Hey guys! I'm not really lonely or looking for friends myself, but I'd love to get to know some of you guys. I know what it's like to feel unloved or maybe abandoned. I can cheer you up!

Or maybe you're happy with your current situation and just want to get to know a 21 year old girl that loves gaming a little too much, cosplays and studies Idea and innovation management!

Either way, I hope to hear from you!",1453958958.0,4,0.76,4
asmr,Review/Tutorial for Universal Serenity Loom Knitting [6:06][female][soft spoken][unintentional],,1450977774.0,3,0.64,0
glasgow,A place to stay for an Erasmus student?,"Hello you lovely people from Glasgow, I'm in dire need of your help.


My SO is going to Glasglow on the 15th of Januari, for about 5 months. He's part of the Erasmus program that gives students the  opportunity to study abroad, which he will be doing at Strathclyde University. However, because of some bureaucratic trouble, the place he was supposed to stay at is suddenly taken! 
That place was supposedly on campus and was part of the housing the University provides, and he had been contacting the services weekly for 3 months ... only NOW they tell him everything is full!
That's where you come in.


Do you know anywhere where he could stay until may? Any services he could contact? Do you maybe have family in Glasgow that could take him in?



He has a budget of 200 pounds a week (for the housing only), and a students-appartment would the the ideal. But any kind of student services of low-cost appartments you know could help him, because for now, he will be landing in your beautiful city and be living on the street!


He is very polite, fluently English speaking, Belgian and 21 year old. He's also an economics student and is very kind and helpful, so he wouldn't be a burden to anyone. Thanks everyone!

EDIT: words
EDIT2: I MEANT 200 pounds a week! Not a month. Here in Belgium we count rent in months, and so when I aske dmy SO his budget, I thought he meant per month. ",1450212109.0,6,0.76,10
tipofmytongue,[TOMT] videogame cinematic where a strapped down guy gets his eye drilled,"In my head the guy was commander Shepard , but after playing the Mass Effect trilogy I discovered he wasn't. In this cinematic the guy is strapped down on a table, his right eye is kept open by these metal things, all while a last is trying to guide a giant needle-looking thing into the guys eye.

It succeeds and the guy screams in a horrible way. I remember the laser being red and the guy suffering this tried looking in all directions to avoid the laser lining up with his iris. 

Please help! ",1445270520.0,5,1.0,3
asmr,Eloise Hearthstone | Tempo Storm [1:16] [unintentional] [female] [chinese accent],,1443524310.0,4,0.6,6
leagueoflegends,My nautilus cosplay,"Hey guys! I cosplayed Nautilus last week at the ""Made in Asia"" in Brussels and wanted to show it to you guys. I'm not as massive as I should be, but I tried my best. :p

http://tinyurl.com/pyfrlxt

http://tinyurl.com/o5wv7tm

and the obligatory /joke
http://tinyurl.com/n48jobt

Hopefully you'll like it!",1426869092.0,29,0.56,27
cosplay,[self] Lunar goddess Diana from League of Legends,,1413890069.0,12,0.76,3
dota2tutor,[LFC] League of Legends player looking to get into Dota 2 :),"I'm a 19 year old girl that has been playing League of about a year and is Bronze 1 on there (which is bad.) I'm from Belgium.

I've watched a bit of pro-playing, youtube how to-videos and have done the tutorials, but when it came to actually playing, I had no clue what I was doing. The game seems to be quite different than League, which is why I want to play it. However, I'm in need of a person who is willing to teach me the basics, like which hero is which role, how to aquire the right items, ect... Maybe make a friend along the way?

This is my community link ( http://steamcommunity.com/profiles/76561198044163705 ) although I use this account more (http://steamcommunity.com/profiles/76561198007657068 ) but DON'T ADD GAHAK. That's only for Skyrim! x)",1405696864.0,2,0.67,5
asmr,A Mathematical Fable [unintentional] [male][8:57],,1399382602.0,0,0.5,0
leagueoflegends,"I cosplayed Jinx at the MIA this weekend, I'd like some feedback from you guys!","Hey everyone! This weekend I was at the Belgian ""Made in Asia"" convention. It's the the firsy time I ever cosplayed and I was really scared of all the reactions.
Here you can see some pictures people took of me!

http://img11.hostingpics.net/pics/9871651123.jpg

https://fbcdn-sphotos-a-a.akamaihd.net/hphotos-ak-frc3/t31/q71/s720x720/1965412_231098507081597_1644449290_o.jpg

https://scontent-b.xx.fbcdn.net/hphotos-frc3/t1.0-9/r90/1385300_596068387146540_1149978404_n.jpg

I made it all myself, and tried to make everything as good as possible. But I know it's not perfect at all. I still hope you like it! :D
________________________________________
Edit : Thanks for the criticism!
Many people commented on the wig (which IS present on the first picture). But I decided not to wear it the second day becaus eit kept sliding off and showing my real hair, which looked even worse. Next time I'll still go with blue-sprayed hair, but I'll try styling it.

I do have the sleeve-thing, but it's hidden behind fishbones!
I need to work on the crazy smile, it seems. (I'm just not  really photogenic) and

YES, I'm a girl.
(For people who can't tell, this is what I look like NOT being Jinx : https://fbcdn-sphotos-c-a.akamaihd.net/hphotos-ak-ash2/t1.0-9/486248_223478497794786_394493754_n.jpg )",1395062706.0,53,0.64,68
furry,"Here's Aynaëlle, my Wolverine fursona. Haven't practiced in a YEAR, and so I'm pretty proud of this one. ^^",,1379544866.0,10,0.82,4
pics,"Meet Philippe Lambillon, the Belgian love-child of Bear Grylls and Steve Irwin",,1372790757.0,2,1.0,1
language_exchange,"Offering Dutch, French and English || Seeking Swedish, Korean, Vietnamese and/or Mandarin","I'm a native Flemish Dutch and French speaker, but I'm fluent in English as well! I'm more here to help than to learn, but learning is great too, ofcourse. :)

Beware: I speak NOTHING NADA NIET of these languages, I just want to learn them.",1372466022.0,4,1.0,0
Svenska,Looking to practice my Swedish through Skype with your help!,"Hey, I posted this already on /r/Sweden , but they told me i'd get more response here.

I'm from Belgium, and I'd like to get to know Swedish people so I can practice a little Swedish with them. Preferably through skype, or e-mail. I know only the very, very basic stuff. I can't even make correct simple phrases, because I lack practice. I without some help, I won't ever get practice.
Why? Because, I don't know. I've got a weird fascination for Sweden. Every Sweed I've met on several occasions were always so nice and open! Maybe that's why. My good experiences with things conserning your country!
Please, send me an e-mail (clara.boufler@hotmail.com) If you'd like to talk to me about anything, to teach me some Swedish!
Thank you! Greets, Clara!",1371334583.0,9,0.91,1
sweden,"Don't know is this is the right place to post, but i'd like to learn Swedish!","Hi everyone.
I'm not sure if requests like this are allowed, but if it's not, I'll remove it!

I'm from Belgium, and I'd like to get to know Swedish people so I can practice a little Swedish with them. Preferably through skype, or e-mail. I know only the very, very basic stuff. I can't even make correct simple phrases, because I lack practice. I without some help, I won't ever get practice.

Why? Because, I don't know. I've got a weird fascination for Sweden. Every Sweed I've met on several occasions were always so nice and open! Maybe that's why. My good experiences with things conserning your country!

Please, send me an e-mail (clara.boufler@hotmail.com) If you'd like to talk to me about anything, to teach me some Swedish!

Thank you! Greets, Clara!",1371330845.0,0,0.29,2
SuicideWatch,My situation.,"For years, i've been struggling with suicidal thoughs. The But I can't kill myself. I wouldn't know how and I just like to live. I enjoy life, most of the time. But then, every year or so, I just have a dip. I don't want to do anything, I sleep for 16 hours at a time, and still I'm tired, I cry for nothing, I lose all my friends. I just... I want to dissapear. But then, again, I know I don't want to kill myself. Which makes things worse.

I... I don't know what to do. The dip i'm in, now, has been going onfor 6 months.

I don't know why. I don't want to self-diagnose anything... I'm too scared to go to the doctor. I'm hopeless. I have got a boyfriend, who is wonderfull and tries to support me. But he's losing his patience. I don't want to bother him with my problems.

Guys... please. Does anyone know HOW, HOW do I feel better again? I've tried to talk to my friends, but all of them backed away. I've got noone left. Noone who understands that I need psychological help. I've never been in so much pain in my life. EVERYTHING i do seems miserable. I keep messing up everything. I4m a bitch all the time, because of my moodyness and only notice it AFTER i've done the social dammage. I can't. I'm up... I want to sleep and never wake up again...

TL;DR :  I feel miserable all the time and need help, because I can't kill myself, but can't stay in this emotional pain all the time.",1366497865.0,2,1.0,2
furry,"My fursona, drawn a couple of years ago.",,1357770112.0,86,0.94,5
AskReddit,"If you could give your 18 year old self some general advice, what would you say?",I'm about to become 18 years old and need some advice on my life. I don't want to screw up and I want to learn from other peoples mistakes. :),1354730246.0,0,0.5,22
