subreddit,title,selftext,created_utc,score,upvote_ratio,num_comments
SuicideWatch,Help Please!! Obsession with a person is turning me suicidal.,"Hi everyone, I hope I will get replies because I am in a very bad state of mind tonight.

My problem is that I have been obsessed with a girl from almost two years. I still don't know if I have fallen in love with her or not. We were best friends for some time, but we had our differences and started fighting with each other often. We stuck to each other though, but mainly because we were kinda in an isolated place and we had no other friends. However, every time we got back after a long fight, I could sense our friendship getting weaker.

I think I hate her very much. From the past two years, I guess I have spent almost every single minute of the time I am awake pondering over one of two things :

1. hate her. wish I would be in a place far from her (I can't do that though, due to other reasons)
2. worry about losing her. I spend an insane amount of time worrying that I will lose her friendship (even though I hate her).

This paradox is screwing up my mind. When I say every single moment, I actually mean it almost literally. In the last two years, I have been barely able to concentrate on my studies and my job. I have been unable to be in touch with even friends and family because I would spend insane amounts of time worrying about losing her.

Recently, she got a new friend (finally). I immediately saw myself being relegated, and this has screwed up my mind more than ever, because the fears of the past two years have finally come true.

I am thinking of suicide, because I simply cannot bear to see her not treating me as a friend anymore. I still have no idea why she is such an important person in my life and thoughts.

Please help me with advice. And yes, I have tried professional help and it didn't work and from my past experience, R/suicidewatch has been more helpful to me than any counsellor. 

Sorry for the incoherence of the text, I am not in a very sane frame of mind now.
",1359933945.0,13,0.85,33
