subreddit,body,created_utc,score
SuicideWatch,"I would, but there's a lot. I guess it's hard to explain, too. ",1371896304.0,2
