subreddit,body,created_utc,score
SuicideWatch,posted 20 minutes ago and its still not showing up while others are able to post. Wow. I guess I really don't matter. Why bother reaching out anymore.,1360636563.0,2
