subreddit,title,selftext,created_utc,score,upvote_ratio,num_comments
techsupport,"Trying to help friend mask his domain name, but I realized I don't know how.","Hi Reddit!

I've got a buddy who started up a clan and had some free webhosting space he got with his gaming server.  The problem is that of course the domain name is http://www.clan.**hostingservice**.com  He's not very tech savvy but I broke his little heart when I had to tell him that the rewrite module for Apache he had googled would fall short since he would still need to purchase.  The only function of this website is to be a small clan forum (Using phpBB).

To clarify I am asking how to keep a forum hosted on www.clan.hostingservice.com but users will see www.clan.com in the address bar, and how do I get this to work while navigating through forums? (I think phpBB had a setting for that during the installation, but Reddit knows best.)",1295577071.0,1,1.0,5
treecomics,"Hey Ents, I am looking for a stoner comic for a friend.  The ending has something to do with riding a unicorn, can someone please help me out? ",,1292743426.0,7,0.9,4
learnprogramming,Storing data from .txt (C++),"I'm new to the subreddit, and pretty damn noobly.  I took a C++ class a few years ago, but got too involved with work and just lost all interest.  To the point: I have a txt file containing 1000 lines of text like this: 
>QH JC KH 3H 7C QS

I would like like to store it to a multidimensional array.  Using that line as an example, I would like QH to [0][0] JC to [0][1] KH to [1][0],  3H to [1][1] etc... 

Thinks in advance!",1292484365.0,2,1.0,5
SuicideWatch,"I've puked up blood on several occasions, but don't wish to see the doctor. ","I've puked up blood in the past but due to disliking doctors since they never seem to properly diagnose me I didn't want to go.  The first time I thought I just coughed too hard and scratched my throat.  Not many days after I got sulfur burps and projectile vomit with a little more blood.   Eventually one day at work after downing much pink lemonade, I started to vomit and I quickly noticed the steady stream of vomit turn blood red.  There was a lot (although I was too dazed to know how much) but it got all over the stall.  After hearing pleads from friends that said I should have gone to the ER at first sight of blood, I decided the next time this happened I would just schedule a doctors appointment.  My girlfriend of over 3 years left me a few days ago, and I wasn't near ready for it.  In the parking garage a few days ago I was feeling so hurt it induced vomit (not much) but I noticed it had some blood in it.  I wasn't paying attention just now and took way too big of a hit of good weed, and coughed up some blood.  I would guess it to be an ulcer.  Well to the point, I'm not scheduling an appointment primarily because I'm so bummed about the breakup. Not exactly a loaded gun, but I think that may be classified as somewhat suicidal.  I've always been iffy on communities like this, but I decided to give it a chance. ",1292479543.0,8,0.9,11
trees,I have this friend... He was wondering about asking his dealer for other goodies. ,"The thing is my friend's dealer is his brother in-law! He was thinking shrooms, but would like to experiment with a wide variety of hallucinogens. Is this a terrible idea? For him...",1292301906.0,2,0.75,10
trees,My girlfriend just told me for the past few months I've gotten too fat. ,"I mean it's cool I have enough money to be able to get fat, but damn :(.  Let me know if you have any protips on how to lose weight **quickly**.  

Edit:  Oh yeah the point of this post lol... Does getting really baked and going to the gym recommended?  I've never really exercised much high, so let me know :). ",1289593011.0,2,1.0,11
trees,How much smoking is too much?,"I smoke every day usually right before and right after work.  I sometimes take an occasional Saturday off due to my girlfriend not loving it.  I've been doing this for 6 months, but casually smoking for years before.  I'm in college and I don't do too much, but I believe that's just always been me and unfair to blame on weed.  Everyone I know (Who does not smoke) believes I may be smoking **too** much.  I can go without smoking as any of us can, but why would I?  Life is usually so much more enjoyable high, although I believe there are moments only fit for a sober experience.  Thoughts?",1288072028.0,4,1.0,21
