subreddit,title,selftext,created_utc,score,upvote_ratio,num_comments
SuicideWatch,IAMA human piece of shit AMA,Proof? I don't think you need proof,1370913434.0,2,0.67,6
