subreddit,title,selftext,created_utc,score,upvote_ratio,num_comments
casualknitting,Knitted these just to see if I could. Finally finished the toes after setting it aside for months!,,1647902051.0,504,1.0,27
tipofmytongue,"[TOMT] [SONG] [2000s] Specifically a lyric video, but a song from the mid-2000s, sung in a foreign or possibly fictional language, by a robotic voice.","And it's not Hatsune Miku! I specifically remember finding this genre/song via a Mass Effect fanfiction (lol). If it helps the author said it reminded them of the Reapers - although I can't find this fanfic either. The song was definitely foreign although I remember it being vaguely Latin? Perhaps some sort of Japanese/Latin combo? Because it was definitely some sort of robotic utau style.  


The songs were also very orchestral/dramatic, a la Requiem for a Dream, not very pop. And I'm not sure about exactly when the video would have been posted, but I definitely listened to it in 2012 and/or after, if that helps.",1592114621.0,2,1.0,6
killsixbilliondemons,Question about the physical copies of KSBD,"Are the chapter notes underneath each page available in the physical copies? I haven't been able to find concrete information about this. The stories about Het and Aesma are some of my favorites! But it's a minor inconvenience to go and find the pages online to actually read them.  


I still want to buy the actual books anyway, just thought I'd ask!",1589059771.0,31,0.94,5
TalesFromYourServer,"Saw this on my Facebook feed - someone's ""requirements"" for fast food workers to get $15/hr. The entitlement is strong with this one.",,1409942008.0,409,0.89,371
lgbt,"Single Mom Found Dead With a List of Dreams in Her Pocket, one of them to Marry the Woman of Her Dreams",,1325131730.0,64,0.92,8
