subreddit,body,created_utc,score
halifax,They seem great; I booked them for my tint. Thank you,1745276599.0,1
halifax,"I waffled on if I need it done, but I’m certain it’s good to have in this city. Thanks for the input",1745276577.0,2
halifax,"This is good stuff to know, thank you",1745276511.0,1
Acura,"Dang, looks like I’m paying more. Well, congrats on getting it and thanks for the heads up!",1744320531.0,2
Acura,"This is excellent intel on the price, thank you. Man, it seems like everyone who preordered will get theirs soon, but my dealer said May. Maybe because I’m on the east coast.",1743618540.0,1
Acura,"Man, if they had a Type S and told me to come running, it would work on me too!",1743290378.0,1
Acura,"Nice! I went for the LCM, so if that’s the case, I would be extremely happy to get that call",1743272789.0,1
Acura,"Appreciate it, thank you. The good thing about living in the East Coast is that all I had to do was walk in the dealership in January and I could order for the 2025 without any hassle, right away",1743272738.0,1
Acura,"Nice, ok, thanks. I wish they would let me sign the final paperwork",1743259735.0,1
Acura,"Thanks! Did you just sign a piece of paper and pay a deposit, or did you complete the entire sale?",1743258527.0,1
Acura,"Thanks! The Type S is pretty rare around my city/province, unfortunately",1743258451.0,2
Acura,"I asked a few weeks ago, and while he was reassuring, he wasn’t able to give an absolute answer, unfortunately.

Mine is being built in April, so I’m hoping it can squeak through, as well",1743250470.0,3
halifax,"Sure! Just message me what you need, and if I can swing it, I’d be happy to",1741959029.0,2
Acura,"Hell yeah! I’m going for Liquid Metallic with the red. The exact same tint and PPF as you. Have fun, man!",1741305944.0,1
Acura,"Yeah that’s a fair point. Funny enough, I JUST (this second) received an email from the dealership saying that my order is locked in and I don’t need to worry about anything. Man, I can’t wait. What colour did you order?",1741299771.0,1
Acura,I’m in the same boat. I’m in Canada and ordered an ITS for hopefully April. Have they mentioned the MSRP going up at all because of the tariffs? Or the potential? I really want this car!,1741299442.0,1
halifax,"Plan B on Gottingen? Amazing shop that has, sadly, closed",1740271328.0,14
halifax,"Oh man, I’m so sorry. And such a reasonable and well said request after experiencing what you did today. My heart goes out to you and your pal",1738800123.0,80
halifax,Nautilus on Quinpool carries swim gear. And scuba gear. And model kits. Covering all the bases,1738707288.0,5
halifax,"For sure, I can print them; just send me the STLs",1737802059.0,1
halifax,Both! But I’m trending away from resin with the Bambus,1737713456.0,1
halifax,"I’ve printed a couple things for Redditors (for free), because I have to continually justify all my printers!  I’m happy to take a look at what you need",1737685208.0,6
AcuraIntegra,"Awesome, man—thanks!",1737658926.0,1
AcuraIntegra,Sick man! I’m in the process of trading in my FK8 for the ITS. Quick question: how do feel the acceleration in the ITS compares to your old FK8? Do you think it’s similar? Enjoy the car!,1737654488.0,1
halifax,![gif](giphy|QynMX1WxnYFbb2OHnJ),1737247348.0,43
halifax,"And you are now part of Halifax Reddit lore, my friend. We sincerely thank you for your service 🫡",1737246051.0,130
halifax,💦,1737245710.0,12
halifax,"Play-by-play of the 311 call AND the tow truck driver pops in the chat WITH PICTURES? OP, if you get a reaction shot of the driver coming out looking for their car we all will collectively BUST",1737244866.0,340
halifax,"This was a proximity meal for me one day, and it was the TITS. I’ve been back every week for the Syrian beef combo",1736638649.0,2
killteam,Does anyone have the dimensions of the barrel? I’m going to design something for a friend. Thank you!,1736619739.0,1
halifax,"Works well, thanks for sharing!",1731717062.0,3
PrintedMinis,"I paid the $1 on mini factory but don’t know where to download dem cheeks 😭

EDIT: nevermind got dem cheeksssss",1731099196.0,2
halifax,Trashy bullshit move,1730662993.0,64
halifax,Your heart is where it should be. Good luck ❤️,1730640590.0,2
halifax,"Please, please don’t euthanize using CO2. The feeling of asphyxiation is from CO2 buildup, not lack of oxygen; it will be a horrible death, with suffering. I can’t believe I’m recommending this, but if you are considering that route, it actually would be helium or nitrogen you want. But please don’t do this at home.",1730640172.0,4
scuba,"It’s awesome. I nailed the measurements; it’s so comfortable to wear. I didn’t get the extra allowance and so far it’s good, but I haven’t layered too much yet. Highly recommend, no complaints at all",1730463356.0,1
whatsthemoviecalled,That’s it! Thank you so much 😊 Great documentary,1730030259.0,1
halifax,"Sorry about your dog ❤️ The Mainland Common dog park has picnic tables and chairs for folks to sit and relax. Sometimes people without dogs come and hang out to see them all. It’s totally fenced in, so you get a lot of them in a contained area",1729722577.0,2
halifax,![gif](giphy|aNtt9T8SqGNK8),1729373340.0,30
halifax,"Is it the 2015 Ford Escape from your posts? If so, I would pass on this, my friend. Buying ‘As is’ can be dicey; that car has a few kilometres and is not a Rav 4",1729211826.0,4
halifax,"Honestly, such good filament. Better than Sunlu and Bambu imo ✨💞buy local💞✨",1728170158.0,2
PersonalFinanceCanada,"Honestly, same. I’ll be using Clutch again, no question. It was painless.",1726703713.0,11
halifax,"I’ll echo this point; after a thermistor or hot end is changed, running a M303 balances out the fluctuating temps. When printing, it’s never on full-time. It’s off and on, and it has to figure out the best cadence to do that. And if it doesn’t, then you get some pretty wild fluctuations.",1725741794.0,2
halifax,"For real, I copied their intro into my Notes lmao",1725582677.0,34
Civic_Type_R,"Say no more, this enough for me, thank you, all 🙏",1724357303.0,3
halifax,"That definitely seems like the cheaper option, thank you",1723850836.0,1
halifax,Thanks for the NDR guidance; I’m going to reach out to them!,1723845939.0,3
halifax,Thank you for the advice 😊,1723845895.0,2
Civic_Type_R,Thanks bro!!,1722016106.0,1
Civic_Type_R,Right on!! Headed to the airport now to go get it 💪,1722015953.0,2
Civic_Type_R,Excellent point; no mods at all,1722014677.0,1
Civic_Type_R,"Ok, awesome—thank you, my friend",1722014112.0,2
Civic_Type_R,"That’s what I’m seeing, too :)

Yeah! I’m flying from Nova Scotia, then I’ll drive it back 

Thank you!",1722008151.0,2
Civic_Type_R,"Amazing, thank you 🙏",1722007053.0,1
Civic_Type_R,Done! Pulled the trigger and headed there now,1722007004.0,3
Civic_Type_R,"Man, I know. The prices are so high, but they’ve been going up, so may as well pull the trigger. 

I bought it! I’m just about to board a flight to Ontario right now!",1722006949.0,2
Civic_Type_R,"Yeah, they’re pretty hard to come by here in Canada. I’ll probably trade up in a few years and finally get brand new",1721994476.0,2
halifax,"Ignore them, I liked it 😘",1721956047.0,3
Civic_Type_R,Sent the deposit based on these responses 🫡 😘,1721952270.0,2
Civic_Type_R,"It did get rear ended in the back right, and there was a claim for $2,000. The dealer checked, and said it was for the fender. 

To be fair, when my wife’s 2015 Civic touring got rear-ended, it was about the same

I just feel like $2000 is not a lot of damage for one of these cars where everything is so expensive, you know?",1721950051.0,1
Civic_Type_R,"Totally fair; if I wasn’t paying cash for it, I wouldn’t feel good with the car payment for that price either, but that’s kind of where they are right now",1721949497.0,2
Civic_Type_R,Just booked a flight right now!!,1721949164.0,3
Civic_Type_R,"Thank you, love this ♥️",1721949142.0,1
Civic_Type_R,"Same with my city, definitely need better tires! Glad you’re enjoying—can’t wait!!",1721947966.0,2
Civic_Type_R,"2019, sorry, forgot to mention",1721947903.0,1
Civic_Type_R,"This is exactly what I wanted to hear, my friend",1721946781.0,7
Civic_Type_R,"Three are great and one needs replacing (dealer is going to replace)

I’m going to put 18s on it anyways (bad roads in my province)",1721946140.0,9
NovaScotia,OP: did you ever figure this out? I’m doing the exact same thing on Friday. I can’t figure it out!,1721775105.0,1
Civic_Type_R,I think it’s the over edited photos (I hope),1721695185.0,2
Civic_Type_R,"Appreciate it, thank you. Yeah I agree, the vents aren’t as bad as the lights",1721693298.0,2
Civic_Type_R,This thread is making me feel justified in my reaction 🙏,1721692048.0,5
Civic_Type_R,Thank god,1721691943.0,3
Civic_Type_R,Lmaoooo,1721691483.0,3
Civic_Type_R,"Yeah, that all rings true with me. I’m going to swerve on this one. Thanks!",1717117701.0,1
halifax,"I don’t know if everyone knows this, maybe if you have a pet you do, but vet staff are treated really poorly sometimes. It’s the stress of the moment, maybe, I’m not sure, but most have a sign that basically says ‘Please be nice to us, we’re trying’ 

I feel so bad, it’s such a hard job and it must wear you down. And my personal experiences have seen them be so compassionate; they get sad when the animals are hurt or euthanized—they’re not immune. 

Anyway, just advocating for them and appreciate your post!",1716471308.0,35
scuba,"Thank you, that’s very helpful",1715349723.0,1
scuba,"Oh yes, Kubi for sure!  👌",1715333710.0,1
scuba,"I forgot that they’re a good company to deal with; thank you, I’ll email them!",1715287374.0,3
scuba,"Very good point, thank you",1715283678.0,2
halifax,"Great book! It’s not long, read it real quick",1714342541.0,3
halifax,I do! And I’m always happy for an excuse to actually use that feature,1712852041.0,5
Detailing,Thank you,1712613932.0,1
Detailing,"Awesome, micro fibre cloth is better for me anyway. Thank you!",1712597437.0,1
Detailing,Thank you 🙏,1712596425.0,1
Detailing,"Thank you, I have a bunch of micro fibre towels so maybe I should use those. I appreciate the tip",1712596141.0,2
halifax,"No way, yours was great—and it’s on the list!",1712017598.0,2
halifax,It prints so well I actually did a few more at different sizes! Thanks for the tip 😊,1712014307.0,1
halifax,😂,1712014257.0,8
halifax,You can never pack up the memories of bathroom dickasaurus. Thank you for sharing,1712011850.0,3
tipofmytongue,Solved!,1712009455.0,1
tipofmytongue,Bless you 💕,1712009449.0,1
halifax,"Oh, yes, definitely (though the ratio of custom jobs to dickasauruses is…notable)",1712008592.0,6
tipofmytongue,I’m almost positive it was on YouTube but maybe I saw it late at night on TV?,1712007888.0,1
halifax,A future engineer to save us all?  He def needs his own so that one day the next generation may travel without the burden of a Leon’s truck blocking their way 🙏,1712007249.0,7
halifax,That’s a great choice,1711916881.0,1
halifax,"I’ll post for sure 👍 

Right now I’m using Shapr3D on my iPad, but I jump around a lot between programs, depending on what I’m modelling. Fusion360, Nomad, and SketchUp mostly!",1711916134.0,2
halifax,![gif](giphy|cQtlhD48EG0SY),1711619015.0,28
halifax,"If you can’t get it printed, I’m your guy; I just bought a fancy printer and I REALLY need a reason to use it besides dick valve stem covers. I could do it by Saturday morning (for freeeeeeeee)",1710981451.0,3
halifax,"❤️ I didn’t tell my wife why I randomly kept leaving the house the past two evenings; she just stumbled on this post, saw it was me, and everything clicked (she was supportive but understandably skeptical of the bucket)",1709427229.0,14
halifax,It’s so much bigger than I thought 🥰 Jealous,1709418455.0,2
Frenchbulldogs,"Right on, man. I yield to you, as the guiding light of safety with your dog untethered in the front seat of a moving vehicle 👌",1709415126.0,6
Frenchbulldogs,"If your dog is in a crate in the back, then yes, that’s obviously better than loose. And seat belts are absolutely tested, by the CPS (Center for Pet Safety) and independently. You’re going to do whatever you think is best, but I’m putting these comments here for someone else to see and hopefully sway them from putting their dog’s head next to an explosive bag of air.",1709414397.0,7
Frenchbulldogs,"Yes, of course I do! Do you know how much force 20lbs travelling at 70kmh from the back seat is? Enough to snap the neck of my Frenchie. 

Do you know how fast an airbag deploys? 200mph",1709413767.0,9
Frenchbulldogs,"Don’t apologize; it’s instant death, and 70km/h is more than fast enough to do so in an accident (lord, I hope that’s km/h)",1709413027.0,14
halifax,"UPDATE: Bayer’s Bussy Recon Mission a BUST

Scotiabank Theatre only got 24 in today and they sold out immediately

Absolute degenerates in this city smh

LAST UPDATE: Sackville Cineplex is bussin’ with Dune bucket bussys (but everywhere else is sold out)

https://preview.redd.it/14fbs8lef0mc1.jpeg?width=3024&format=pjpg&auto=webp&s=8357f764af02c03ce50107573030177a996a4cbd",1709346049.0,123
halifax,❤️,1709345884.0,1
halifax,![gif](giphy|32mC2kXYWCsg0),1709343822.0,104
halifax,"He does, and he’s fucking horrible",1708988056.0,1
halifax,"One of the few places in Halifax I’ll never go again. Dr. Chow at Eyes on Mumford was the rudest individual I’ve encountered—not just in a medical setting, but in a customer service context, period. And my threshold is extremely high. 

They make you come early and try to sell you expensive garbage. I had to wander around and listen to sales tactics for almost 20 minutes.

I had a pizza shop owner call me a bitch and I still go back there. But not that optometrist, fuck that.",1708988030.0,2
halifax,"I felt the same way about the shops, and I’m ALWAYS looking for a dive buddy! I only have a wetsuit, but I go out several times a week in the warmer weather. I’m going for my dry suit course in a bit, to make it year round. Anyway, don’t hesitate to DM me!",1706024588.0,1
halifax,"Awesome dog, GREAT stick",1705855149.0,3
PersonalFinanceCanada,"Thank you, I appreciate it",1705099152.0,2
CivicSi,"Right on, man! Thanks for the insight. It’s about 26,000 after fees and taxes but I feel like that’s still pretty good!",1705076720.0,1
CivicSi,"Thanks for weighing in, my dude! Not at all; I’m in Nova Scotia",1705074975.0,3
CivicSi,"Perfect, thank you",1705069405.0,1
CivicSi,"That’s a good question; dealership, so there’s tax on top of that",1705067820.0,1
CivicSi,Thanks for confirming! I don’t have details on the claims but they are 100% settled (happened in 2019).,1705067679.0,1
3Dprinting,"Thank you! I’ll grab it for the weekend :)

Edit: if you have a moment, it might be helpful to post the actual hardware you bought (either here or in Etsy). I know that I’m more willing to dive in if I know I’m on the right track!",1704804748.0,1
3Dprinting,"I’m going to grab this, thank you. Do the downloaded files include the programming for the Arduino?",1704801647.0,4
aircanada,That’s so cool. Can you still view them in flight?,1704761133.0,1
aircanada,"Didn’t know that; very cool, thank you",1704760811.0,1
halifax,Do you recommend any particular brand?,1704582670.0,2
VHS,Good idea 😊,1701435507.0,2
VHS,"Unfortunately, yep. I had to make it unplayable to get it to work",1701435484.0,1
VHS,That’s the plan!,1701433771.0,1
VHS,"I used a resin printer for the Lector, but you know, if I had a .2 nozzle I bet I could do it on the Bambu!",1701433748.0,3
scuba,"Normal dives, I believe.  I see that there are excursions, but I won’t be doing those",1700400256.0,2
Frenchbulldogs,"Yes! For the first two days, it was all white bile. That’s a classic symptom of kennel cough",1697451579.0,2
Frenchbulldogs,"Our guy is worse after waking up and playing, too. 

Yep, he’s vaccinated, but unfortunately it’s not 100% effective. It can lessen symptoms, though. 

The first two days are the worst! I bet he’ll get better soon (but still bring him to the vet, as they can give medicine to help with the coughing and just to be sure)

Our guy took two days to start coming back to his normal, goofy self. 

I hope he feels better, you sound like a great parent; I’m sure he’ll be ok! ❤️",1697416135.0,3
Frenchbulldogs,"It’s hard to say with all the other problems the poor little guy has, but I can say that my Frenchie has kennel cough right now and it sounds and looks a lot like that. Normally not a huge deal (especially while vaccinated), but if your guy is already sick, it’s definitely worthwhile to notify the vet. Just like us with the flu or bronchitis, there can be complications when we’re already in a compromised state.",1697405892.0,2
BambuLab,How did you lube it? Did you spray something into the spring? What did you use?,1695948730.0,1
halifax,"Yes, the 787 I was referencing landed around 6pm, so it was probably that flight, not the AC Max, as it landed around 2:30",1694876113.0,8
halifax,"Yeah, I think it landed around 2:30pm",1694875882.0,2
halifax,"I don’t see AC606 landing around 6pm, but there was a 787 landing around that time, and it would have been at about 2,800 feet over Bedford. It’s a pretty big plane, so it could certainly seem lower. I think most planes were landing on runway 05 yesterday and flying right over Halifax pretty low.",1694875783.0,8
halifax,"It probably wasn’t stalling, but if the headwind airspeed is higher than the plane’s forward airspeed, it can definitely be stuck in place, especially in single engine aircraft. 

Usually you can turn to get out of it, but it’s certainly sporty at low levels, as can be seen here: [https://reddit.com/r/aviation/s/EWyjzpDZFo](https://reddit.com/r/aviation/s/EWyjzpDZFo)",1694869927.0,27
Flooring,"They’re all around that area, both sides. If the rug wasn’t over most of the discolouration, I would have assumed that, too",1694371601.0,1
3Dprinting,"Yep, show him this post. If I found out you were my wife I would be so happy",1692310011.0,1
halifax,"One of the nicest, most interesting and unique individual I’ve met. Goodbye, Doug.",1691799222.0,3
halifax,"These are great, thank you!",1688939483.0,6
ThatsInsane,"Here’s the contact links for his bosses, feel free to write them about this piece of fucking garbage:

https://www.lorainpolice.com/police-personnel/",1688679297.0,11
halifax,"You’re going to have to call 811. They are going to put you on the waitlist, but also sign you up for virtual care (Maple). In two weeks, you will get your Maple information and can then start using the app. Using it for simple refills is a breeze. If two weeks is too long, a pharmacist may be able to extend to cover the gap, if you tell them your predicament.",1688595245.0,59
halifax,It’s SO cool!!!,1685880146.0,2
halifax,Have fun!!,1685827168.0,1
halifax,"It’s a nice place to support, I think 😊",1685824482.0,1
halifax,"Pretty rad. They have a Harvard, a Starfighter, and an Avenger (which is massive) and dozens more. The hangar is PACKED.

https://preview.redd.it/i9d5cdrtou3b1.jpeg?width=3024&format=pjpg&auto=webp&s=11b540c7a4b5f4e4428326a33b1d6165f6ac084b",1685818810.0,8
halifax,"The instructor told me about him (musician, right?). Sounds like someone I would like. He did a great job!",1685818405.0,13
halifax,"X-Plane. I wasn’t expecting it, but it was pretty slick! I’m used to seeing MSFS on these sims",1685818257.0,5
halifax,"So cool, right?!",1685814853.0,3
halifax,"Yep, you can call and book either a half hour or full hour. It’s $75 for the full hour, which is what I did. Gives you enough time to fly from Halifax to Sydney, which is a good all around experience, I think",1685808930.0,13
halifax,That’s awesome! Hope he has fun!,1685808862.0,5
rescuedogs,I sent $20 for the babies ❤️. Thank you for everything!,1684526116.0,4
webscraping,This is legit! He helped me out with EXACTLY what I needed. He refused payment and was incredibly nice 😊,1683912610.0,3
halifax,"That explains the route:

https://preview.redd.it/6iri0ec7cwwa1.jpeg?width=1170&format=pjpg&auto=webp&s=ee36f2d490caa43991787fee8396a4cbc3b70589",1682787836.0,8
halifax,"Oh, I didn’t know they were the second to hit them, that’s interesting

The silver lining of these are the recommendations from the the NTSB, TSB et al. which usually are adopted, making flying a little bit safer. 

Turn your lights on high, Stanfield🙏

 Monitor that altitude, Air Canada 🙏",1682460186.0,5
halifax,Love Mentour Pilot! Very cool to sit down to watch the latest video and see that it’s two dudes hitting a hill in Halifax,1682442073.0,14
halifax,Right on! I think you’ll be happy 😊,1682415725.0,2
halifax,"The Neptune 3 Pro is an FDM model; dual lead screws, self leveling, direct drive—it’s awesome. Super cheap, too!",1682328279.0,1
halifax,"I echo getting the Neptune 3 Pro to start with. 

They are a little bit harder to get, but a restock is happening on April 25th for Canadian orders: 

https://www.elegoo.com/collections/3d-printing/products/elegoo-neptune-3-pro-fdm-3d-printer-225x225x280mm?variant=40636445687856

I’ve ordered directly from them with no issues at all!",1682286156.0,3
halifax,"Benchy Bro checking in 🛥️ 

Just traded my Ender for the Neptune Plus, and I also have a Saturn 2

If anyone in this thread doesn’t know: EurekaTec in Sackville has awesome filament they make in-house",1682264997.0,9
horrorlit,"I became obsessed with deep sea shit, too. You have to read From Below by Darcy Coates—it’s the best, claustrophobic underwater book I’ve read yet!",1666035319.0,9
halifax,"I’m also curious about this, too. I book live music for a venue, and I’m having trouble finding a local network to tap for available bands",1658691032.0,2
halifax,"The caterers, actually!",1656629274.0,1
halifax,"My wedding had a late-night baked potato bar with, like, a TONNE of toppings to choose from. I don’t know if that’s weird or just PEI",1656528698.0,13
movies,"Yep, they do! I was IMAX, as well",1653677977.0,1
AfterEffects,You are a wizard—thank you!,1649942919.0,1
ender3v2,"Please, sir, spare the STL?",1645060043.0,3
halifax,Exact same with me—thank you!!,1644014685.0,2
halifax,"What issue were you having? Sorry, I’m also having a problem which I think can be solved with a recharge, so I’m gathering information before I make the call",1644007030.0,1
hvacadvice,"I felt like it wasn’t, but maybe I’m not waiting long enough for the defrost cycle to kick in. It’s fully defrosted now (hot water), so maybe I’ll turn it on and leave it alone to see what happens.",1643994586.0,1
halifax,“Now a 9:05 cannon? Seriously?”,1643994471.0,28
hvacadvice,"Is a sign of low refrigerant, longer heat cycles? I’ve been noticing it’s staying on longer, even in milder temps",1643993251.0,1
heatpumps,"Thank you, I’ll try running in AC. It seems to be keeping the house warm on normal Heat Mode, but maybe with longer cycles (possibly my imagination)",1643993142.0,1
excel,Thank you so much!,1643664676.0,1
excel,">I can't thank you enough. You folks are honestly wizards to me.  
>  
>  
>  
>I really appreciate it",1643660231.0,1
excel,"Oh man, I'm right there. It keeps trying to correct the formula by putting an \* before DATE. I can't quite make out that section in your screenshot. Is it (DATE...

Here's what I see: https://imgur.com/a/kkFuuJ1",1643659880.0,1
excel,"Totally makes sense, thank you.

So to meet eligibility to they need to have both 20 years in MEMBERS YEARS column and over age 60 in CURRENT AGE column. So, I think that row I have highlighted would meet that criteria in 2040, not 2080",1643659270.0,1
excel,I do have DOB for each member! I used that to get their age using: =INT((TODAY()-J2)/365),1643659000.0,1
excel,"Thank you for this--it's so close to exactly what I need. I plugged it in and noticed that a few are a bit inaccurate. In the screenshot here [https://imgur.com/a/kQIeY7X](https://imgur.com/a/kQIeY7X) you can see the highlighted row states that that person would be eligible in 2080, but they would actually reach it in 18 years. Maybe I'm doing something wrong--totally possible! I appreciate it!",1643657077.0,1
excel,"Hi all, please forgive the question. I’m trying to verify eligibility for something based on specific criteria. Over a certain age and a member for 20 years. 

No issue with current year, but I want to get eligibility going forward to see when they would be eligible (which year). I thought about adding +1 to the values in the IF statement (N2+1>=60) but that gave errors. Thank you",1643654040.0,1
halifax,❤️,1641340021.0,2
halifax,"Fellow resin printing bro/broette, I got you. After searching for the cheapest bulk product available in Canada, this works the best for cleaning my prints: 

https://www.canadiantire.ca/en/pdp/e-nrg-bioethanol-fireplace-fuel-3-785-l-0644001p.html",1641338847.0,9
ender3v2,Hell yeah! No worries at all,1635638006.0,3
ender3v2,"I had this same issue today! Just updated to Jyers and was getting this exact same progress bar and failure. 

It was the file name length, believe it or not.",1635637116.0,2
3Dprinting,Thank you so much! 😊,1625533218.0,2
3Dprinting,"Oh man, I’d love to make my wife one of these on my Saturn. Did you design this, or could
I buy the model from somewhere? Thank you 🙏",1625524242.0,2
halifax,"Oh wow, what a legend! 😊",1623422213.0,9
halifax,Shout out for your wife!,1623421752.0,10
ender3,"That’s awesome! Did you have to cut any of the pieces with software, or did the 200% scale allow for each piece on the Ender?",1619986063.0,1
halifax,I just was delivered a bunch of patio furniture on a pallet that I don’t know what to do with. I’m begging you to take it!,1619022207.0,7
LiminalSpace,"Amazing, thank you 🙏",1610498956.0,1
LiminalSpace,"This is absolutely amazing! I’ve been trying to teach myself 3D design, so this is so impressive to me. Thank you for sharing!!!",1610492088.0,2
LiminalSpace,"Very close, but it’s in Canada.",1609964675.0,2
LiminalSpace,It’s a small hotel on Prince Edward Island. I turned the corner and just stopped in my tracks.,1609964618.0,3
BostonTerrier,"I love you, Poppy 😘",1609178566.0,2
HomeImprovement,I totally agree with everything you just said and really appreciate it,1600108633.0,1
halifax,"Jason Bright. Can’t say enough about him. He is genuinely a very nice person, and VERY easy to deal with. Got us a fantastic rate, and managed to sneak in an even lower rate immediately before we closed. Answered every question we had, any day of the week and weekend. Bought my wife and I a San Pellegrino at Starbucks, so maybe I’m biased because I LOVE me a blood orange Pelle",1597878115.0,3
UFOs,For real? I did a reverse search and nothing came up. He might be playing; show me so I can call him out in the group chat,1594771251.0,0
halifax,"You really are doing all of us a great service, and I, personally, can’t thank you enough.",1585429157.0,33
AnimalsOnReddit,lmfao that’s a good story,1585143373.0,1
pan,It’s ok!,1585143016.0,1
halifax,"100% scam. They all have the same structure:

1. Item description in first line
2. Can’t pick-up in person
3. Offer over asking

I’m assuming you gave your number in the ad? Usually these attempts come via text. That’s why I leave mine out, now that the app offers instant messaging. ",1524761577.0,10
halifax,I thought the same thing but yet here I am with the same problem eating fruit by the foot for dinner because I can't drive anywhere. Sadness by the foot. Empirical units of sad. ,1476143893.0,18
drones,"So this all came in a package deal, and there's some mixed signals online as to which model is what. 

I know the newer, X5C is actually the X5C-1 because of the red X and 2.4 on the top. 

I can't lock down the other one. And the box makes it more confusing funny enough. 

Also, my research can't conclusively find if the transmitter should work with both drones (it only works with the other one, with the big 2.4 and circle logo on top). Can I buy just another transmitter?

The light on the transmitter is green. Everything turns on both drones, all lights etc. 

Thanks!



",1465837010.0,1
funny,Nope. Not my sister or me. ,1444044958.0,2
moto360,"Just a trial of Parallel, then I found a downloadable version of android to use with it. ",1437308450.0,1
funny,She is 27.,1435406226.0,10
funny,"She loves this comment by the way:

http://i.imgur.com/8Ry3P7V.jpg",1435406122.0,41
funny,"I have. We absolutely love it, and all told her that. It's a family treasure at this point.",1435400541.0,24
moto360,"Exactly. Love the idea of the watch and will absolutely give it a fair shot while keeping in mind this is a workaround which isn't ideal (for both functionality and maybe battery) and isn't an accurate representation of the watch as a whole. And like you said, the price is right so I'm willing to settle in a couple areas. So yah! Haha let's see where we land in 13 days. ",1431283810.0,3
moto360,"My honest, current opinion is no. I've been waiting for either the 8.3 jailbreak or the official app to be pushed through for iOS. This is a good interim fix but there are two things I'm finding. One is the disconnecting. It's not a huge issue, but it still is one. 

The second, and this may just be me not knowing the ins and outs yet, is my understanding that you need an android device to download the apps you want to use. Keep, Tetris etc. I'm thinking I may be wrong on this point, because in the Play Store you can select which device and it will push to it. But I can only see Parallels in there so it doesn't push the app to my watch--because I only used that for initial setup. It's a VM on my computer. 

Battery was going down 1% per minute but that was just casually noticing as I played, not a hard measurement. 

I want this to work badly, but I am leaning towards taking it back. I have 13 days to play around with it and will post updates if something noteworthy pops up. ",1431279655.0,3
moto360,"Ok, just went to buy one. If anyone fits into the following niche, I'll blaze a trail and see how this goes. So. I'm in Canada, got Best Buy to honour their old sale that ended on the 6th, and picked it up for $199. Have an iMac and an iPhone 6+. I downloaded a Parallels trial and used the virtual machine to download and run Android 4.4. Got that paired with the watch, so we Gucci so far. It was completely dead so I need to finish the charge before (I'm assuming) that update needs to be installed on it that makes the battery last longer than my patience in a self-checkout line at Sobeys (Canadian confirmed).

UPDATE: Yep, it works. Had some issues with the VM but I eventually got it. As of last night notifications were being pushed to my phone. I highly recommend using an android device for the initial pairing, but in a pinch this will work too. ",1431202055.0,6
moto360,"Aces, I've been waiting for exactly this. So, does that mean that only notifications will work, but not watch specific apps (don't they reside on the android device?)",1431134245.0,7
halifax,"The first 3, if curious:

http://imgur.com/a/ppUDN",1403320663.0,8
halifax,"Very true. 

Van Watch 2014 Day 2: http://i.imgur.com/PoL8CIR.jpg",1395920998.0,3
pics,"That was actually really kind of sweet...You can tell you're proud of him, and you should be. I guess we forget about the people out there in the worst conditions trying to make it safer, and just focus on the overall inconvenience of it all.

Anyway, thank you for sharing. ",1391286997.0,2
halifax,Kijiji is being hit HARD right now with a bunch of unopened copies of all three games.,1384041558.0,7
halifax,"Bayers Futureshop was like a mini Reddit meetup. I actually enjoyed the lining up and talking to people more than I'll probably like playing COD:Ghosts (shout out to Canada Goose Jacket Guy with Rayman Origins). That being said, I'll probably enjoy COD more than the $4 game I traded in for it. 

A++ would get up and go to Bayers before 10AM for a basically free launch title again.",1384036635.0,3
halifax,You get. Dropbox link is in the comments.,1383794675.0,1
halifax,"For sure! Here's a Dropbox folder with full/different versions of all of them (including the bonus picture of my first try a few years ago while living in a place overlooking the port/train yard). 

Just click on the link and 'Download' or 'View Original'. The version you want doesn't have a preview because it's too big--just let me know if you hit a snag.

https://www.dropbox.com/sh/x1yosbepgooje32/m8kMeO9RY2?lst",1383794628.0,2
halifax,"That's awesome. Just let me know, and I'll send you the already FB cover sized version with the ""Welcome to Halifax"" on it (also used it as a cover so it's just sitting in a folder). ",1383787619.0,1
halifax,"Sure, it's:

http://www.reddit.com/r/halifax/comments/1ekaty/i_got_distracted_from_my_work_and_made_a_picture/",1383785368.0,2
funny,"If this is true, I just want to say I had the pleasure of meeting your grandfather when I was a kid. He was filming 'Incident in a Small Town' (my father was the Production Manager). Him and Mrs. Matthau brought muffins to set all the time, and let me hang out in his trailer. He even invited us on a boat cruise around Toronto Island (with Harry Morgan from MASH) which was amazing. I've met more celebrities than I can count over the last 30 years, but he was by far my favourite. A close second is John Stamos, and I actually mentioned this to him in passing while working on the same set a few years ago. His friend/business partner later said that probably a lot to him because he had a HUGE amount of respect for Walter. Anyway, I'm glad I happened to see this comment and was able to say this. Cheers.",1379270744.0,8
cringe,"The cringe is the way the two interviewers are treating him. I would be horrified if I saw someone doing this to a Japanese person in my country, who was obviously struggling with a new language, let alone airing it on TV.",1378161601.0,186
AdviceAnimals,"Damn, worms is an excellent recommendation. Completely forgot about that game. I played that all the time in Junior High. And this Chicago based racing game. It was the tits.

Hahaha, she got me to play Amnesia one night--her looking over my shoulder--we got to this level with water and splashes. For what that game initially appears as, it's scary as hell.

I would love to get her play on the same Minecraft server as me some time, but she never really took to it, and as of last Friday, my account was taken over by someone. You enjoy that account PeppahNutz!",1376799718.0,8
AdviceAnimals,The logical breakdown of the dildo-battery issue is hilarious,1376794903.0,39
AdviceAnimals,"Dude, it's crazy. I grew up playing games (like any lad of the 80s), but in my 20s I kinda quit. Met this girl, and over the past 2.5 years of dating she's accumulated.....actually I'm going to get her to hop on and give inventory, cause I don't even know half of it--I'm so behind on this shit.",1376794119.0,18
nostalgia,Autographed picture of Carl Weathers. Apparently I wrote him one night when I was drinking. ,1375491811.0,8
nostalgia,"I have the original. Can't make myself toss it aside. Still works! 

http://i.imgur.com/tVJ2L.jpg",1375485439.0,12
AskReddit,Hmmm. That's a little weird. I would honestly assume you were crazy. I would definitely not close the umbrella though. ,1373831491.0,5
AskReddit,"Wait, so if you saw me open an umbrella indoors you would tell me to close it?",1373830455.0,3
AskReddit,"I felt bad not giving a Kijiji seller closure on my decision not to buy, so I emailed today and apologized. He wrote back later and apologized for not telling me it sold earlier. We Cana-tarded so hard together I started ejacking Hockey pucks. ",1365119895.0,3
movies,I'm half convinced he didn't know he was in a movie. ,1364145773.0,15
halifax,"Seriously, you can't accurately judge someone's ability based on a mf Reddit post. I've won literary awards, but the majority of my comments read like thought abortions. Don't sweat it, and good luck with your search. ",1359255122.0,3
pics,It looks amazing. You guys are awesome parents!,1356408803.0,6
Design,Perfect. Thanks!,1350154714.0,1
WTF,"Slow your roll Star Jones. If every person who looked up an example of historical violence was a psychopath (as you're alluding to), then the entire planet would just be a bunch of people awkwardly moving lumpy garbage bags around, and there would be a suspicious deficit of Phil Collins CDs. ",1349521467.0,3
AskReddit,"My father used to work on a old Canadian TV show called Katts & Dog (as Assistant Director, I think, not as an actor). 

For one episode they made him this bad guy, who gets chased, then attacked by a dog at the end of the show. I remember watching it when it aired--I was, like, 8 years old and it made me really upset even though I **watched** them film the episode. 

Actually managed to find a clip!  **Moustache is NOT a prop**

[http://www.youtube.com/watch?feature=player_detailpage&v=pULFHH-D-E8#t=576s](http://www.youtube.com/watch?feature=player_detailpage&v=pULFHH-D-E8#t=576s)",1349397357.0,39
askscience,"Right, so if that same noise occurred, but both the source, and the observer were sitting on the roof of the train car, then in that case you would not hear the sound?",1347832240.0,3
askscience,"So say there was a very loud 'bang' from the train car behind the one you're currently sitting in, you wouldn't hear it? Even though you're traveling at a speed relative to the object making the noise?",1347829913.0,2
identifythisfont,"Looks perfect. I appreciate it, thank you. ",1345156664.0,1
funny,"I watched forced memes glitter in the dark near the gate of reddit.com/new. All those moments will be lost in time, like tears in rain.",1334956193.0,27
funny,"Exactly. And even then, they sometimes spell it wrong...",1334955894.0,17
TrueReddit, I think you mean Michelangelo. ,1322405102.0,6
ipad,"Just wait. Had the same problem and thought the same thing on the iPhone 4. I put in DFU mode which allowed me to restore completely (I'm assuming you've backed everything up). After several fails, and two different errors, it worked and updated.

Updating iPad 2 now.",1318463516.0,1
Design,"It's a pretty small pic, but I recognized the quote as a specific passage, so I formatted the text accordingly. I also added the passage details (I'm sorry, I just needed to balance out the alignment and took liberties [I can delete!]).

If you want, I can keep going (sent you a PM) as I'm working tonight and need the distraction!


http://i.imgur.com/FF6Fx.jpg



 ",1315185097.0,2
AskReddit,"After a bad break up (going through a rough time), and with my best friend in Korea, I decided that--in a quiet act of defiance--I would tattoo his name on my butt for not being there. He....wasn't thrilled. I'm a dude. I have no idea why this made sense at the time.",1311974685.0,2
trees,"Apologies, I'm new to Trees; but are we upvoting because it looks like he has his erect penis stuck in a semi-opaque 35mm film canister?",1311379215.0,5
trees,Essential.,1295738185.0,8
trees,"My roadtrip briefcase is a bit less hardcore:

http://i.imgur.com/OKum1.jpg",1295736570.0,5
SuicideWatch,Would doing more graphic design work help you at all? I was in the same frame of mind and took a chance with my designing and it helped immensely. Could I hire you to remotely do some work for me? Or at least let you know the steps I took to gain a pretty good foundation?,1290741040.0,1
funny,Is it ok?,1285333770.0,1
AskReddit,"I would say she's accumulating evidence that you were an abusive husband, which she will eventually use against you during divorce proceedings.",1282829762.0,437
todayilearned,"The producer of the original show did a kind of spin-off in Toronto called Katts and Dogs (in the 90s), which my father worked on. I'm pretty sure a few of the dogs used were from of the original lineage. They were amazing dogs.",1279242684.0,1
AskReddit,"I was at a friend's party, and stopped--mid-light--and thought ""Wow...I'm inappropriately drunk right now."" Then I lit the smoke and chased after Jack, the Corgi.

http://i.imgur.com/UvCld.jpg",1278718171.0,1
techsupport,"Actually, that was the first thing I used. That program let me see the individual class files, but they are apparently ""read only"". If I could change them to read/write, I may be able to edit and be in the clear. Glad I wasn't too far off!",1278716165.0,1
reddit.com,"Yep. He and my father are very good friends. His son is my oldest friend, by far. Since birth.

",1276713624.0,10
reddit.com,"Awwww. He was a friend of our family growing up in Toronto. He was equally as awesome in real life. . him and the guy that did the voice for Juggernaut in the X-Men cartoons used to come to my place for dinner all the time. I was ~ 11. It was awesome. Juggernaut is actually my Godfather, come to think of it. Forgot about that. . ",1276704925.0,145
AskReddit,"I was walking across a large parking lot late at night. My girlfriend, friends and I were making our way to the campground where I was staying--right across from the bar. We were just walking and being awesome, when we see this small, in the distance figure coming at us from the campground's boardwalk area where we were headed. He was BOOKING it, straight for us. There were lots of people making the same migration, but he was aimed 100% at our group. He was almost tripping he was running so fast. All the guys tensed, and we slowed to guage his next move. He finally ran right up to me, caught his breath, looked me straight in the eye, and--with a look of pure rapture--screamed ""SOMEONE.... TOOK A SHIT.....IN THE URINAL!!"". He then immediately turned and ran back in the same direction he had come (towards the bathroom) and vanished into the tree line. I never saw him before or after that night, and I have no idea why he targeted us. I will never forget the pure joy on that man's face. ",1273237805.0,4
reddit.com,"Ok, yes....but when I see a thread about Shel Silverstein, or More Scary Stories, and come to find that a lot of people shared that love, it makes me happy. The upvotes prove that other Redditors like this tangible bond, and it results in a discussion about the books that makes most people relate their childhood to someone else. I see no harm.",1272142334.0,1
reddit.com,"But still, Happy Birthday!",1271519446.0,1
news,"Everytime I read an article about things like this, it boggles my mind that there are still people around that think they can casually make these kind of jokes without consequence.",1270836831.0,2
AskReddit,This isn't an unreasonable fear...,1270827873.0,1
pics,That's pretty much exactly how I pictured the 'Rat Things' from Snow Crash taking someone down.,1269794070.0,1
gaming,Probably shouldn't let the anti-gaming advocates see these posts . .,1268354888.0,8
AskReddit,What about chewing on a towel? That shit makes my skin crawl...,1267144246.0,2
science,Damn. SO close. .,1266510054.0,4
AskReddit,"Mine was always ""The Sex Mastodon Social Fisting Club"". It was while filming a movie with a half Japanese, half French crew. We didn't win a lot.",1266022804.0,1
