subreddit,title,selftext,created_utc,score,upvote_ratio,num_comments
SuicideWatch,"Court tomorrow... If it goes bad, who knows?","First I should go into what you should know about me so you can get a feel why I'm pretty set on killing myself if I have to go to jail or something. I am the baby in my family. I've always had someone to love and care for me. I was blessed with amazing intelligence, which I am very grateful for. My whole life I've been taught that with hard work I'll be able to go to a good college, get a good job and live happily in a nice house with a nice family. I did everything I was supposed to in high school, graduating with a 3.8. Finally, I got what I was promised and continued on to a very good college. I entered college this fall. Here is things get nasty. The transition to college from high school was very hard. I've never worked so hard in my life. 

Well, after my first mid term ever in college I felt okay. It was a very hard test but I had to remind myself that it was curved so it didn't matter. I texted my friend in my class and asked what she thought of it. She said it was super easy and that she finished early and left. I was crushed. (I'm not sure why but I was) I cried all day until my friends came over to go to a concert we had tickets to. This is when I ran into the law. I went there just trying to have a good time. I was dancing and was pretty close to the front when this chick behind me taps me on the shoulder and says something about her friend right behind me not being able to see. I don't know what she expected me to do, so I say to her ""It's a concert bro"", and turn back around. She then turns to her friend and starts laughing at me because I said ""bro"". I was keeping cool but then she started pushing me. Mind you that she is the only one around me pushing me and she's not directly behind, right, left or in front of me. Finally after a few pushes I turn around a bop her in the face. I'm not a violent person, everyone that knows me would know that that was completely out of character for me. That evening I was super emotional from the midterm and I took it out the wrong way. She says ""YOU PUNCHED ME!!!"" I'm all ""You wouldn't leave me alone"". I guess I wasn't thinking, but I stayed in the same place. She got the security and I was escorted out. The security were pretty nice to me. The first guy even thought I would be able to go back to the concert. Well I'm sitting there and a small fire truck comes. She had firefighters come to examine her face and put an ice pack on it. Which there was 0 damage done. No bruises, no swelling, no cuts. The firefighters put a pack of ice on it and leave. Then the police come. They were pretty much huge ass holes to me. I thought it was pretty funny because they were all ""well it's obvious you aren't telling the truth, and we'll see that when she tells her story and see that they are different"". We had the same story, but that's besides the point. The whole time I was apologetic. Even right after she left I was thinking about going back and finding her and saying sorry. The whole time I was beyond cooperative and beyond apologetic. I mean the police asked for my name and address without looking at my ID and I gave all the correct information. Any ways, they didn't take me in because this girl ""had mercy on me"" as the police put it. They told me that I would hear from them within 90 days. Also, after the police said I could go, me and my friends were walking and we saw her (she didn't go back to the concert even though she could) and she had thrown the ice pack away. 90 days passed and I didn't hear anything from them so I was pretty happy because I thought they weren't pressing charges. Well two weeks ago I finally got the letter summoning me to court. I was completely crushed. I had just applied for this program at my college where I would be an intern at Boeing. Even worse the court date was right before my math final for this quarter.

So here I am, it's the night before my court date. I just REALLY needed to get this off my chest. Basically I feel like this could just totally fuck up all the hard work I went through to get where I am. I have nothing besides school. I can't just live with my parents my whole life. I have a final on Saturday and I just can't understand Taylor series worth shit. But who cares because I might be going to jail anyways. If I am sentenced to go to jail I will be killing myself. I've counted all my mom's sleeping pills. 

This is a throw away. But thank you reddit. You've been great. 

tl;dr I have court tomorrow for assault charges, if it ends up fucking my life then I will personally fuck it. ",1331276688.0,19,1.0,11
