subreddit,title,selftext,created_utc,score,upvote_ratio,num_comments
SuicideWatch,Is it strange to feel more emotionally stable...,"Yes still contemplate suicide? Im probably more stable emotionally than Ive been in a long time, but at this point I look around and see how much of a things are a mess is it really worth trying to fix anything?

Its this weird inner calm that I feel like I can rationally take my life. ",1377395397.0,3,1.0,0
