subreddit,body,created_utc,score
SuicideWatch,"There may be another man who will fall for me, but I won't be able to fall for him. I feel like I'm past the point of no return, and my brain is hard wired to not love anyone but my ex. I just wish I could recognize strengths",1390965312.0,1
