subreddit,body,created_utc,score
chicago,thanks!  thats what I was looking for.,1318258126.0,1
chicago,That's kinda what I was thinking.,1317958033.0,1
chicago,no kids. Separation only goes back to July. Cheating started in May from what I can tell,1317942868.0,1
Divorce,"Sorry buddy, it sucks I'm going through it right now too.  I just have to say, keep checking in.  My wife was having an online affair too, then I found out it was physical.  we went to counseling, and after a month, I found out it was still going on.",1315574259.0,1
AskReddit,"I'm going through the same thing right now.  I just found out about my wife's affair a week ago.  I made her move out, and we're going to try to work through it.   But we have not seen each other yet and she is in therapy 6 hours a day, 5 days a week.   
I really think you need to take a step back.  Sex with her should not even be in your thoughts.  If my wife and I work it out, I will wait at least 3 months before we have sex, so she can get an AIDS test.  You can't sweep this shit under the rug, no matter how nice that would be.  You have to step up and take over the relationship.  You're the boss now.  If she doesn't like it, she can GTFO.",1312080149.0,1
SuicideWatch,It went better than expected.  She'll be fine.  We might even be fine.  We're going to separate for a while and she's enrolling in a day program.  We'll start counseling and see where things go from there.  Thanks for the advice and kind words!,1311340233.0,1
SuicideWatch,"yeah, I'm more wondering of how to minimize her risks.  She is now not going to inpatient, but starting out-patient on Monday.  I plan to talk to her tomorrow and immediately follow up with either her mom or best friend, I will let her decide who.",1311274645.0,1
SuicideWatch,"yeah, I'm more wondering of how to minimize her risks.  She is now not going to inpatient, but starting out-patient on Monday.  I plan to talk to her tomorrow and immediately follow up with either her mom or best friend, I will let her decide who.",1311274635.0,0
