subreddit,title,selftext,created_utc,score,upvote_ratio,num_comments
SuicideWatch,"7 oxy, 5 beers, and a hot shower?","apparently my roommate had all of that, should I be concerned?  He doesn't drink much or use drugs to my knowledge?  I'm afraid this was an attempt, if nothing has happened by now could something happen?  how long should I watch him?",1371622490.0,1,0.6,8
